emp_no,first_name,last_name,title,from_date,to_date
10014,Berni,Genin,Engineer,1993-12-29,9999-01-01
10029,Otmar,Herbst,Engineer,1991-09-18,2000-09-17
10029,Otmar,Herbst,Senior Engineer,2000-09-17,9999-01-01
10033,Arif,Merlo,Technique Leader,1987-03-18,1993-03-24
10042,Magy,Stamatiou,Senior Staff,2000-03-21,2000-08-10
10042,Magy,Stamatiou,Staff,1993-03-21,2000-03-21
10055,Georgy,Dredge,Staff,1992-04-27,1995-07-22
10099,Valter,Sullins,Senior Staff,1995-10-19,9999-01-01
10099,Valter,Sullins,Staff,1988-10-18,1995-10-19
10107,Dung,Baca,Senior Staff,1999-03-30,9999-01-01
10132,Ayakannu,Skrikant,Staff,1997-06-18,9999-01-01
10135,Nathan,Monkewich,Assistant Engineer,1990-01-04,1999-01-04
10135,Nathan,Monkewich,Engineer,1999-01-04,9999-01-01
10142,Tzvetan,Hettesheimer,Engineer,1993-10-28,2001-10-28
10142,Tzvetan,Hettesheimer,Senior Engineer,2001-10-28,9999-01-01
10145,Akemi,Esposito,Engineer,1999-11-03,9999-01-01
10164,Jagoda,Braunmuhl,Engineer,1990-10-19,1999-10-19
10164,Jagoda,Braunmuhl,Senior Engineer,1999-10-19,9999-01-01
10180,Shaw,Wendorf,Senior Staff,2002-07-01,9999-01-01
10180,Shaw,Wendorf,Staff,1994-07-01,2002-07-01
10188,Christ,Muchinsky,Senior Engineer,1987-08-27,9999-01-01
10201,Idoia,Kavraki,Engineer,1992-11-10,1998-11-10
10201,Idoia,Kavraki,Senior Engineer,1998-11-10,9999-01-01
10202,Greger,Lichtner,Engineer,1991-10-06,2000-10-05
10202,Greger,Lichtner,Senior Engineer,2000-10-05,9999-01-01
10204,Nevio,Ritcey,Engineer,1998-12-18,1999-03-08
10209,Yolla,Ellozy,Senior Staff,1997-11-22,9999-01-01
10209,Yolla,Ellozy,Staff,1991-11-23,1997-11-22
10232,Marko,Auria,Senior Staff,1998-06-04,9999-01-01
10232,Marko,Auria,Staff,1992-06-04,1998-06-04
10267,Shaunak,Cullers,Engineer,1997-04-26,9999-01-01
10285,Zhonghui,Preusig,Staff,1995-05-25,9999-01-01
10289,Shay,Poulakidas,Technique Leader,1993-03-12,2002-01-31
10293,Mihalis,Avouris,Engineer,1992-12-12,2001-12-12
10293,Mihalis,Avouris,Senior Engineer,2001-12-12,9999-01-01
10297,Narain,Oaver,Engineer,1986-05-28,1995-05-28
10297,Narain,Oaver,Senior Engineer,1995-05-28,9999-01-01
10304,Bernt,Erie,Senior Staff,1997-11-16,2002-05-08
10304,Bernt,Erie,Staff,1992-11-16,1997-11-16
10315,Maris,Angelopoulos,Engineer,1987-08-28,1994-08-28
10315,Maris,Angelopoulos,Senior Engineer,1994-08-28,9999-01-01
10320,Uinam,Stasinski,Senior Staff,1996-11-03,2001-12-23
10320,Uinam,Stasinski,Staff,1988-11-03,1996-11-03
10348,Mahendra,Picco,Technique Leader,1995-10-22,9999-01-01
10368,Hatim,Koshiba,Assistant Engineer,1996-05-16,9999-01-01
10380,Alejandro,Kamble,Senior Staff,1994-03-19,9999-01-01
10380,Alejandro,Kamble,Staff,1985-03-19,1994-03-19
10384,Feiyu,Luft,Senior Staff,1991-01-16,9999-01-01
10384,Feiyu,Luft,Staff,1986-01-16,1991-01-16
10386,Eishiro,Miyakawa,Engineer,1985-08-02,1994-08-02
10386,Eishiro,Miyakawa,Senior Engineer,1994-08-02,9999-01-01
10391,Hongzue,Akaboshi,Assistant Engineer,1993-01-28,2001-01-28
10391,Hongzue,Akaboshi,Engineer,2001-01-28,9999-01-01
10403,Atreyi,Mungall,Senior Staff,2000-09-12,2001-06-15
10403,Atreyi,Mungall,Staff,1991-09-13,2000-09-12
10406,Sigeru,Wynblatt,Engineer,1996-01-26,9999-01-01
10411,Lidong,Klerer,Senior Staff,1994-09-02,9999-01-01
10411,Lidong,Klerer,Staff,1989-09-02,1994-09-02
10416,Uli,Keustermans,Senior Staff,1996-03-24,9999-01-01
10416,Uli,Keustermans,Staff,1989-03-24,1996-03-24
10423,Dante,Cronin,Staff,1999-05-27,9999-01-01
10437,Narain,Reeker,Engineer,1996-04-12,9999-01-01
10444,Kazuhira,Rosis,Staff,1994-10-23,9999-01-01
10452,Werner,Hasham,Engineer,1995-11-12,2000-11-11
10452,Werner,Hasham,Senior Engineer,2000-11-11,2001-10-11
10461,Gal,Karcich,Senior Staff,1992-08-02,9999-01-01
10461,Gal,Karcich,Staff,1987-08-03,1992-08-02
10462,Sumali,Schlenzig,Senior Engineer,1996-03-25,9999-01-01
10467,Dipayan,Suomi,Staff,1992-05-22,1999-11-01
10470,Peternela,Iwayama,Engineer,1989-09-19,1994-09-19
10470,Peternela,Iwayama,Senior Engineer,1994-09-19,9999-01-01
10475,Mario,Rodite,Engineer,1992-05-13,1994-12-30
10487,Perla,Middleton,Engineer,1992-08-14,2001-08-14
10487,Perla,Middleton,Senior Engineer,2001-08-14,9999-01-01
10523,Malu,Skafidas,Engineer,1989-12-23,1994-12-23
10523,Malu,Skafidas,Senior Engineer,1994-12-23,9999-01-01
10530,Boriana,Coors,Engineer,1987-09-23,1994-09-23
10530,Boriana,Coors,Senior Engineer,1994-09-23,9999-01-01
10559,Arumugam,Comellas,Staff,1999-04-05,9999-01-01
10563,Mohit,Spelt,Engineer,1992-09-29,1999-09-30
10563,Mohit,Spelt,Senior Engineer,1999-09-30,2002-01-01
10580,Christoper,Rehfuss,Senior Staff,1997-03-01,9999-01-01
10580,Christoper,Rehfuss,Staff,1991-03-02,1997-03-01
10581,Odinaldo,Prochazka,Engineer,1994-04-13,1999-04-13
10581,Odinaldo,Prochazka,Senior Engineer,1999-04-13,9999-01-01
10588,Shigeo,Dulay,Engineer,1988-07-25,1993-07-25
10588,Shigeo,Dulay,Senior Engineer,1993-07-25,9999-01-01
10599,Seshu,Crelier,Technique Leader,1991-11-17,9999-01-01
10605,Moti,Wixon,Engineer,1993-07-01,1998-07-01
10605,Moti,Wixon,Senior Engineer,1998-07-01,9999-01-01
10609,Janche,Zhang,Assistant Engineer,1994-12-03,1999-12-03
10609,Janche,Zhang,Engineer,1999-12-03,9999-01-01
10649,Vitali,Welham,Senior Staff,1998-06-23,9999-01-01
10658,Junsik,Rijckaert,Senior Staff,1994-04-29,9999-01-01
10659,Dinah,Shackel,Engineer,1995-06-01,2000-05-31
10659,Dinah,Shackel,Senior Engineer,2000-05-31,9999-01-01
10661,Ottavia,Giarratana,Senior Staff,1993-01-11,9999-01-01
10661,Ottavia,Giarratana,Staff,1988-01-12,1993-01-11
10669,Yurij,Iisaka,Senior Staff,2001-11-17,9999-01-01
10669,Yurij,Iisaka,Staff,1996-11-17,2001-11-17
10679,Neven,Brender,Senior Staff,1997-05-13,9999-01-01
10679,Neven,Brender,Staff,1990-05-13,1997-05-13
10682,Bedir,Haumacher,Senior Staff,1990-11-09,9999-01-01
10684,Aimee,Tokunaga,Engineer,1999-10-28,9999-01-01
10717,Serap,Tasistro,Senior Staff,1996-09-12,9999-01-01
10717,Serap,Tasistro,Staff,1991-09-13,1996-09-12
10720,Odinaldo,Kruskal,Senior Staff,1996-06-26,9999-01-01
10740,Suzette,Sadowski,Engineer,1996-04-30,2002-03-17
10754,Chenyi,Feinberg,Senior Staff,1988-01-11,9999-01-01
10759,JiYoung,Chenney,Technique Leader,1991-12-04,9999-01-01
10770,Bedir,Perry,Senior Staff,1987-12-25,1989-02-27
10772,Munehiro,Dayana,Senior Engineer,1990-02-22,9999-01-01
10775,Xiaoheng,Sluis,Engineer,1994-12-30,1999-12-30
10775,Xiaoheng,Sluis,Senior Engineer,1999-12-30,9999-01-01
10797,Goetz,Hiyoshi,Assistant Engineer,1988-08-21,1997-08-21
10797,Goetz,Hiyoshi,Engineer,1997-08-21,9999-01-01
10820,Baocai,Pena,Senior Staff,1992-06-26,9999-01-01
10822,Masaru,Passino,Engineer,1986-01-11,1992-01-11
10822,Masaru,Passino,Senior Engineer,1992-01-11,9999-01-01
10823,Arfst,Mikschl,Staff,1999-08-19,9999-01-01
10862,Zhenbing,Kadhim,Senior Staff,1992-07-23,9999-01-01
10862,Zhenbing,Kadhim,Staff,1985-07-23,1992-07-23
10870,Shahid,Leppanen,Senior Engineer,1988-01-13,9999-01-01
10889,Cheong,Coors,Senior Staff,1987-08-11,9999-01-01
10914,Mizuhito,Prochazka,Staff,1998-03-24,1998-09-01
10917,Tesuya,Slaats,Engineer,1993-01-30,1998-01-30
10917,Tesuya,Slaats,Senior Engineer,1998-01-30,9999-01-01
10946,Shaz,Kabayashi,Staff,1996-10-26,9999-01-01
10953,Jahangir,Laventhal,Senior Staff,1987-02-12,9999-01-01
10959,Kerryn,Vigier,Staff,1994-03-01,1996-04-12
10962,Naraig,Kugler,Senior Staff,1986-12-16,9999-01-01
10981,Sugwoo,Dulin,Senior Staff,1992-07-07,9999-01-01
10998,Marlo,Kandlur,Staff,1996-08-07,9999-01-01
11001,Baziley,Buchter,Engineer,1987-02-23,1992-02-23
11001,Baziley,Buchter,Senior Engineer,1992-02-23,9999-01-01
11011,Moti,Hofstetter,Engineer,1991-06-10,1992-10-26
11030,Kwan,Hellwagner,Staff,1988-05-09,1988-07-08
11055,Shaleah,Neiman,Staff,1998-03-08,9999-01-01
11062,Shay,Rettelbach,Engineer,1990-10-18,1999-10-18
11062,Shay,Rettelbach,Senior Engineer,1999-10-18,9999-01-01
11068,Honglan,Harnett,Senior Staff,1989-06-29,9999-01-01
11080,Sanjai,Puppe,Engineer,1988-07-04,1993-07-04
11080,Sanjai,Puppe,Senior Engineer,1993-07-04,9999-01-01
11088,Sadun,Hennings,Engineer,1993-04-09,2000-04-09
11088,Sadun,Hennings,Senior Engineer,2000-04-09,9999-01-01
11105,Holgard,McAlpine,Engineer,1990-01-13,1995-01-13
11105,Holgard,McAlpine,Senior Engineer,1995-01-13,9999-01-01
11123,Herb,Cooley,Senior Staff,1993-03-28,9999-01-01
11123,Herb,Cooley,Staff,1988-03-28,1993-03-28
11127,Mayumi,Pashtan,Engineer,1996-06-14,9999-01-01
11128,Shunichi,Pusterhofer,Senior Engineer,1988-10-04,9999-01-01
11138,Adel,Matteis,Engineer,1996-05-20,2000-03-06
11150,Geraldo,Garigliano,Senior Staff,1998-05-01,9999-01-01
11150,Geraldo,Garigliano,Staff,1989-05-01,1998-05-01
11160,Anwar,Nivat,Senior Engineer,1987-05-07,1991-04-12
11169,Moss,Serra,Engineer,1987-02-22,1996-02-22
11169,Moss,Serra,Senior Engineer,1996-02-22,1998-08-25
11178,Kellyn,Daescu,Staff,1985-05-27,1987-01-24
11188,Kazuyasu,Kushner,Engineer,1987-04-23,1993-04-22
11188,Kazuyasu,Kushner,Senior Engineer,1993-04-22,9999-01-01
11219,Youpyo,Heuter,Engineer,1991-01-08,1998-01-08
11219,Youpyo,Heuter,Senior Engineer,1998-01-08,9999-01-01
11222,Yishai,Neimat,Senior Staff,1998-04-03,9999-01-01
11227,Dayanand,Figueira,Senior Staff,1994-03-08,9999-01-01
11227,Dayanand,Figueira,Staff,1985-03-08,1994-03-08
11228,Utz,Puoti,Assistant Engineer,1993-04-15,1998-04-15
11228,Utz,Puoti,Engineer,1998-04-15,9999-01-01
11230,Yakichi,Tzvieli,Senior Engineer,1999-04-20,1999-11-01
11241,Yolla,Clemencon,Staff,1999-01-27,2002-02-27
11248,Uinam,Tsukuda,Staff,1997-02-03,1999-07-19
11278,Sumali,Juneja,Senior Staff,1995-04-22,9999-01-01
11278,Sumali,Juneja,Staff,1986-04-22,1995-04-22
11298,Jiong,Alvarado,Engineer,1992-02-04,1998-02-03
11298,Jiong,Alvarado,Senior Engineer,1998-02-03,9999-01-01
11306,Subhankar,Reeken,Senior Staff,1996-11-20,9999-01-01
11312,Shih,Terlouw,Engineer,1994-01-23,9999-01-01
11329,Limsoon,McConalogue,Senior Staff,1992-05-01,9999-01-01
11329,Limsoon,McConalogue,Staff,1987-05-02,1992-05-01
11332,Gunilla,Coney,Senior Engineer,1989-09-27,9999-01-01
11344,Paddy,Gulak,Senior Staff,1999-05-10,9999-01-01
11344,Paddy,Gulak,Staff,1990-05-10,1999-05-10
11350,Zito,Moehrke,Assistant Engineer,1985-07-21,1991-07-21
11350,Zito,Moehrke,Engineer,1991-07-21,1997-07-20
11350,Zito,Moehrke,Senior Engineer,1997-07-20,9999-01-01
11370,Marek,Erie,Engineer,1989-08-22,1998-08-22
11370,Marek,Erie,Senior Engineer,1998-08-22,9999-01-01
11371,Tadahiko,Masamoto,Assistant Engineer,1988-12-25,1993-12-25
11371,Tadahiko,Masamoto,Engineer,1993-12-25,1998-12-25
11371,Tadahiko,Masamoto,Senior Engineer,1998-12-25,9999-01-01
11392,Fatemeh,Reeken,Staff,1999-04-21,9999-01-01
11422,Thanasis,Ghalwash,Senior Staff,1998-12-04,9999-01-01
11422,Thanasis,Ghalwash,Staff,1990-12-04,1998-12-04
11434,Prodip,Brendel,Senior Staff,1999-10-19,9999-01-01
11434,Prodip,Brendel,Staff,1992-10-18,1999-10-19
11437,Supot,Vidya,Senior Staff,1999-08-12,9999-01-01
11437,Supot,Vidya,Staff,1991-08-12,1999-08-12
11442,Leucio,Rindone,Engineer,1987-06-22,1996-06-21
11442,Leucio,Rindone,Senior Engineer,1996-06-21,9999-01-01
11465,Tomoyuki,Porenta,Engineer,1985-07-14,1993-07-14
11465,Tomoyuki,Porenta,Senior Engineer,1993-07-14,9999-01-01
11507,Kristian,Cangellaris,Engineer,1999-09-26,9999-01-01
11508,Ronnie,Ritcey,Technique Leader,1988-04-12,9999-01-01
11530,Oscar,Jarecki,Senior Staff,1999-08-31,9999-01-01
11530,Oscar,Jarecki,Staff,1992-08-30,1999-08-31
11535,Aemilian,Ohori,Staff,1999-05-26,9999-01-01
11552,Tommaso,Ferretti,Staff,1994-08-26,1996-11-25
11580,Chanjung,Tanemo,Senior Engineer,1985-07-06,9999-01-01
11584,Pradeep,Waymire,Senior Engineer,1985-06-20,9999-01-01
11592,Hilary,Nishimukai,Engineer,1998-03-10,9999-01-01
11611,Annemarie,Mateescu,Senior Staff,2002-02-27,9999-01-01
11611,Annemarie,Mateescu,Staff,1995-02-27,2002-02-27
11613,Lijia,Marchesini,Engineer,1998-05-30,9999-01-01
11621,Ottavia,Baaleh,Senior Staff,1991-11-17,9999-01-01
11621,Ottavia,Baaleh,Staff,1986-11-17,1991-11-17
11632,Baoqiu,Bach,Staff,1999-09-19,9999-01-01
11642,Dmitri,Verhoeff,Technique Leader,1998-04-18,9999-01-01
11683,Mayumi,Chartres,Engineer,1996-01-21,9999-01-01
11692,Rance,Provine,Engineer,1989-04-20,1997-04-20
11692,Rance,Provine,Senior Engineer,1997-04-20,9999-01-01
11702,Radhia,Kriebel,Engineer,1988-09-18,1995-09-14
11717,Mona,Chaudhury,Staff,1990-09-10,1994-04-08
11718,Richard,Marshall,Staff,1998-01-01,9999-01-01
11725,Shahaf,Zeilberger,Engineer,1988-09-15,1995-09-16
11725,Shahaf,Zeilberger,Senior Engineer,1995-09-16,2001-07-16
11743,Clyde,Huttel,Engineer,1999-06-18,9999-01-01
11750,Mong,Dalphin,Engineer,1995-11-19,9999-01-01
11787,Subhada,Garnick,Engineer,1990-01-10,1999-01-10
11787,Subhada,Garnick,Senior Engineer,1999-01-10,9999-01-01
11802,Katsuo,Benzmuller,Engineer,1988-04-12,1996-04-12
11802,Katsuo,Benzmuller,Senior Engineer,1996-04-12,9999-01-01
11812,Taizo,Merey,Senior Staff,1987-09-30,9999-01-01
11827,Gretta,Rando,Staff,1995-07-13,2000-07-18
11830,Maya,Snedden,Senior Staff,1993-07-15,1994-03-13
11830,Maya,Snedden,Staff,1986-07-15,1993-07-15
11866,Bojan,Gihr,Assistant Engineer,1993-11-12,2000-11-12
11866,Bojan,Gihr,Engineer,2000-11-12,9999-01-01
11874,Baoqiu,Motley,Senior Staff,2001-06-10,9999-01-01
11874,Baoqiu,Motley,Staff,1996-06-10,2001-06-10
11889,Guiseppe,Baez,Senior Engineer,1996-12-25,9999-01-01
11905,Sadegh,Vural,Senior Staff,1998-05-12,9999-01-01
11905,Sadegh,Vural,Staff,1989-05-12,1998-05-12
11909,Yuichiro,Kobuchi,Senior Staff,2002-02-21,9999-01-01
11909,Yuichiro,Kobuchi,Staff,1994-02-21,2002-02-21
11916,Fatemeh,Redmiles,Staff,1988-07-22,1989-09-13
11918,Mayuri,Pollacia,Senior Staff,1996-03-18,9999-01-01
11918,Mayuri,Pollacia,Staff,1987-03-19,1996-03-18
11925,Feiyu,Pashtan,Staff,1998-10-25,9999-01-01
11927,Mana,Aingworth,Senior Staff,1995-04-26,9999-01-01
11927,Mana,Aingworth,Staff,1986-04-26,1995-04-26
11932,Tze,Zolotykh,Engineer,1990-08-04,1995-10-29
11936,Oddvar,Jonsson,Senior Staff,2000-11-20,9999-01-01
11936,Oddvar,Jonsson,Staff,1994-11-21,2000-11-20
11952,Mayuko,Munro,Engineer,1995-12-19,9999-01-01
11975,Ger,Moehrke,Technique Leader,1991-03-24,9999-01-01
11977,Chandrasekaran,Dayang,Senior Staff,2000-06-13,9999-01-01
11977,Chandrasekaran,Dayang,Staff,1991-06-14,2000-06-13
12010,Otmar,Thebaut,Technique Leader,1989-09-02,9999-01-01
12018,Fai,Morton,Engineer,1999-04-25,9999-01-01
12020,Hitomi,Uludag,Senior Staff,1993-08-09,9999-01-01
12020,Hitomi,Uludag,Staff,1988-08-09,1993-08-09
12022,Herbert,Kaltofen,Staff,1998-01-18,9999-01-01
12026,Moon,Pleszkun,Staff,1999-07-06,9999-01-01
12035,Moss,Speer,Senior Staff,2002-06-18,9999-01-01
12035,Moss,Speer,Staff,1995-06-18,2002-06-18
12038,Aruna,Businaro,Senior Engineer,1987-01-09,9999-01-01
12051,Youpyo,Suermann,Engineer,1985-09-28,1991-09-28
12051,Youpyo,Suermann,Senior Engineer,1991-09-28,9999-01-01
12073,Miyeon,Rubsam,Engineer,1990-11-10,1997-11-10
12073,Miyeon,Rubsam,Senior Engineer,1997-11-10,9999-01-01
12081,Wanqing,Prenel,Staff,1999-12-04,9999-01-01
12106,Zissis,Cangellaris,Staff,1995-10-24,9999-01-01
12109,Tomokazu,Junet,Engineer,1996-01-20,2001-01-19
12109,Tomokazu,Junet,Senior Engineer,2001-01-19,9999-01-01
12117,Zvonko,Rosaz,Senior Engineer,1999-02-01,2002-06-23
12120,Eckart,Schrift,Senior Staff,1994-06-20,9999-01-01
12120,Eckart,Schrift,Staff,1986-06-20,1994-06-20
12130,Abdelwaheb,Scharstein,Senior Staff,1989-10-23,9999-01-01
12141,Shmuel,Gente,Staff,1992-04-19,1999-10-29
12143,Zeljko,Denti,Engineer,1996-01-06,2002-01-05
12143,Zeljko,Denti,Senior Engineer,2002-01-05,9999-01-01
12147,Ghassan,Srimani,Engineer,1988-06-24,1997-06-24
12147,Ghassan,Srimani,Senior Engineer,1997-06-24,9999-01-01
12188,Vasilis,Waleschkowski,Senior Engineer,1997-03-20,9999-01-01
12198,Shai,Huxford,Engineer,1986-05-04,1993-05-04
12198,Shai,Huxford,Senior Engineer,1993-05-04,9999-01-01
12200,Tayeb,Reinhart,Technique Leader,1999-03-08,9999-01-01
12263,Srinidhi,Alencar,Senior Engineer,1990-03-07,9999-01-01
12268,Nidapan,Kragelund,Technique Leader,1997-12-03,9999-01-01
12275,Heather,Onuegbe,Technique Leader,1990-05-09,9999-01-01
12287,Kerhong,Hagimont,Engineer,1994-12-25,9999-01-01
12295,Weicheng,Lammel,Staff,1989-09-13,1990-03-27
12309,Hilari,Potthoff,Engineer,1995-10-10,9999-01-01
12353,Isaac,Gini,Engineer,1994-11-20,9999-01-01
12357,Gennady,Spinelli,Assistant Engineer,1998-12-19,9999-01-01
12363,Gennady,Glowinski,Senior Staff,1993-09-15,9999-01-01
12363,Gennady,Glowinski,Staff,1987-09-16,1993-09-15
12367,Fumitaka,Stasinski,Engineer,1992-02-17,1997-02-16
12367,Fumitaka,Stasinski,Senior Engineer,1997-02-16,9999-01-01
12372,Nishit,Haddadi,Senior Staff,1990-10-25,9999-01-01
12374,Ult,Berstel,Senior Staff,2002-03-31,9999-01-01
12374,Ult,Berstel,Staff,1996-03-31,2002-03-31
12435,Marek,Gadepally,Staff,1995-06-28,9999-01-01
12447,Bernice,Huxford,Engineer,1985-02-10,1994-02-10
12447,Bernice,Huxford,Senior Engineer,1994-02-10,9999-01-01
12460,Jingling,Gerlach,Senior Staff,1998-07-10,9999-01-01
12494,JoAnna,Conte,Senior Staff,1998-08-02,9999-01-01
12500,Jackson,Luke,Engineer,1997-05-11,9999-01-01
12517,Chikako,Bisiani,Engineer,1990-01-08,1997-01-08
12517,Chikako,Bisiani,Senior Engineer,1997-01-08,9999-01-01
12530,Turgut,Strandh,Engineer,1992-03-12,1999-12-18
12556,Akemi,Delgrande,Engineer,1990-01-14,1999-01-14
12556,Akemi,Delgrande,Senior Engineer,1999-01-14,9999-01-01
12591,Georgy,Makrucki,Staff,1997-10-15,9999-01-01
12610,Debaprosad,Bakhtari,Senior Engineer,1996-02-01,9999-01-01
12624,Zhongwei,Zykh,Senior Staff,1994-01-25,9999-01-01
12624,Zhongwei,Zykh,Staff,1986-01-25,1994-01-25
12629,Kensyu,Siksek,Senior Staff,1998-02-22,9999-01-01
12629,Kensyu,Siksek,Staff,1991-02-22,1998-02-22
12684,Yurij,Schapiro,Staff,1994-11-02,1997-05-29
12688,Dietrich,Riexinger,Senior Staff,1989-12-05,9999-01-01
12693,Patricia,Demke,Engineer,1986-03-03,1991-03-03
12693,Patricia,Demke,Senior Engineer,1991-03-03,2001-12-11
12727,Uwe,Ranai,Engineer,1991-09-12,2000-09-11
12727,Uwe,Ranai,Senior Engineer,2000-09-11,9999-01-01
12739,Aral,Kading,Senior Staff,1995-04-17,9999-01-01
12763,Adamantios,Lovengreen,Senior Staff,1996-07-22,9999-01-01
12763,Adamantios,Lovengreen,Staff,1987-07-23,1996-07-22
12802,Jinya,Shackell,Engineer,1989-08-22,1994-08-22
12802,Jinya,Shackell,Senior Engineer,1994-08-22,9999-01-01
12837,Jiakeng,Berstel,Staff,1997-03-21,9999-01-01
12844,Garnet,Piancastelli,Senior Staff,1997-11-20,2001-08-30
12844,Garnet,Piancastelli,Staff,1989-11-20,1997-11-20
12850,Martina,Bergere,Senior Staff,1996-03-27,9999-01-01
12850,Martina,Bergere,Staff,1991-03-28,1996-03-27
12858,Jianwen,Driscoll,Senior Staff,1987-06-02,9999-01-01
12953,Yannis,Godskesen,Senior Engineer,1991-08-23,1999-05-15
12964,Hidefumi,Bennis,Senior Staff,1993-10-24,9999-01-01
12973,Hairong,Pulkowski,Senior Staff,1995-02-04,9999-01-01
12973,Hairong,Pulkowski,Staff,1987-02-04,1995-02-04
12995,Hisao,Rahier,Assistant Engineer,1988-01-08,1995-01-08
12995,Hisao,Rahier,Engineer,1995-01-08,2002-01-08
12995,Hisao,Rahier,Senior Engineer,2002-01-08,9999-01-01
12997,Zine,Swist,Engineer,1991-03-22,1998-03-22
12997,Zine,Swist,Senior Engineer,1998-03-22,9999-01-01
12998,Nadjib,Rindone,Senior Engineer,1991-01-23,9999-01-01
13017,Jouko,Ratnaker,Engineer,1991-06-07,1998-06-07
13017,Jouko,Ratnaker,Senior Engineer,1998-06-07,9999-01-01
13019,Radhia,Mersereau,Engineer,1994-05-05,1999-05-05
13019,Radhia,Mersereau,Senior Engineer,1999-05-05,9999-01-01
13033,Satoru,Jansen,Senior Staff,1988-01-14,1990-07-23
13055,Ronnie,Stifter,Engineer,1993-10-21,1998-10-21
13055,Ronnie,Stifter,Senior Engineer,1998-10-21,9999-01-01
13068,Aksel,Magalhaes,Engineer,1986-07-18,1994-07-18
13068,Aksel,Magalhaes,Senior Engineer,1994-07-18,9999-01-01
13074,Kiam,Garigliano,Engineer,1985-03-24,1993-03-24
13074,Kiam,Garigliano,Senior Engineer,1993-03-24,9999-01-01
13077,Sangeeta,Biron,Staff,1999-03-20,9999-01-01
13081,Mandell,Bahi,Staff,1997-03-19,2001-07-29
13101,Tadahiro,Viele,Technique Leader,1995-07-14,9999-01-01
13106,Soenke,Dahlbom,Senior Staff,2000-07-15,9999-01-01
13106,Soenke,Dahlbom,Staff,1995-07-16,2000-07-15
13107,Shawna,Nanard,Senior Staff,2001-10-26,9999-01-01
13107,Shawna,Nanard,Staff,1994-10-26,2001-10-26
13120,Kerryn,Pews,Senior Staff,2001-11-03,9999-01-01
13120,Kerryn,Pews,Staff,1992-11-03,2001-11-03
13142,Sanjiv,Kowalchuk,Staff,1993-04-16,2000-02-18
13166,Billie,Kushnir,Assistant Engineer,1991-12-22,1997-12-21
13166,Billie,Kushnir,Engineer,1997-12-21,9999-01-01
13169,Fun,Hasham,Senior Staff,1993-09-10,9999-01-01
13169,Fun,Hasham,Staff,1988-09-10,1993-09-10
13193,Shimshon,Miyakawa,Engineer,1988-09-14,1993-09-14
13193,Shimshon,Miyakawa,Senior Engineer,1993-09-14,9999-01-01
13211,Mechthild,Thimonier,Senior Engineer,1989-03-04,9999-01-01
13241,Uta,Narahari,Senior Staff,1998-06-20,9999-01-01
13241,Uta,Narahari,Staff,1991-06-20,1998-06-20
13262,Arch,Halevi,Engineer,1991-04-10,2000-04-09
13262,Arch,Halevi,Senior Engineer,2000-04-09,9999-01-01
13264,Oguz,Hofting,Senior Staff,1990-03-21,9999-01-01
13318,Morris,Perng,Senior Engineer,1993-08-29,9999-01-01
13334,Kwangsub,Wroclawski,Senior Staff,1993-04-10,2001-04-30
13334,Kwangsub,Wroclawski,Staff,1986-04-10,1993-04-10
13365,Adly,Mandell,Engineer,1997-11-04,9999-01-01
13369,Vitali,Ramsey,Engineer,1999-07-20,9999-01-01
13375,Dhritiman,Suomi,Engineer,1994-01-13,1997-04-14
13376,Sibyl,McConalogue,Engineer,1994-09-22,2000-09-21
13376,Sibyl,McConalogue,Senior Engineer,2000-09-21,9999-01-01
13383,Richard,Birke,Senior Staff,1991-07-30,9999-01-01
13383,Richard,Birke,Staff,1985-07-30,1991-07-30
13384,Nectarios,Ghemri,Staff,1998-12-19,2001-02-07
13406,Muneo,Oberman,Assistant Engineer,1996-03-04,9999-01-01
13420,Diederik,Ramaiah,Senior Engineer,1996-02-16,9999-01-01
13425,Shaz,Tramer,Engineer,1991-05-16,1999-05-16
13425,Shaz,Tramer,Senior Engineer,1999-05-16,9999-01-01
13435,Moto,Businaro,Technique Leader,1985-11-10,9999-01-01
13438,Bernice,Setlzner,Technique Leader,1994-07-16,9999-01-01
13447,Yucel,Lortz,Senior Staff,1987-06-07,9999-01-01
13455,Hatem,Rotem,Engineer,1989-11-26,1997-11-26
13455,Hatem,Rotem,Senior Engineer,1997-11-26,9999-01-01
13461,Gianluca,Decleir,Senior Staff,1991-07-06,1996-11-07
13461,Gianluca,Decleir,Staff,1985-07-06,1991-07-06
13464,Chanjung,Jeansoulin,Engineer,1986-08-07,1993-08-07
13464,Chanjung,Jeansoulin,Senior Engineer,1993-08-07,9999-01-01
13471,Jungsoon,Junot,Senior Staff,1997-08-25,9999-01-01
13471,Jungsoon,Junot,Staff,1991-08-26,1997-08-25
13482,Vesna,Perfilyeva,Engineer,1989-08-11,1992-07-05
13526,Hideyuki,Conry,Assistant Engineer,1996-06-06,2002-06-06
13526,Hideyuki,Conry,Engineer,2002-06-06,9999-01-01
13538,Mori,Picel,Senior Engineer,1997-06-08,9999-01-01
13543,Tua,Garigliano,Staff,1986-07-28,1986-12-20
13548,Francoise,Guenter,Engineer,1995-12-27,2000-12-26
13548,Francoise,Guenter,Senior Engineer,2000-12-26,9999-01-01
13574,Gudjon,Millington,Engineer,1995-08-01,1997-06-21
13597,Dante,Vecchio,Senior Engineer,1989-05-05,9999-01-01
13613,Juichirou,Antonakopoulos,Technique Leader,1996-12-30,2000-08-05
13620,Elvis,Dolinsky,Engineer,1985-06-12,1992-06-12
13620,Elvis,Dolinsky,Senior Engineer,1992-06-12,9999-01-01
13627,Gennadi,Yoshizawa,Engineer,1991-02-20,1998-02-20
13627,Gennadi,Yoshizawa,Senior Engineer,1998-02-20,9999-01-01
13632,Teiji,Brattka,Senior Staff,1998-04-16,9999-01-01
13632,Teiji,Brattka,Staff,1991-04-16,1998-04-16
13636,Petter,Merel,Engineer,1990-09-29,1998-09-29
13636,Petter,Merel,Senior Engineer,1998-09-29,9999-01-01
13641,Chandrasekaran,Georgatos,Engineer,1986-12-16,1993-12-16
13641,Chandrasekaran,Georgatos,Senior Engineer,1993-12-16,9999-01-01
13650,Shaowei,Chepyzhov,Senior Staff,1996-11-19,9999-01-01
13652,Eldridge,Ramsak,Assistant Engineer,1986-01-30,1995-01-30
13652,Eldridge,Ramsak,Engineer,1995-01-30,9999-01-01
13672,Tremaine,Desikan,Staff,1997-02-12,1998-10-31
13689,Macha,Coorg,Assistant Engineer,1992-10-23,2001-10-23
13689,Macha,Coorg,Engineer,2001-10-23,9999-01-01
13711,Tesuro,Pusterhofer,Senior Staff,1988-09-27,9999-01-01
13731,Paddy,Birch,Engineer,1996-02-23,2001-11-15
13737,Supot,Fairtlough,Engineer,1985-08-01,1994-08-01
13737,Supot,Fairtlough,Senior Engineer,1994-08-01,9999-01-01
13742,Radoslaw,Muniz,Engineer,1993-07-02,2000-07-02
13742,Radoslaw,Muniz,Senior Engineer,2000-07-02,9999-01-01
13743,Bezalel,Ruemmler,Senior Staff,1999-05-01,9999-01-01
13761,Fabrizio,Atrawala,Senior Engineer,1997-08-09,9999-01-01
13764,Demin,Usery,Senior Staff,2001-05-01,9999-01-01
13764,Demin,Usery,Staff,1994-05-01,2001-05-01
13779,Duri,Ranta,Engineer,1995-06-25,2000-06-24
13779,Duri,Ranta,Senior Engineer,2000-06-24,9999-01-01
13830,Arunachalam,Demri,Senior Staff,1995-09-10,9999-01-01
13830,Arunachalam,Demri,Staff,1989-09-10,1995-09-10
13837,Tsz,Seuren,Engineer,1999-01-01,9999-01-01
13864,Gladys,Attimonelli,Engineer,1986-01-31,1995-01-31
13864,Gladys,Attimonelli,Senior Engineer,1995-01-31,9999-01-01
13881,Mary,Monarch,Senior Engineer,1991-06-10,9999-01-01
13885,Xiaoqiang,Puppo,Senior Staff,1993-04-19,1995-11-20
13885,Xiaoqiang,Puppo,Staff,1988-04-19,1993-04-19
13889,Yaghout,Wossner,Staff,1996-09-07,9999-01-01
13926,Ekawit,Puppe,Senior Staff,1997-08-07,9999-01-01
13926,Ekawit,Puppe,Staff,1988-08-07,1997-08-07
13938,Rosella,Lueh,Technique Leader,1986-04-15,9999-01-01
13941,IEEE,Schapire,Senior Staff,1999-06-01,9999-01-01
13955,Shem,Munck,Engineer,1985-10-05,1993-10-05
13955,Shem,Munck,Senior Engineer,1993-10-05,9999-01-01
13985,Slavian,Guerreiro,Assistant Engineer,1987-06-20,1992-06-19
13985,Slavian,Guerreiro,Engineer,1992-06-19,1997-06-19
13985,Slavian,Guerreiro,Senior Engineer,1997-06-19,9999-01-01
14018,Mohammad,Erva,Senior Staff,2000-06-24,9999-01-01
14018,Mohammad,Erva,Staff,1995-06-25,2000-06-24
14027,Manohar,Gladwell,Engineer,1996-01-14,2002-01-13
14027,Manohar,Gladwell,Senior Engineer,2002-01-13,9999-01-01
14064,Jayesh,Ebeling,Staff,1998-05-07,9999-01-01
14089,Cordelia,Anguita,Engineer,1989-08-10,1997-08-10
14089,Cordelia,Anguita,Senior Engineer,1997-08-10,9999-01-01
14103,Samphel,Uchoa,Engineer,1987-03-17,1993-03-16
14103,Samphel,Uchoa,Senior Engineer,1993-03-16,9999-01-01
14110,Horward,Kisuki,Senior Staff,1994-05-17,9999-01-01
14110,Horward,Kisuki,Staff,1987-05-17,1994-05-17
14121,Arup,Barreiro,Senior Engineer,1987-11-23,9999-01-01
14123,Tse,Thambidurai,Engineer,1993-01-27,1999-01-27
14123,Tse,Thambidurai,Senior Engineer,1999-01-27,9999-01-01
14132,Phillip,Rotem,Engineer,1995-10-22,9999-01-01
14136,Vasilii,Chappelet,Senior Engineer,1986-05-06,9999-01-01
14145,Mandell,Baranowski,Engineer,2000-01-13,9999-01-01
14173,Qingxiang,Serot,Technique Leader,1990-07-27,9999-01-01
14196,Mikhail,Feinberg,Engineer,1993-03-27,2002-03-27
14196,Mikhail,Feinberg,Senior Engineer,2002-03-27,9999-01-01
14198,Guoxiang,Rodier,Engineer,1990-12-02,1999-12-02
14198,Guoxiang,Rodier,Senior Engineer,1999-12-02,9999-01-01
14215,Olivera,Lindqvist,Staff,1987-07-04,1990-01-22
14226,Chirstian,Restivo,Assistant Engineer,1989-02-03,1994-02-03
14226,Chirstian,Restivo,Engineer,1994-02-03,1999-02-03
14226,Chirstian,Restivo,Senior Engineer,1999-02-03,9999-01-01
14229,Remko,Schahn,Senior Staff,1992-02-25,9999-01-01
14235,Eben,Papsdorf,Senior Staff,1998-09-22,2001-06-06
14238,Barton,Puoti,Senior Staff,1997-02-14,9999-01-01
14238,Barton,Puoti,Staff,1988-02-15,1997-02-14
14250,Vitaly,DeMori,Staff,1996-06-16,2000-12-20
14274,Shigeaki,Radivojevic,Senior Staff,2002-01-28,9999-01-01
14274,Shigeaki,Radivojevic,Staff,1993-01-28,2002-01-28
14288,Kayoko,Sevcikova,Engineer,1987-04-03,1992-04-02
14288,Kayoko,Sevcikova,Senior Engineer,1992-04-02,9999-01-01
14291,Berhard,Rodier,Assistant Engineer,1993-01-09,2001-01-09
14291,Berhard,Rodier,Engineer,2001-01-09,9999-01-01
14307,Yinlin,Wrigley,Engineer,1994-01-16,1999-01-16
14307,Yinlin,Wrigley,Senior Engineer,1999-01-16,9999-01-01
14318,Moie,Kilgore,Senior Staff,2001-04-02,9999-01-01
14318,Moie,Kilgore,Staff,1993-04-02,2001-04-02
14328,Perry,Randi,Senior Staff,1992-10-21,9999-01-01
14346,Yuguang,Felcyn,Engineer,1987-10-12,1992-10-11
14346,Yuguang,Felcyn,Senior Engineer,1992-10-11,9999-01-01
14349,Taegyun,McFarlin,Engineer,1997-03-17,2002-03-17
14349,Taegyun,McFarlin,Senior Engineer,2002-03-17,9999-01-01
14351,Randy,Zultner,Engineer,1988-08-29,1995-08-30
14351,Randy,Zultner,Senior Engineer,1995-08-30,9999-01-01
14358,Samphel,Serre,Senior Staff,1990-09-19,9999-01-01
14358,Samphel,Serre,Staff,1985-09-19,1990-09-19
14363,Phule,Yemenis,Engineer,1985-06-27,1990-06-27
14363,Phule,Yemenis,Senior Engineer,1990-06-27,9999-01-01
14366,Gererd,Laventhal,Senior Staff,1996-07-12,9999-01-01
14366,Gererd,Laventhal,Staff,1990-07-13,1996-07-12
14368,Akemi,Conde,Senior Engineer,1997-05-04,9999-01-01
14386,Willard,Foong,Engineer,1998-06-02,9999-01-01
14389,Aiman,Middleton,Assistant Engineer,1993-10-16,2000-10-16
14389,Aiman,Middleton,Engineer,2000-10-16,9999-01-01
14392,Froduald,Laventhal,Engineer,1988-11-28,1995-11-29
14392,Froduald,Laventhal,Senior Engineer,1995-11-29,9999-01-01
14393,Jianhua,Kolinko,Engineer,1993-09-21,1999-09-21
14393,Jianhua,Kolinko,Senior Engineer,1999-09-21,9999-01-01
14405,Cathie,Casperson,Technique Leader,1987-08-21,9999-01-01
14412,Waiman,McConalogue,Assistant Engineer,1990-06-30,1999-06-30
14412,Waiman,McConalogue,Engineer,1999-06-30,2000-01-22
14426,Michaela,Stassinopoulos,Engineer,1989-07-20,1994-07-20
14426,Michaela,Stassinopoulos,Senior Engineer,1994-07-20,1996-10-13
14475,Mingzeng,Hiraishi,Staff,1997-03-31,1997-08-27
14482,Aron,Matheson,Assistant Engineer,1987-03-08,1993-03-07
14482,Aron,Matheson,Engineer,1993-03-07,1999-03-07
14482,Aron,Matheson,Senior Engineer,1999-03-07,2001-05-29
14492,Goa,Busillo,Senior Engineer,1999-01-19,2001-06-02
14511,Otilia,Luks,Engineer,1995-06-21,2001-06-20
14511,Otilia,Luks,Senior Engineer,2001-06-20,9999-01-01
14558,Saeed,Vanwelkenhuysen,Engineer,1991-03-18,1997-03-17
14558,Saeed,Vanwelkenhuysen,Senior Engineer,1997-03-17,9999-01-01
14559,Leif,Luck,Engineer,1999-01-05,2002-05-30
14578,Leandro,Speel,Engineer,1994-10-09,1999-10-09
14578,Leandro,Speel,Senior Engineer,1999-10-09,9999-01-01
14580,Hilari,Roison,Assistant Engineer,1988-11-09,1993-11-09
14580,Hilari,Roison,Engineer,1993-11-09,1998-11-09
14580,Hilari,Roison,Senior Engineer,1998-11-09,9999-01-01
14588,Amalendu,McAlpine,Technique Leader,1987-04-12,9999-01-01
14591,Martijn,Akiyama,Senior Staff,2000-01-26,9999-01-01
14591,Martijn,Akiyama,Staff,1992-01-26,2000-01-26
14626,Adib,Tramer,Engineer,1988-11-09,1995-11-10
14626,Adib,Tramer,Senior Engineer,1995-11-10,9999-01-01
14637,Aruna,Syrzycki,Senior Staff,2000-01-26,9999-01-01
14637,Aruna,Syrzycki,Staff,1992-01-26,2000-01-26
14638,Herb,Kroll,Staff,1997-05-23,1998-11-26
14644,Yefim,Oxman,Senior Staff,2000-05-13,9999-01-01
14644,Yefim,Oxman,Staff,1992-05-13,2000-05-13
14695,Udo,Cromarty,Senior Staff,1995-02-25,1996-09-23
14695,Udo,Cromarty,Staff,1989-02-25,1995-02-25
14705,Stella,Leonhardt,Senior Staff,1999-06-05,9999-01-01
14707,Dung,Barreiro,Senior Staff,2001-10-23,9999-01-01
14707,Dung,Barreiro,Staff,1996-10-23,2001-10-23
14718,Arto,Gniady,Senior Staff,2001-09-16,9999-01-01
14718,Arto,Gniady,Staff,1992-09-16,2001-09-16
14738,Changho,Himler,Senior Staff,2001-10-27,9999-01-01
14738,Changho,Himler,Staff,1994-10-27,2001-10-27
14790,Leucio,Awdeh,Senior Engineer,1994-04-24,2001-07-28
14805,Elliott,Ramalingam,Senior Staff,1990-07-15,9999-01-01
14816,Lijia,Hebden,Senior Staff,1997-04-01,2000-12-16
14816,Lijia,Hebden,Staff,1992-04-01,1997-04-01
14832,Torsten,Siprelle,Staff,1998-06-23,9999-01-01
14833,Jaques,Welham,Senior Staff,1994-06-15,9999-01-01
14833,Jaques,Welham,Staff,1988-06-15,1994-06-15
14834,Martijn,Oskamp,Engineer,1987-02-25,1993-02-24
14834,Martijn,Oskamp,Senior Engineer,1993-02-24,1999-06-18
14840,Utpal,Tagansky,Engineer,1995-07-06,1999-04-09
14844,Mats,Rabejac,Technique Leader,1986-10-22,9999-01-01
14851,Mani,Krogh,Senior Staff,2002-03-03,9999-01-01
14851,Mani,Krogh,Staff,1993-03-03,2002-03-03
14852,George,Lindenbaum,Senior Staff,1985-10-03,9999-01-01
14863,Achilleas,Yavatkar,Senior Staff,2002-03-23,9999-01-01
14863,Achilleas,Yavatkar,Staff,1996-03-23,2002-03-23
14869,Mayuko,Redmiles,Engineer,1991-08-19,2000-08-18
14869,Mayuko,Redmiles,Senior Engineer,2000-08-18,9999-01-01
14875,Chiradeep,Beetstra,Engineer,1991-04-21,1999-04-21
14875,Chiradeep,Beetstra,Senior Engineer,1999-04-21,9999-01-01
14890,Akeno,Gonthier,Engineer,1999-10-31,2000-11-25
14900,Becky,Gecseg,Assistant Engineer,1993-06-21,2002-06-21
14900,Becky,Gecseg,Engineer,2002-06-21,9999-01-01
14910,Georgy,Bahi,Engineer,1998-09-23,9999-01-01
14943,Youngkon,Christianini,Senior Staff,1996-07-19,9999-01-01
14986,Perla,Srimani,Senior Staff,2001-12-10,9999-01-01
14986,Perla,Srimani,Staff,1994-12-10,2001-12-10
14988,Khosrow,Pappas,Engineer,1993-03-11,1998-03-11
14988,Khosrow,Pappas,Senior Engineer,1998-03-11,9999-01-01
14994,Mostafa,Middleton,Senior Staff,1995-10-13,9999-01-01
14997,Kshitij,Lamba,Engineer,1988-07-06,1994-07-06
14997,Kshitij,Lamba,Senior Engineer,1994-07-06,9999-01-01
15007,Visit,Sridhar,Staff,1998-08-22,9999-01-01
15008,Mario,Swab,Senior Staff,1997-06-04,9999-01-01
15008,Mario,Swab,Staff,1990-06-04,1997-06-04
15031,Mark,Naumovich,Engineer,1994-09-30,2001-09-30
15031,Mark,Naumovich,Senior Engineer,2001-09-30,9999-01-01
15034,Pranas,Hoogerwoord,Engineer,1986-01-08,1995-01-08
15034,Pranas,Hoogerwoord,Senior Engineer,1995-01-08,9999-01-01
15045,Marco,Luby,Senior Engineer,1986-05-14,9999-01-01
15079,Akeno,Henders,Engineer,1999-05-20,9999-01-01
15100,Akeel,Haumacher,Staff,1998-07-26,9999-01-01
15108,Odinaldo,Kitsuregawa,Assistant Engineer,1993-06-03,2002-06-03
15108,Odinaldo,Kitsuregawa,Engineer,2002-06-03,9999-01-01
15127,Sanjeeva,Binkley,Senior Staff,1991-01-16,1999-02-21
15137,Pradeep,Menhardt,Staff,1997-05-02,1998-04-02
15148,Baoqiu,Wendorf,Senior Engineer,1996-09-30,1998-08-18
15161,Sushant,Sanella,Senior Staff,1998-12-05,9999-01-01
15161,Sushant,Sanella,Staff,1992-12-05,1998-12-05
15165,Hausi,Morrin,Senior Engineer,1991-03-19,9999-01-01
15174,Otilia,Salinas,Staff,1993-04-22,1993-05-17
15177,Kousuke,Luiz,Staff,1998-02-21,2000-08-19
15180,Shahid,Schiettecatte,Senior Engineer,1995-01-25,1996-06-08
15185,Anoosh,Mitchem,Engineer,1995-04-08,2001-04-07
15185,Anoosh,Mitchem,Senior Engineer,2001-04-07,9999-01-01
15186,Kenroku,Birdsall,Senior Staff,1996-12-06,9999-01-01
15186,Kenroku,Birdsall,Staff,1989-12-06,1996-12-06
15192,Felicidad,Goodrum,Engineer,1989-04-24,1998-04-24
15192,Felicidad,Goodrum,Senior Engineer,1998-04-24,9999-01-01
15206,Yaghout,Azulay,Senior Staff,2001-12-19,9999-01-01
15206,Yaghout,Azulay,Staff,1995-12-20,2001-12-19
15215,Shridhar,Lichtner,Technique Leader,1991-02-06,1995-12-23
15225,Susanna,Manderick,Senior Staff,1994-07-17,9999-01-01
15227,Bernd,Schusler,Senior Staff,1998-03-15,9999-01-01
15227,Bernd,Schusler,Staff,1993-03-15,1998-03-15
15236,Haldun,Perng,Engineer,1986-08-13,1992-08-12
15236,Haldun,Perng,Senior Engineer,1992-08-12,9999-01-01
15242,Kasturi,Strehl,Senior Staff,1996-07-09,9999-01-01
15247,Ugo,Mungall,Staff,1994-09-14,9999-01-01
15250,Abdelghani,Fraisse,Engineer,1992-10-28,2000-10-28
15250,Abdelghani,Fraisse,Senior Engineer,2000-10-28,9999-01-01
15260,Dmitri,Herber,Engineer,1989-03-15,1994-03-15
15260,Dmitri,Herber,Senior Engineer,1994-03-15,1995-08-31
15267,Zita,Streng,Engineer,1997-01-27,9999-01-01
15270,Premsyl,Beutelspacher,Senior Staff,2002-05-09,9999-01-01
15270,Premsyl,Beutelspacher,Staff,1994-05-09,2002-05-09
15273,Kwangsub,Clemencon,Senior Staff,1996-03-31,9999-01-01
15281,Thanasis,Smeets,Senior Engineer,1988-08-29,9999-01-01
15284,Maja,Hiraishi,Senior Staff,1987-11-18,9999-01-01
15294,Kwangsub,Cyre,Engineer,1999-06-07,9999-01-01
15304,Menkae,Sethi,Staff,1987-11-21,1991-03-31
15305,JoAnna,Jayawardene,Engineer,1990-05-12,1998-05-12
15305,JoAnna,Jayawardene,Senior Engineer,1998-05-12,9999-01-01
15342,Gopalakrishnan,Osgood,Senior Staff,1999-04-26,9999-01-01
15342,Gopalakrishnan,Osgood,Staff,1992-04-25,1999-04-26
15359,Yinlin,Schmiedel,Staff,1985-10-19,1988-09-16
15383,Shimshon,Kakkar,Engineer,1994-07-21,2000-07-20
15383,Shimshon,Kakkar,Senior Engineer,2000-07-20,9999-01-01
15402,Lijia,Lamba,Senior Staff,1999-06-04,9999-01-01
15402,Lijia,Lamba,Staff,1994-06-04,1999-06-04
15416,Toshiki,Savasere,Senior Staff,1994-02-28,9999-01-01
15416,Toshiki,Savasere,Staff,1986-02-28,1994-02-28
15442,Seongbae,Hoogerwoord,Engineer,1996-07-23,9999-01-01
15464,Slavian,Glinert,Senior Staff,1986-10-25,9999-01-01
15492,Jayesh,Kulisch,Senior Staff,1989-04-02,9999-01-01
15494,Rosita,Ambroszkiewicz,Senior Engineer,1995-02-12,9999-01-01
15506,Zhenbing,Perz,Staff,1992-09-07,1998-11-29
15570,Mohua,Pargaonkar,Engineer,1986-06-18,1993-06-18
15570,Mohua,Pargaonkar,Senior Engineer,1993-06-18,9999-01-01
15589,Jaihie,Rehfuss,Engineer,1995-03-20,2000-03-19
15589,Jaihie,Rehfuss,Senior Engineer,2000-03-19,9999-01-01
15590,Shuichi,Kaminger,Senior Staff,1994-09-26,1999-01-07
15590,Shuichi,Kaminger,Staff,1986-09-26,1994-09-26
15594,Fumino,Peck,Engineer,1988-11-10,1997-11-10
15594,Fumino,Peck,Senior Engineer,1997-11-10,9999-01-01
15618,Adin,Asser,Engineer,1990-08-12,1999-08-12
15618,Adin,Asser,Senior Engineer,1999-08-12,9999-01-01
15642,Arve,Hempstead,Technique Leader,1990-10-27,9999-01-01
15660,Georgi,Hartvigsen,Engineer,1996-12-27,9999-01-01
15674,Sachio,Journel,Senior Staff,1996-04-28,9999-01-01
15674,Sachio,Journel,Staff,1988-04-28,1996-04-28
15699,Charlene,Huxford,Technique Leader,1994-09-30,9999-01-01
15709,Lena,Aloisi,Senior Staff,1985-03-11,9999-01-01
15729,Tse,Baalen,Staff,1987-06-01,1989-03-25
15755,Oksana,Esposito,Assistant Engineer,1988-08-06,1996-08-06
15755,Oksana,Esposito,Engineer,1996-08-06,9999-01-01
15764,Uli,Rettelbach,Senior Staff,1995-03-13,9999-01-01
15764,Uli,Rettelbach,Staff,1988-03-12,1995-03-13
15774,Yoshimitsu,Makinen,Engineer,1998-03-13,9999-01-01
15781,Rafail,Gomatam,Senior Staff,2001-07-08,9999-01-01
15781,Rafail,Gomatam,Staff,1995-07-09,2001-07-08
15789,Elgin,Veeraraghavan,Staff,2000-01-30,9999-01-01
15831,Arno,Bridgland,Engineer,1986-03-20,1991-03-20
15831,Arno,Bridgland,Senior Engineer,1991-03-20,9999-01-01
15854,Yinlin,Montemayor,Engineer,1992-06-07,1996-09-25
15878,Chrisa,Peris,Staff,1990-06-29,1991-09-02
15887,Sampalli,Lorch,Assistant Engineer,1990-05-03,1997-05-03
15887,Sampalli,Lorch,Engineer,1997-05-03,9999-01-01
15903,Shao,Hedayat,Engineer,1995-06-24,1997-02-19
15924,Christoper,Turnbull,Engineer,1991-03-29,1998-03-29
15924,Christoper,Turnbull,Senior Engineer,1998-03-29,9999-01-01
15965,Gudjon,Braccini,Staff,1993-11-11,9999-01-01
15982,Percy,Nishimukai,Engineer,1992-07-05,1994-04-10
15990,Hitomi,Denis,Engineer,1988-09-15,1996-09-15
15990,Hitomi,Denis,Senior Engineer,1996-09-15,1997-04-26
16030,Pranas,Hiroyama,Senior Staff,1997-03-29,9999-01-01
16039,Satoru,Menhoudj,Technique Leader,1990-01-31,9999-01-01
16044,Mang,Heinisuo,Senior Staff,1993-07-11,9999-01-01
16044,Mang,Heinisuo,Staff,1985-07-11,1993-07-11
16079,Leen,Shrader,Senior Engineer,1990-02-20,9999-01-01
16084,Margo,Impagliazzo,Engineer,1985-04-11,1992-04-11
16084,Margo,Impagliazzo,Senior Engineer,1992-04-11,1992-12-04
16102,Yagil,Duclos,Engineer,1991-08-21,1998-08-21
16102,Yagil,Duclos,Senior Engineer,1998-08-21,9999-01-01
16160,Mayuri,Halloran,Senior Staff,2000-11-15,9999-01-01
16160,Mayuri,Halloran,Staff,1994-11-16,2000-11-15
16167,Emdad,Ressouche,Engineer,1994-08-06,1996-07-11
16181,Martien,Ranft,Engineer,1986-10-22,1992-10-21
16181,Martien,Ranft,Senior Engineer,1992-10-21,9999-01-01
16193,Basim,Ramsay,Senior Staff,1995-02-16,9999-01-01
16193,Basim,Ramsay,Staff,1988-02-16,1995-02-16
16195,Junsik,Chimia,Assistant Engineer,1996-03-18,1998-12-13
16209,Kristen,Stiles,Senior Engineer,1989-07-08,9999-01-01
16220,Alenka,Sooriamurthi,Senior Staff,2000-01-01,9999-01-01
16220,Alenka,Sooriamurthi,Staff,1995-01-01,2000-01-01
16226,Fay,Luan,Staff,1993-12-12,9999-01-01
16240,Bernice,Bala,Technique Leader,1987-02-28,9999-01-01
16269,Sanjoy,Condotta,Staff,1998-10-30,9999-01-01
16288,Marl,Vernadat,Senior Staff,1997-02-20,9999-01-01
16288,Marl,Vernadat,Staff,1990-02-20,1997-02-20
16297,Aiman,Brendel,Staff,1999-07-13,9999-01-01
16306,Gor,Nations,Engineer,1994-09-16,1999-09-16
16306,Gor,Nations,Senior Engineer,1999-09-16,9999-01-01
16325,Billie,Picel,Technique Leader,1998-01-29,9999-01-01
16336,Ranan,Akaboshi,Engineer,1989-08-03,1996-08-03
16336,Ranan,Akaboshi,Senior Engineer,1996-08-03,9999-01-01
16387,Randi,Bergere,Senior Staff,1999-01-21,1999-08-01
16393,Sandeepan,Rosca,Senior Staff,2002-07-18,9999-01-01
16393,Sandeepan,Rosca,Staff,1997-07-18,2002-07-18
16410,Eberhardt,Biron,Senior Engineer,1997-01-24,2000-02-25
16430,Paraskevi,Sifakis,Senior Engineer,1986-09-06,9999-01-01
16454,Lucian,Gente,Engineer,1998-06-19,9999-01-01
16456,Nigel,Murtagh,Engineer,1985-10-31,1991-10-31
16456,Nigel,Murtagh,Senior Engineer,1991-10-31,1994-12-01
16460,Shin,Cherinka,Engineer,1987-03-15,1992-03-14
16460,Shin,Cherinka,Senior Engineer,1992-03-14,9999-01-01
16469,Arto,Luan,Engineer,1998-03-06,1998-07-21
16474,Gina,Krogh,Senior Staff,1992-07-26,9999-01-01
16485,Baruch,Klassen,Senior Staff,1986-03-17,9999-01-01
16494,Bedir,Swen,Engineer,1999-02-17,9999-01-01
16497,Tzu,Lorin,Staff,2000-01-06,9999-01-01
16509,Girolamo,Bain,Engineer,1999-01-16,2000-12-21
16547,Qunsheng,Ladret,Assistant Engineer,2000-01-06,2000-09-01
16558,Jiong,Eppinger,Senior Staff,1995-05-17,9999-01-01
16572,Matt,Aamodt,Engineer,1987-06-16,1993-06-15
16572,Matt,Aamodt,Senior Engineer,1993-06-15,2000-11-20
16579,Youssef,Rijckaert,Engineer,1992-08-22,1998-08-22
16579,Youssef,Rijckaert,Senior Engineer,1998-08-22,9999-01-01
16592,Sugwoo,Brookner,Engineer,1997-07-01,9999-01-01
16599,Eckart,Asmuth,Assistant Engineer,1988-11-30,1994-11-30
16599,Eckart,Asmuth,Engineer,1994-11-30,2000-11-29
16599,Eckart,Asmuth,Senior Engineer,2000-11-29,9999-01-01
16605,Anestis,Taneja,Senior Staff,1988-04-12,9999-01-01
16623,Stepehn,Boudaillier,Staff,1999-10-13,9999-01-01
16633,Baoqiu,Erie,Staff,1996-07-05,9999-01-01
16634,Parviz,Peroz,Senior Staff,1997-01-18,9999-01-01
16634,Parviz,Peroz,Staff,1990-01-18,1997-01-18
16650,Khun,Thisen,Staff,1999-10-06,2002-03-17
16659,Subhash,Yurov,Staff,1987-09-18,1990-12-29
16671,Kish,Orlowska,Staff,1994-01-01,9999-01-01
16702,Gal,Feldmann,Senior Staff,2000-04-08,9999-01-01
16702,Gal,Feldmann,Staff,1991-04-09,2000-04-08
16734,Bedir,Birch,Senior Staff,2000-03-26,9999-01-01
16734,Bedir,Birch,Staff,1992-03-26,2000-03-26
16741,Tzvetan,Kalafatis,Technique Leader,1989-09-23,9999-01-01
16755,Ult,Hartvigsen,Senior Staff,1994-08-23,9999-01-01
16755,Ult,Hartvigsen,Staff,1988-08-23,1994-08-23
16761,Ziva,Vrecion,Senior Staff,1993-11-26,9999-01-01
16761,Ziva,Vrecion,Staff,1986-11-26,1993-11-26
16762,Ronnie,Bresenham,Staff,1998-10-29,9999-01-01
16764,Lakshmi,Kugler,Engineer,1989-10-27,1996-10-27
16764,Lakshmi,Kugler,Senior Engineer,1996-10-27,1998-10-03
16773,Duri,Pramanik,Staff,1998-02-26,9999-01-01
16818,Marko,Rebaine,Engineer,1990-03-11,1995-03-11
16818,Marko,Rebaine,Senior Engineer,1995-03-11,9999-01-01
16823,Toshimi,Eiter,Engineer,1989-10-30,1990-05-08
16827,Debaprosad,Stafford,Staff,1998-08-18,9999-01-01
16834,Jiafu,Peng,Senior Staff,1998-10-24,9999-01-01
16834,Jiafu,Peng,Staff,1991-10-24,1998-10-24
16835,Masanao,Puppo,Engineer,1987-09-30,1995-09-30
16835,Masanao,Puppo,Senior Engineer,1995-09-30,9999-01-01
16844,Geoffry,Kitai,Senior Staff,2002-03-04,9999-01-01
16844,Geoffry,Kitai,Staff,1995-03-04,2002-03-04
16845,Mabo,Osgood,Assistant Engineer,1988-07-08,1997-07-08
16845,Mabo,Osgood,Engineer,1997-07-08,9999-01-01
16867,Felicidad,Garigliano,Senior Engineer,1988-07-12,9999-01-01
16877,Roded,Azuma,Engineer,1993-03-15,2002-03-15
16877,Roded,Azuma,Senior Engineer,2002-03-15,9999-01-01
16916,Kerhong,Eickenmeyer,Senior Staff,1992-11-21,9999-01-01
16924,Halsur,Waterhouse,Senior Engineer,1990-10-13,9999-01-01
16939,Georgi,Ranon,Engineer,1988-10-15,1996-10-15
16939,Georgi,Ranon,Senior Engineer,1996-10-15,9999-01-01
16967,Yuping,Cromarty,Staff,1992-03-13,1997-06-01
16981,Gino,Fontan,Engineer,1998-11-14,9999-01-01
16992,Kiyomitsu,Ranka,Technique Leader,1985-09-05,9999-01-01
17016,Dzung,Cools,Senior Staff,1990-04-23,9999-01-01
17017,Kish,Landherr,Engineer,1992-12-24,1998-12-24
17017,Kish,Landherr,Senior Engineer,1998-12-24,9999-01-01
17021,Shan,Mukaidono,Engineer,1987-11-10,1996-11-09
17021,Shan,Mukaidono,Senior Engineer,1996-11-09,9999-01-01
17022,Tianruo,Sevcikova,Engineer,1986-12-07,1989-09-21
17023,Chuanyi,Ligten,Technique Leader,1995-06-28,9999-01-01
17049,Mayuko,Georgakopoulos,Engineer,1998-06-30,9999-01-01
17051,Jenwei,Hedayat,Assistant Engineer,1991-05-18,1999-05-18
17051,Jenwei,Hedayat,Engineer,1999-05-18,9999-01-01
17053,Rosli,Vakili,Engineer,1999-09-23,9999-01-01
17060,Pranjal,Waterhouse,Senior Engineer,1993-11-04,9999-01-01
17065,Bader,Spelt,Engineer,1998-07-01,2000-07-30
17071,Koldo,Calkin,Engineer,1986-09-30,1991-01-09
17109,Annemarie,Msuda,Staff,1997-12-21,9999-01-01
17127,Eirik,Bernardeschi,Engineer,1989-06-30,1997-06-30
17127,Eirik,Bernardeschi,Senior Engineer,1997-06-30,9999-01-01
17142,Rosalyn,Vanwelkenhuysen,Engineer,1988-05-21,1996-05-21
17142,Rosalyn,Vanwelkenhuysen,Senior Engineer,1996-05-21,9999-01-01
17144,Feixiong,Zumaque,Staff,1987-11-15,1991-10-31
17178,Fumitaka,Kopetz,Engineer,1996-06-25,2001-06-25
17178,Fumitaka,Kopetz,Senior Engineer,2001-06-25,9999-01-01
17208,Kiyokazu,Melichar,Senior Staff,2001-12-25,9999-01-01
17208,Kiyokazu,Melichar,Staff,1996-12-25,2001-12-25
17213,Francoise,Miake,Senior Staff,2001-03-20,9999-01-01
17213,Francoise,Miake,Staff,1994-03-20,2001-03-20
17242,Uzi,Papadias,Technique Leader,1988-01-27,1996-01-20
17246,Shuzo,DasSarma,Engineer,1997-12-05,9999-01-01
17247,Lunjin,Muntz,Senior Staff,1995-03-05,2000-09-20
17247,Lunjin,Muntz,Staff,1987-03-05,1995-03-05
17292,Gunilla,Maccarone,Senior Staff,1998-06-19,9999-01-01
17302,Hironobu,Rusterholz,Staff,1995-03-11,9999-01-01
17304,Make,Conry,Engineer,1992-12-29,1997-12-29
17304,Make,Conry,Senior Engineer,1997-12-29,9999-01-01
17309,Shigeichiro,Streit,Assistant Engineer,1991-07-28,1998-07-28
17309,Shigeichiro,Streit,Engineer,1998-07-28,9999-01-01
17362,Ibibia,Plavsic,Senior Staff,1996-03-17,2000-07-09
17362,Ibibia,Plavsic,Staff,1989-03-17,1996-03-17
17394,Danae,Marzano,Senior Staff,1996-05-09,9999-01-01
17402,Tuval,Botman,Engineer,1998-12-10,9999-01-01
17403,Pantung,Rosch,Engineer,1999-08-16,1999-11-23
17409,Heejo,Serra,Senior Staff,1992-05-17,1999-09-21
17409,Heejo,Serra,Staff,1986-05-18,1992-05-17
17426,Sigeru,Cyne,Staff,1999-10-23,9999-01-01
17430,Marlo,Hertweck,Engineer,1990-09-19,1997-09-19
17430,Marlo,Hertweck,Senior Engineer,1997-09-19,9999-01-01
17438,Lunjin,Madeira,Engineer,1996-03-12,9999-01-01
17449,Shaw,Isaac,Engineer,1992-05-08,1997-05-08
17449,Shaw,Isaac,Senior Engineer,1997-05-08,9999-01-01
17450,Jinpo,Fairtlough,Staff,1997-11-02,9999-01-01
17454,Masaru,Baezner,Engineer,1985-05-26,1990-05-26
17454,Masaru,Baezner,Senior Engineer,1990-05-26,9999-01-01
17467,Alagu,Mikschl,Senior Staff,1998-05-29,9999-01-01
17481,Irene,Tiemann,Senior Staff,1991-12-22,9999-01-01
17481,Irene,Tiemann,Staff,1985-12-22,1991-12-22
17492,Heon,Rodite,Engineer,1986-08-08,1994-08-08
17492,Heon,Rodite,Senior Engineer,1994-08-08,9999-01-01
17509,Rimli,Vandervoorde,Senior Engineer,1990-05-27,9999-01-01
17517,Marsha,Terwilliger,Engineer,1995-01-12,2000-01-12
17517,Marsha,Terwilliger,Senior Engineer,2000-01-12,9999-01-01
17541,Margo,Vanwelkenhuysen,Engineer,1988-04-17,1993-04-17
17541,Margo,Vanwelkenhuysen,Senior Engineer,1993-04-17,9999-01-01
17561,Zhanqiu,Chorvat,Senior Staff,2002-07-11,9999-01-01
17561,Zhanqiu,Chorvat,Staff,1996-07-11,2002-07-11
17587,Stella,Businaro,Senior Staff,2000-05-20,9999-01-01
17587,Stella,Businaro,Staff,1994-05-21,2000-05-20
17623,Karlis,Loncour,Engineer,1998-10-11,9999-01-01
17636,Slavian,Tagansky,Senior Staff,2001-01-29,9999-01-01
17636,Slavian,Tagansky,Staff,1994-01-29,2001-01-29
17637,Anestis,Comte,Engineer,1997-08-08,9999-01-01
17658,Bilhanan,Waymire,Technique Leader,1992-03-29,9999-01-01
17669,Shigehiro,Kruskal,Senior Staff,1989-07-15,1992-12-25
17708,Berhard,Wrigley,Engineer,1997-08-01,9999-01-01
17719,Berto,Sidje,Engineer,1994-12-05,1996-05-27
17759,Urs,Parfitt,Engineer,1990-09-25,1991-02-20
17767,Jianwen,Akazan,Senior Staff,1998-03-17,9999-01-01
17767,Jianwen,Akazan,Staff,1991-03-17,1998-03-17
17782,Ugo,Improta,Engineer,1993-07-09,2002-07-09
17782,Ugo,Improta,Senior Engineer,2002-07-09,9999-01-01
17785,Rasikan,Deville,Senior Staff,1999-04-23,9999-01-01
17789,Snehasis,Gilg,Senior Engineer,1999-12-31,9999-01-01
17792,Goncalo,Ermel,Engineer,1995-09-26,9999-01-01
17794,Duke,Baaleh,Staff,1996-02-23,1998-11-18
17797,Yefim,Solares,Senior Staff,1997-06-18,1997-09-06
17797,Yefim,Solares,Staff,1988-06-18,1997-06-18
17817,Eirik,Ranon,Engineer,1988-09-01,1997-09-01
17817,Eirik,Ranon,Senior Engineer,1997-09-01,9999-01-01
17821,Irena,Merks,Technique Leader,1991-03-10,9999-01-01
17832,Joydip,Ermel,Staff,1994-12-11,1995-11-17
17848,Zhonghua,Veccia,Senior Staff,1993-03-31,9999-01-01
17848,Zhonghua,Veccia,Staff,1985-03-31,1993-03-31
17872,Mayumi,Alvarado,Technique Leader,1991-10-23,9999-01-01
17873,Eran,DuCasse,Assistant Engineer,1989-08-24,1998-08-24
17873,Eran,DuCasse,Engineer,1998-08-24,9999-01-01
17884,Jixiang,Pashtan,Engineer,1996-06-17,9999-01-01
17886,Jayesh,Botman,Senior Staff,1988-04-23,9999-01-01
17887,Wilmer,Birch,Engineer,1995-05-19,1996-05-21
17893,Randy,Schlegelmilch,Senior Staff,2001-07-27,9999-01-01
17893,Randy,Schlegelmilch,Staff,1996-07-27,2001-07-27
17895,Jaewon,Pezzoli,Engineer,1989-12-03,1997-12-03
17895,Jaewon,Pezzoli,Senior Engineer,1997-12-03,9999-01-01
17904,Supot,Pokrovskii,Staff,1998-04-20,2001-08-21
17910,Jianwen,Nooteboom,Engineer,1991-01-24,1999-01-24
17910,Jianwen,Nooteboom,Senior Engineer,1999-01-24,9999-01-01
17917,Houman,Androutsos,Technique Leader,1996-02-12,2001-05-26
17936,Weiru,Adachi,Engineer,1991-07-04,1993-01-25
17948,Tristan,Schonegge,Engineer,1989-11-01,1995-11-01
17948,Tristan,Schonegge,Senior Engineer,1995-11-01,9999-01-01
17966,Weicheng,Schwabacher,Assistant Engineer,1993-12-15,1999-12-15
17966,Weicheng,Schwabacher,Engineer,1999-12-15,9999-01-01
17975,Gilbert,Gire,Senior Staff,2002-03-28,9999-01-01
17975,Gilbert,Gire,Staff,1994-03-28,2002-03-28
17996,Oguz,Rahimi,Senior Staff,1994-09-16,9999-01-01
17996,Oguz,Rahimi,Staff,1989-09-16,1994-09-16
18027,Mandell,Chenoweth,Engineer,1998-07-10,9999-01-01
18037,Kwangsub,Takanami,Senior Staff,1998-03-04,9999-01-01
18037,Kwangsub,Takanami,Staff,1992-03-04,1998-03-04
18038,Yechezkel,Otillio,Senior Staff,1994-09-12,1999-03-16
18041,Ioana,Wossner,Senior Engineer,1987-06-05,9999-01-01
18062,Sasan,Schueller,Engineer,1992-04-28,2000-04-28
18062,Sasan,Schueller,Senior Engineer,2000-04-28,9999-01-01
18067,Masasuke,Dayana,Staff,1995-01-21,9999-01-01
18071,Hairong,Caine,Senior Staff,1992-01-22,9999-01-01
18071,Hairong,Caine,Staff,1986-01-22,1992-01-22
18082,Bluma,Itzfeldt,Staff,1995-07-31,9999-01-01
18088,Filipp,Bednarek,Engineer,1996-03-23,2002-03-23
18088,Filipp,Bednarek,Senior Engineer,2002-03-23,9999-01-01
18098,Aral,Pehl,Engineer,1992-08-13,2001-08-13
18098,Aral,Pehl,Senior Engineer,2001-08-13,9999-01-01
18102,Teunis,McAffer,Senior Engineer,1997-11-22,9999-01-01
18114,Yolla,Theuretzbacher,Senior Engineer,1987-12-06,1994-03-30
18116,Pascal,Claffy,Engineer,1988-03-25,1994-03-25
18116,Pascal,Claffy,Senior Engineer,1994-03-25,9999-01-01
18129,Taizo,Streng,Engineer,1998-04-13,9999-01-01
18133,Menkae,Zeilberger,Staff,1994-01-31,1998-12-08
18148,Annemarie,Remmele,Senior Engineer,1999-04-18,2000-08-24
18156,Masaru,Navazio,Engineer,1989-06-04,1995-06-04
18156,Masaru,Navazio,Senior Engineer,1995-06-04,9999-01-01
18170,Mariangiola,Vidya,Assistant Engineer,1994-06-19,1994-08-15
18196,Sachio,Taneja,Engineer,1985-08-10,1990-08-10
18196,Sachio,Taneja,Senior Engineer,1990-08-10,9999-01-01
18216,Jolita,Malinowski,Senior Staff,1998-11-22,9999-01-01
18260,Fumiya,Dymetman,Engineer,1993-01-22,2000-01-23
18260,Fumiya,Dymetman,Senior Engineer,2000-01-23,9999-01-01
18267,Atreye,Kabayashi,Senior Staff,1991-07-25,9999-01-01
18267,Atreye,Kabayashi,Staff,1986-07-25,1991-07-25
18273,Jongsuk,Lanteri,Technique Leader,1987-10-28,2001-11-08
18277,Krister,McAlpine,Senior Staff,1996-10-29,9999-01-01
18277,Krister,McAlpine,Staff,1991-10-30,1996-10-29
18295,Charmane,Broder,Engineer,1991-06-12,1995-12-15
18300,Urs,Lung,Senior Staff,2001-12-17,9999-01-01
18300,Urs,Lung,Staff,1993-12-17,2001-12-17
18314,Arunas,Erol,Staff,1999-12-12,2000-05-09
18344,Jackson,Nollmann,Senior Staff,2000-09-08,9999-01-01
18344,Jackson,Nollmann,Staff,1993-09-08,2000-09-08
18345,Feiyu,Greenaway,Senior Staff,1990-08-15,9999-01-01
18353,Szabolcs,Zhiwei,Staff,1995-03-11,1995-05-16
18357,Ranan,Ashish,Engineer,1988-04-19,1996-04-19
18357,Ranan,Ashish,Senior Engineer,1996-04-19,9999-01-01
18358,Jinpo,Zielinski,Engineer,1997-02-23,9999-01-01
18364,Takahito,Yetim,Senior Staff,1992-10-30,9999-01-01
18364,Takahito,Yetim,Staff,1986-10-31,1992-10-30
18373,Alejandro,Iivonen,Senior Staff,1995-11-16,9999-01-01
18373,Alejandro,Iivonen,Staff,1987-11-16,1995-11-16
18387,Fei,Curless,Engineer,1989-12-02,1997-12-02
18387,Fei,Curless,Senior Engineer,1997-12-02,9999-01-01
18416,Bernice,Wossner,Staff,1997-02-17,1998-09-19
18421,Kristine,Brendel,Senior Staff,1997-05-10,9999-01-01
18421,Kristine,Brendel,Staff,1992-05-10,1997-05-10
18423,Augustine,Baranowski,Technique Leader,1999-10-16,9999-01-01
18428,Stein,Boissier,Senior Staff,1991-08-07,9999-01-01
18428,Stein,Boissier,Staff,1985-08-07,1991-08-07
18451,Neven,Ecklund,Staff,1999-07-07,2000-02-28
18491,Keung,Junet,Staff,1996-06-27,9999-01-01
18500,Alagu,Snedden,Senior Staff,1992-09-27,1997-01-14
18500,Alagu,Snedden,Staff,1985-09-27,1992-09-27
18504,Shih,Anick,Engineer,1991-12-04,1997-12-03
18504,Shih,Anick,Senior Engineer,1997-12-03,9999-01-01
18518,Keung,Gischer,Engineer,1999-08-30,9999-01-01
18524,Bodo,Schonegge,Technique Leader,1994-08-11,9999-01-01
18528,Zito,Pramanik,Senior Engineer,1986-02-27,9999-01-01
18555,Utz,Ossenbruggen,Senior Staff,1997-05-01,9999-01-01
18555,Utz,Ossenbruggen,Staff,1989-05-01,1997-05-01
18557,Kwangsub,Rikino,Senior Staff,2001-04-10,9999-01-01
18557,Kwangsub,Rikino,Staff,1992-04-10,2001-04-10
18564,Hironoby,Peral,Engineer,1992-07-23,2000-07-23
18564,Hironoby,Peral,Senior Engineer,2000-07-23,9999-01-01
18610,Abdulah,Sigstam,Engineer,1990-04-11,1999-04-11
18610,Abdulah,Sigstam,Senior Engineer,1999-04-11,9999-01-01
18658,Subhrajyoti,Rubsam,Senior Staff,2001-03-28,9999-01-01
18658,Subhrajyoti,Rubsam,Staff,1995-03-29,2001-03-28
18685,Hilari,Fetvedt,Staff,1997-02-13,9999-01-01
18695,Kankanahalli,Mersereau,Staff,1999-04-01,9999-01-01
18757,Florina,Azumi,Engineer,1987-06-06,1992-06-05
18757,Florina,Azumi,Senior Engineer,1992-06-05,9999-01-01
18765,Sastry,Champarnaud,Senior Staff,1992-10-18,9999-01-01
18765,Sastry,Champarnaud,Staff,1987-10-19,1992-10-18
18767,Leni,Sommer,Staff,1995-04-22,9999-01-01
18774,Jaewoo,Frolund,Staff,1998-05-31,2001-06-12
18781,Kenton,Lorys,Technique Leader,1999-03-07,2002-06-28
18793,Theron,Atchley,Senior Engineer,1993-01-21,9999-01-01
18798,Khosrow,Gulik,Engineer,1998-05-22,9999-01-01
18807,Jessie,Docker,Senior Staff,1985-11-10,9999-01-01
18847,Hisao,Tetzlaff,Engineer,1994-12-17,2000-12-16
18847,Hisao,Tetzlaff,Senior Engineer,2000-12-16,9999-01-01
18848,Yaghout,Pagter,Senior Staff,1995-11-23,1995-12-25
18864,Saniya,Kaiserswerth,Senior Staff,1998-04-15,9999-01-01
18899,Breannda,Garnham,Senior Engineer,1989-04-19,9999-01-01
18909,Wayne,Frijda,Staff,1999-08-23,9999-01-01
18925,Stafford,Hutton,Assistant Engineer,1998-11-26,9999-01-01
18932,Sigeru,Plavsic,Engineer,1998-02-19,9999-01-01
18937,Susanna,Axelband,Assistant Engineer,1993-06-27,2000-06-27
18937,Susanna,Axelband,Engineer,2000-06-27,9999-01-01
18939,Nathalie,Linares,Staff,1999-01-19,2000-03-24
18959,Constantine,Unni,Engineer,1991-11-28,2000-11-27
18959,Constantine,Unni,Senior Engineer,2000-11-27,9999-01-01
18969,Vitali,Fujisawa,Senior Engineer,1986-12-30,9999-01-01
18975,Jiang,Ranst,Senior Staff,1999-05-01,9999-01-01
18975,Jiang,Ranst,Staff,1991-05-01,1999-05-01
18984,Aiman,Jahnichen,Engineer,1998-06-27,9999-01-01
18999,Saeko,Gulak,Engineer,1993-02-11,2002-02-11
18999,Saeko,Gulak,Senior Engineer,2002-02-11,9999-01-01
19009,Parke,Dechter,Engineer,1993-03-02,1996-12-11
19020,Yefim,Kitsuregawa,Engineer,1992-06-21,1998-06-21
19020,Yefim,Kitsuregawa,Senior Engineer,1998-06-21,9999-01-01
19033,Serenella,Birdsall,Senior Staff,1994-03-13,9999-01-01
19033,Serenella,Birdsall,Staff,1986-03-13,1994-03-13
19040,Marit,Douceur,Senior Engineer,1999-04-17,9999-01-01
19054,Hatem,Melski,Engineer,1986-04-30,1993-04-30
19054,Hatem,Melski,Senior Engineer,1993-04-30,9999-01-01
19055,Yongmin,Prochazka,Staff,1998-02-02,9999-01-01
19061,Aris,Stroustrup,Senior Staff,1996-05-15,9999-01-01
19061,Aris,Stroustrup,Staff,1991-05-16,1996-05-15
19067,Poorav,Usdin,Assistant Engineer,1993-03-06,2000-03-06
19067,Poorav,Usdin,Engineer,2000-03-06,9999-01-01
19085,Guoxiang,Stranks,Technique Leader,1995-11-10,2002-05-26
19092,Pantung,Hertweck,Engineer,1988-10-22,1992-06-23
19096,Zhiwei,Trelles,Senior Staff,1997-07-30,9999-01-01
19096,Zhiwei,Trelles,Staff,1988-07-30,1997-07-30
19097,Marsha,Zeilberger,Engineer,1989-11-05,1998-11-05
19097,Marsha,Zeilberger,Senior Engineer,1998-11-05,9999-01-01
19123,Boutros,Basagni,Engineer,1992-07-05,1997-07-05
19123,Boutros,Basagni,Senior Engineer,1997-07-05,9999-01-01
19131,Remco,Eickenmeyer,Senior Staff,2000-09-04,9999-01-01
19131,Remco,Eickenmeyer,Staff,1991-09-05,2000-09-04
19142,Adib,Zykh,Staff,1997-09-23,9999-01-01
19163,Adly,Garnham,Engineer,1995-09-20,9999-01-01
19170,Felicidad,Mitina,Assistant Engineer,1997-10-02,9999-01-01
19176,Kien,Rajcani,Senior Staff,1991-05-02,9999-01-01
19196,Leucio,Sury,Senior Staff,2000-01-28,2000-05-12
19208,Martien,Gips,Staff,1994-07-26,1998-11-26
19214,Patricia,Gulla,Staff,1997-09-15,9999-01-01
19221,Gonzalo,Engberts,Staff,1995-01-10,9999-01-01
19228,LiMin,Siochi,Engineer,1985-05-21,1994-05-21
19228,LiMin,Siochi,Senior Engineer,1994-05-21,9999-01-01
19233,Zhanqiu,Nanard,Staff,1998-03-23,9999-01-01
19234,Kazuhira,Cooke,Engineer,1995-09-22,2001-09-21
19234,Kazuhira,Cooke,Senior Engineer,2001-09-21,9999-01-01
19243,Chenyi,Vitiello,Senior Staff,1993-02-24,9999-01-01
19252,Luerbio,Constantine,Senior Staff,1990-09-02,9999-01-01
19260,Giao,Baja,Senior Staff,1998-07-24,9999-01-01
19260,Giao,Baja,Staff,1991-07-24,1998-07-24
19267,Subhankar,Gniady,Senior Staff,1994-01-19,9999-01-01
19267,Subhankar,Gniady,Staff,1989-01-19,1994-01-19
19270,Dhritiman,Capobianchi,Engineer,1988-06-27,1993-06-27
19270,Dhritiman,Capobianchi,Senior Engineer,1993-06-27,9999-01-01
19272,Kauko,Rusterholz,Staff,1995-09-19,2000-08-20
19286,Leszek,Unno,Senior Engineer,1998-12-04,9999-01-01
19300,Khalil,Keustermans,Engineer,1998-06-19,2000-07-25
19301,Shih,Fortenbacher,Engineer,1985-08-31,1994-08-31
19301,Shih,Fortenbacher,Senior Engineer,1994-08-31,9999-01-01
19303,Gao,Ladret,Technique Leader,1994-06-09,1997-07-19
19304,Macha,Vadhan,Senior Staff,2000-03-25,9999-01-01
19304,Macha,Vadhan,Staff,1992-03-25,2000-03-25
19312,Shaowei,Birsak,Engineer,1993-01-26,1995-12-10
19315,Remko,Krogh,Senior Staff,1998-10-26,9999-01-01
19315,Remko,Krogh,Staff,1991-10-27,1998-10-26
19326,Abdelkader,Erbe,Senior Engineer,1989-11-09,9999-01-01
19337,Gift,Taneja,Senior Staff,1992-12-01,9999-01-01
19337,Gift,Taneja,Staff,1986-12-02,1992-12-01
19357,Tadahiro,Peha,Engineer,1995-11-13,2000-11-12
19357,Tadahiro,Peha,Senior Engineer,2000-11-12,9999-01-01
19378,Mrinalini,Pulkowski,Staff,1995-11-06,9999-01-01
19391,Soenke,Braunschweig,Staff,1995-08-18,9999-01-01
19395,Wojceich,Gluchowski,Senior Staff,1987-07-01,9999-01-01
19404,Szabolcs,Greenaway,Technique Leader,1997-10-12,9999-01-01
19408,Piyush,Comellas,Engineer,1999-01-17,9999-01-01
19411,Giordano,Fujisawa,Engineer,1990-05-27,1996-05-26
19411,Giordano,Fujisawa,Senior Engineer,1996-05-26,9999-01-01
19414,Toong,Kropatsch,Staff,1987-06-03,1989-01-01
19416,Howell,DeMori,Senior Staff,1990-06-15,9999-01-01
19416,Howell,DeMori,Staff,1985-06-15,1990-06-15
19430,Candida,Validov,Staff,1995-09-09,1998-06-22
19432,Barton,Kambil,Senior Staff,1997-10-05,9999-01-01
19432,Barton,Kambil,Staff,1988-10-05,1997-10-05
19446,Serge,Keustermans,Senior Staff,2001-03-12,9999-01-01
19446,Serge,Keustermans,Staff,1996-03-12,2001-03-12
19468,Chenyi,Rabejac,Engineer,1996-12-12,9999-01-01
19469,Jiong,Hockney,Senior Engineer,1986-09-09,9999-01-01
19472,Souichi,Stroustrup,Senior Staff,2000-07-07,9999-01-01
19472,Souichi,Stroustrup,Staff,1995-07-08,2000-07-07
19473,Venkatesan,Khalid,Senior Staff,1999-12-15,9999-01-01
19473,Venkatesan,Khalid,Staff,1991-12-15,1999-12-15
19481,Heather,Zambonelli,Engineer,1988-04-06,1996-04-05
19481,Heather,Zambonelli,Senior Engineer,1996-04-05,9999-01-01
19499,Parke,Hagimont,Engineer,1988-12-10,1993-12-10
19499,Parke,Hagimont,Senior Engineer,1993-12-10,9999-01-01
19505,Sadun,Randt,Senior Staff,1988-12-22,9999-01-01
19514,Nirmal,Brender,Senior Engineer,1998-12-13,9999-01-01
19517,Gor,Hiroyama,Senior Staff,1994-01-19,9999-01-01
19531,Phillip,Picel,Senior Staff,1993-04-28,9999-01-01
19531,Phillip,Picel,Staff,1986-04-28,1993-04-28
19568,Wilmer,Picel,Senior Staff,1988-03-16,1990-01-18
19588,Chinya,Ballarin,Senior Staff,2000-03-27,9999-01-01
19588,Chinya,Ballarin,Staff,1994-03-28,2000-03-27
19613,Debaprosad,Rohrbach,Staff,1994-10-24,1997-03-11
19649,Marin,Hashii,Senior Staff,1994-11-13,9999-01-01
19652,Masamitsu,Pargaonkar,Engineer,1993-03-05,1999-03-05
19652,Masamitsu,Pargaonkar,Senior Engineer,1999-03-05,2001-10-28
19657,Cullen,Demri,Technique Leader,1996-03-12,1996-12-12
19658,Taegyun,Moehrke,Senior Engineer,1989-08-04,9999-01-01
19681,Shuho,Zhiwei,Staff,1994-03-25,2001-05-25
19700,George,Kitai,Staff,1996-04-25,9999-01-01
19715,Gully,Rosen,Staff,1993-01-12,1998-01-15
19747,Renee,Olano,Senior Staff,1999-07-08,9999-01-01
19747,Renee,Olano,Staff,1990-07-08,1999-07-08
19750,Gudjon,Carrere,Engineer,1998-07-11,9999-01-01
19764,Ekawit,Cooke,Senior Engineer,1997-04-03,9999-01-01
19770,Fabrizio,Einsfeld,Staff,1998-10-03,9999-01-01
19775,Nikolaos,Luiz,Engineer,1997-11-10,9999-01-01
19788,Shahid,Birdsall,Senior Staff,1996-06-30,9999-01-01
19788,Shahid,Birdsall,Staff,1990-07-01,1996-06-30
19807,Lillian,Eiter,Engineer,1995-09-27,2001-09-26
19807,Lillian,Eiter,Senior Engineer,2001-09-26,9999-01-01
19809,Cordelia,Sudkamp,Senior Staff,2002-02-03,9999-01-01
19809,Cordelia,Sudkamp,Staff,1993-02-03,2002-02-03
19811,Kerhong,Nishimukai,Senior Staff,1999-05-06,9999-01-01
19811,Kerhong,Nishimukai,Staff,1994-05-06,1999-05-06
19837,Conal,Swist,Engineer,1986-08-31,1993-08-31
19837,Conal,Swist,Senior Engineer,1993-08-31,1996-12-23
19838,Jaewoo,Bade,Engineer,1987-03-02,1996-03-01
19838,Jaewoo,Bade,Senior Engineer,1996-03-01,9999-01-01
19847,Aamod,Lanphier,Engineer,1986-04-11,1992-04-10
19847,Aamod,Lanphier,Senior Engineer,1992-04-10,9999-01-01
19865,Danae,Erez,Engineer,1996-04-21,9999-01-01
19868,Jaihie,Godskesen,Senior Staff,1998-01-11,9999-01-01
19868,Jaihie,Godskesen,Staff,1990-01-11,1998-01-11
19870,Tadahiko,Anick,Engineer,1990-11-18,1998-11-18
19870,Tadahiko,Anick,Senior Engineer,1998-11-18,9999-01-01
19880,Moti,Benantar,Senior Engineer,1994-12-28,9999-01-01
19908,Theron,Koshino,Engineer,1998-08-22,2000-07-28
19912,Feixiong,Driscoll,Senior Staff,1999-01-13,9999-01-01
19912,Feixiong,Driscoll,Staff,1993-01-13,1999-01-13
19934,Noritoshi,Pagter,Senior Staff,2002-04-15,9999-01-01
19934,Noritoshi,Pagter,Staff,1997-04-15,2002-04-15
19937,Flemming,Kavanagh,Senior Staff,1996-09-11,9999-01-01
19949,Almudena,Gils,Senior Engineer,1999-08-26,9999-01-01
19957,Goh,Macedo,Senior Staff,2000-02-10,9999-01-01
19957,Goh,Macedo,Staff,1994-02-10,2000-02-10
19988,Rafael,Perry,Engineer,1993-08-31,2001-08-31
19988,Rafael,Perry,Senior Engineer,2001-08-31,9999-01-01
20005,Licheng,Przulj,Senior Staff,1997-07-17,9999-01-01
20005,Licheng,Przulj,Staff,1992-07-17,1997-07-17
20016,Carrsten,Munoz,Staff,1995-02-11,1998-07-15
20021,Tadahiko,Rosen,Senior Staff,1998-10-02,9999-01-01
20021,Tadahiko,Rosen,Staff,1992-10-02,1998-10-02
20033,Dulce,Azevdeo,Engineer,1992-11-03,1997-11-03
20033,Dulce,Azevdeo,Senior Engineer,1997-11-03,9999-01-01
20034,Jaques,Baby,Engineer,1997-08-03,9999-01-01
20052,Nigel,Chvatal,Engineer,1997-08-30,9999-01-01
20097,Shahar,Maccarone,Technique Leader,1999-04-20,9999-01-01
20098,Domenick,Lanphier,Staff,1999-11-23,2001-12-18
20116,Yoshinari,Sadowski,Senior Staff,1994-04-16,2001-03-16
20116,Yoshinari,Sadowski,Staff,1987-04-16,1994-04-16
20124,Troy,Valtorta,Senior Staff,1987-05-15,9999-01-01
20160,Gaurav,Gerteisen,Staff,1993-10-26,9999-01-01
20172,Zeydy,Backhouse,Senior Engineer,1992-08-21,9999-01-01
20177,Piyush,Radivojevic,Assistant Engineer,1990-08-31,1998-08-31
20177,Piyush,Radivojevic,Engineer,1998-08-31,9999-01-01
20185,Miquel,Lyonns,Engineer,1998-07-04,9999-01-01
20190,Nikolaos,Genther,Senior Staff,1992-05-25,9999-01-01
20192,Katsuo,Felcyn,Senior Engineer,1990-02-03,1994-09-14
20206,Lene,Monarch,Senior Engineer,1988-05-22,1997-08-19
20217,Tamiya,Ruemmler,Senior Staff,1995-09-27,9999-01-01
20217,Tamiya,Ruemmler,Staff,1988-09-26,1995-09-27
20219,Toshimitsu,Laurillard,Engineer,1991-05-20,2000-02-29
20224,Yefim,Parhami,Engineer,1986-02-06,1992-02-06
20224,Yefim,Parhami,Senior Engineer,1992-02-06,9999-01-01
20227,Gila,Lambe,Engineer,1995-01-14,2000-01-14
20227,Gila,Lambe,Senior Engineer,2000-01-14,9999-01-01
20230,Ronnie,Tsukuda,Staff,1998-12-16,9999-01-01
20240,Zhiguo,Marciano,Senior Staff,1994-02-13,9999-01-01
20240,Zhiguo,Marciano,Staff,1988-02-14,1994-02-13
20254,Dinah,Krupka,Staff,1999-08-08,9999-01-01
20277,Sasan,Heiserman,Senior Staff,1999-09-28,2000-08-13
20277,Sasan,Heiserman,Staff,1991-09-28,1999-09-28
20286,Shridhar,Bernick,Senior Staff,1992-09-28,9999-01-01
20286,Shridhar,Bernick,Staff,1986-09-29,1992-09-28
20294,Gonzalo,Muniz,Senior Engineer,1991-10-27,9999-01-01
20299,Chaitali,Fortenbacher,Senior Staff,2002-05-23,9999-01-01
20299,Chaitali,Fortenbacher,Staff,1997-05-23,2002-05-23
20303,Berto,Suomi,Senior Staff,1998-08-15,9999-01-01
20303,Berto,Suomi,Staff,1991-08-15,1998-08-15
20317,Georgy,Skogmar,Senior Engineer,1995-06-19,9999-01-01
20320,Zhenhua,Middleton,Senior Staff,1999-10-16,9999-01-01
20320,Zhenhua,Middleton,Staff,1990-10-16,1999-10-16
20321,Arie,Zaumen,Engineer,1990-01-24,1995-01-24
20321,Arie,Zaumen,Senior Engineer,1995-01-24,9999-01-01
20377,Sedat,Marakhovsky,Engineer,1993-02-15,1998-02-15
20377,Sedat,Marakhovsky,Senior Engineer,1998-02-15,9999-01-01
20387,Gita,Basart,Technique Leader,1995-12-21,1997-08-05
20398,Kristinn,Lemarechal,Senior Staff,1994-05-08,9999-01-01
20398,Kristinn,Lemarechal,Staff,1985-05-08,1994-05-08
20421,Guadalupe,Bultermann,Senior Staff,1994-04-28,1994-12-28
20421,Guadalupe,Bultermann,Staff,1985-04-28,1994-04-28
20434,Uriel,Lowrie,Staff,1998-01-01,9999-01-01
20457,Nimmagadda,Plessier,Senior Staff,1991-06-27,9999-01-01
20457,Nimmagadda,Plessier,Staff,1986-06-27,1991-06-27
20476,Niranjan,Serov,Senior Staff,1989-01-11,9999-01-01
20496,Ishfaq,Kalloufi,Senior Staff,1999-06-13,9999-01-01
20496,Ishfaq,Kalloufi,Staff,1993-06-13,1999-06-13
20501,Shem,Range,Senior Engineer,1986-01-08,9999-01-01
20502,Ronnie,Compeau,Staff,1988-07-17,1992-03-23
20510,Danco,Ramsey,Engineer,1997-01-07,2002-04-11
20511,Shuky,Bade,Senior Staff,1997-05-17,9999-01-01
20511,Shuky,Bade,Staff,1990-05-17,1997-05-17
20513,Conal,Baig,Technique Leader,1997-11-27,9999-01-01
20532,Fumiya,Murtagh,Engineer,1992-12-24,1997-12-24
20532,Fumiya,Murtagh,Senior Engineer,1997-12-24,9999-01-01
20554,Qunsheng,Shumilov,Senior Staff,1999-04-15,1999-04-20
20566,Aloke,Vakili,Senior Staff,1990-11-19,9999-01-01
20566,Aloke,Vakili,Staff,1985-11-19,1990-11-19
20574,Guenter,Lakshmanan,Engineer,1995-09-07,9999-01-01
20576,Danel,Riexinger,Senior Engineer,1996-09-01,9999-01-01
20589,Kwangsub,Kavanagh,Engineer,1987-09-13,1992-09-12
20589,Kwangsub,Kavanagh,Senior Engineer,1992-09-12,1995-05-15
20591,Breannda,Hooghiemstra,Engineer,1996-03-21,2002-03-21
20591,Breannda,Hooghiemstra,Senior Engineer,2002-03-21,9999-01-01
20596,Hairong,Maksimenko,Engineer,1991-10-11,1999-10-11
20596,Hairong,Maksimenko,Senior Engineer,1999-10-11,9999-01-01
20629,Bezalel,Tsukune,Staff,1987-12-03,1992-10-09
20648,Menkae,Noriega,Engineer,1998-12-17,2000-09-20
20672,Szabolcs,Albarhamtoshy,Engineer,1988-05-08,1997-05-08
20672,Szabolcs,Albarhamtoshy,Senior Engineer,1997-05-08,9999-01-01
20697,Piyush,Speel,Engineer,1985-10-06,1991-10-06
20697,Piyush,Speel,Senior Engineer,1991-10-06,1997-07-15
20703,Takahira,Yamaashi,Senior Staff,1996-08-17,9999-01-01
20710,Xiaoshan,Sidhu,Senior Engineer,1986-06-17,9999-01-01
20747,Kotesh,Erol,Senior Staff,1992-11-15,9999-01-01
20747,Kotesh,Erol,Staff,1985-11-15,1992-11-15
20749,Chenyi,Capobianchi,Senior Staff,1993-12-04,9999-01-01
20749,Chenyi,Capobianchi,Staff,1988-12-04,1993-12-04
20786,Jiann,Fetvedt,Engineer,1989-03-15,1994-03-15
20786,Jiann,Fetvedt,Senior Engineer,1994-03-15,9999-01-01
20801,Annemarie,Pagter,Technique Leader,1986-11-27,1990-12-13
20817,Yucai,Albarhamtoshy,Senior Staff,1992-11-15,9999-01-01
20817,Yucai,Albarhamtoshy,Staff,1987-11-16,1992-11-15
20827,Wonhee,Leslie,Senior Staff,2002-05-11,9999-01-01
20827,Wonhee,Leslie,Staff,1993-05-11,2002-05-11
20844,Shigehiro,Ginneken,Senior Staff,1995-05-05,9999-01-01
20847,Ramya,Hockney,Assistant Engineer,1996-05-07,2001-05-07
20847,Ramya,Hockney,Engineer,2001-05-07,9999-01-01
20852,Shuichi,Janetzko,Engineer,1995-07-10,2000-07-09
20852,Shuichi,Janetzko,Senior Engineer,2000-07-09,9999-01-01
20863,Mary,Schapire,Engineer,1993-11-12,1998-11-12
20863,Mary,Schapire,Senior Engineer,1998-11-12,9999-01-01
20870,Clyde,Guenter,Staff,1991-01-19,1992-01-22
20877,Adib,Itschner,Assistant Engineer,1993-08-04,2001-08-04
20877,Adib,Itschner,Engineer,2001-08-04,9999-01-01
20878,King,Kriebel,Staff,1989-12-22,1991-04-05
20892,Ymte,Junot,Senior Staff,1999-01-18,9999-01-01
20892,Ymte,Junot,Staff,1994-01-18,1999-01-18
20893,Zito,Giaccio,Technique Leader,1989-04-28,1996-10-13
20899,Aleksander,Sessa,Engineer,1987-03-16,1994-03-16
20899,Aleksander,Sessa,Senior Engineer,1994-03-16,9999-01-01
20917,Trygve,Ulupinar,Senior Staff,1998-09-09,9999-01-01
20917,Trygve,Ulupinar,Staff,1993-09-09,1998-09-09
20924,Chaitali,Laventhal,Senior Engineer,1999-11-12,9999-01-01
20933,Giap,Begiun,Engineer,1994-01-14,2002-01-14
20933,Giap,Begiun,Senior Engineer,2002-01-14,9999-01-01
20969,Francesca,Baik,Staff,1996-04-14,9999-01-01
20983,Ziva,Badache,Engineer,1999-01-18,9999-01-01
20986,Chenyi,Alencar,Senior Staff,2001-01-29,9999-01-01
20986,Chenyi,Alencar,Staff,1993-01-29,2001-01-29
21004,Pranas,McConalogue,Staff,1991-07-31,1996-12-20
21008,Yannik,Alameldin,Technique Leader,1991-04-13,9999-01-01
21016,Guozhong,Baja,Senior Engineer,1993-03-28,9999-01-01
21023,Randy,Nishimukai,Assistant Engineer,1999-11-21,9999-01-01
21024,Hinrich,Czap,Senior Staff,1995-04-11,9999-01-01
21024,Hinrich,Czap,Staff,1990-04-11,1995-04-11
21039,Temple,Kulisch,Engineer,1989-07-14,1998-07-14
21039,Temple,Kulisch,Senior Engineer,1998-07-14,9999-01-01
21045,Xinglin,Waterhouse,Engineer,1986-05-01,1991-12-04
21074,Vidya,Backhouse,Senior Staff,1999-11-05,9999-01-01
21074,Vidya,Backhouse,Staff,1990-11-05,1999-11-05
21077,Siddarth,Bamford,Senior Engineer,1997-12-13,2001-05-17
21086,Jianwen,Benner,Engineer,1999-11-26,1999-11-26
21108,Heon,Quittner,Senior Staff,1986-03-28,9999-01-01
21116,Tonny,Pelc,Senior Staff,1995-05-26,1996-05-04
21116,Tonny,Pelc,Staff,1989-05-26,1995-05-26
21119,DAIDA,Capobianchi,Engineer,1986-03-12,1994-03-12
21119,DAIDA,Capobianchi,Senior Engineer,1994-03-12,9999-01-01
21174,Alassane,Lampe,Assistant Engineer,1986-03-05,1992-03-24
21179,Gaurav,Strehl,Assistant Engineer,1998-04-07,9999-01-01
21198,Syozo,Bauknecht,Engineer,1992-09-05,1998-09-05
21198,Syozo,Bauknecht,Senior Engineer,1998-09-05,2001-11-25
21200,Yongmao,Mundy,Senior Staff,1990-04-23,9999-01-01
21217,Zhensheng,Rattan,Staff,1999-11-23,9999-01-01
21219,Mokhtar,Cusworth,Engineer,1990-05-27,1999-05-27
21219,Mokhtar,Cusworth,Senior Engineer,1999-05-27,9999-01-01
21220,Mana,Murtagh,Senior Engineer,1991-10-29,9999-01-01
21221,Shaunak,Mateescu,Staff,1997-02-19,9999-01-01
21234,Pascal,Zizka,Technique Leader,1998-11-10,2001-07-28
21250,Ung,Heemskerk,Technique Leader,1988-04-23,1994-03-02
21254,Hyuckchul,Lueh,Senior Staff,1995-09-25,9999-01-01
21254,Hyuckchul,Lueh,Staff,1990-09-25,1995-09-25
21256,Gio,Thiran,Staff,1999-02-07,9999-01-01
21269,Sanjay,Olivero,Engineer,1999-09-20,2000-10-28
21273,Masasuke,Noriega,Staff,1999-08-06,9999-01-01
21294,Golgen,Kinley,Technique Leader,1988-01-11,9999-01-01
21297,Temple,Birjandi,Senior Staff,1998-11-23,9999-01-01
21297,Temple,Birjandi,Staff,1991-11-23,1998-11-23
21309,Macha,Kruskal,Staff,1999-05-16,9999-01-01
21330,Bilhanan,Kroon,Staff,1994-04-18,9999-01-01
21331,Feipei,Luby,Engineer,1989-06-19,1996-06-19
21331,Feipei,Luby,Senior Engineer,1996-06-19,9999-01-01
21353,Atilio,Rosaz,Engineer,1996-03-20,2002-03-20
21353,Atilio,Rosaz,Senior Engineer,2002-03-20,9999-01-01
21367,Kannan,Rande,Senior Staff,1992-03-06,1993-08-16
21371,Mani,Merel,Engineer,1996-06-15,2001-06-15
21371,Mani,Merel,Senior Engineer,2001-06-15,2002-03-16
21380,Sergi,Sudkamp,Assistant Engineer,1993-04-08,2001-04-08
21380,Sergi,Sudkamp,Engineer,2001-04-08,9999-01-01
21397,Abdelkader,Isaac,Engineer,1987-08-03,1994-08-03
21397,Abdelkader,Isaac,Senior Engineer,1994-08-03,1996-10-10
21398,Yuping,Plessier,Engineer,1993-09-30,9999-01-01
21399,Souichi,Covnot,Senior Engineer,1988-07-29,9999-01-01
21404,Dante,Setiz,Staff,1998-03-20,9999-01-01
21410,Masasuke,Murtagh,Senior Staff,2000-02-17,9999-01-01
21410,Masasuke,Murtagh,Staff,1992-02-17,2000-02-17
21443,Nectarios,Maquelin,Senior Staff,1994-06-08,9999-01-01
21443,Nectarios,Maquelin,Staff,1985-06-08,1994-06-08
21447,Kristen,Hopewell,Assistant Engineer,1988-08-16,1997-08-16
21447,Kristen,Hopewell,Engineer,1997-08-16,9999-01-01
21466,Ugo,Hebert,Senior Staff,1990-09-12,9999-01-01
21466,Ugo,Hebert,Staff,1985-09-12,1990-09-12
21471,Alair,Bresenham,Senior Engineer,1995-10-27,1999-11-11
21503,Gianluca,Conti,Senior Staff,1998-12-20,9999-01-01
21503,Gianluca,Conti,Staff,1993-12-20,1998-12-20
21513,Armond,Azulay,Assistant Engineer,1992-04-30,1998-04-30
21513,Armond,Azulay,Engineer,1998-04-30,9999-01-01
21581,Gererd,Detkin,Engineer,1993-12-10,1996-04-06
21591,Hein,Rebaine,Staff,1996-03-13,9999-01-01
21601,Maya,Gente,Senior Staff,2002-04-12,2002-05-11
21601,Maya,Gente,Staff,1996-04-12,2002-04-12
21658,Adly,Perl,Technique Leader,1992-06-28,9999-01-01
21684,Takanari,Oaver,Senior Staff,1995-08-08,1996-02-19
21684,Takanari,Oaver,Staff,1986-08-08,1995-08-08
21698,Hidefumi,Msuda,Senior Staff,1990-09-09,9999-01-01
21714,Uwe,Luff,Engineer,1988-02-29,1994-02-28
21714,Uwe,Luff,Senior Engineer,1994-02-28,9999-01-01
21723,Shushma,Jansch,Engineer,1985-09-12,1993-09-12
21723,Shushma,Jansch,Senior Engineer,1993-09-12,9999-01-01
21724,Ortrun,Porenta,Senior Engineer,1992-07-12,9999-01-01
21746,Shai,Czaja,Staff,1996-07-20,9999-01-01
21763,Nigel,Beznosov,Senior Staff,2002-08-01,9999-01-01
21763,Nigel,Beznosov,Staff,1994-08-01,2002-08-01
21784,Brigham,Morrow,Assistant Engineer,1992-07-26,2001-07-26
21784,Brigham,Morrow,Engineer,2001-07-26,9999-01-01
21796,Fumiko,Diderrich,Staff,1997-07-17,9999-01-01
21807,Yinghua,Hambrick,Assistant Engineer,1986-07-11,1992-07-10
21807,Yinghua,Hambrick,Engineer,1992-07-10,1998-07-10
21807,Yinghua,Hambrick,Senior Engineer,1998-07-10,9999-01-01
21833,Ramya,Billawala,Engineer,1992-07-21,1998-07-21
21833,Ramya,Billawala,Senior Engineer,1998-07-21,9999-01-01
21854,Vojin,Yurek,Engineer,1999-03-07,9999-01-01
21898,Mayuri,Driscoll,Staff,1998-10-04,9999-01-01
21928,Tristan,Brickell,Technique Leader,1992-05-14,9999-01-01
21942,Mong,Leonhardt,Senior Engineer,1988-12-06,9999-01-01
21977,Marjo,Krohm,Engineer,1989-09-26,1997-09-26
21977,Marjo,Krohm,Senior Engineer,1997-09-26,9999-01-01
21982,Karlis,Rouquie,Staff,1996-08-06,9999-01-01
21999,Divier,Bresenham,Senior Staff,1998-04-12,9999-01-01
21999,Divier,Bresenham,Staff,1990-04-12,1998-04-12
22004,Chanjung,Encarnacion,Staff,1999-02-09,9999-01-01
22009,Leaf,Valette,Staff,1995-12-01,9999-01-01
22039,Genki,Basagni,Engineer,1988-04-27,1989-01-12
22048,Yurii,Ohori,Senior Engineer,1988-02-27,9999-01-01
22050,Xiahua,Ohori,Engineer,1985-11-28,1990-11-28
22050,Xiahua,Ohori,Senior Engineer,1990-11-28,9999-01-01
22068,Shaleah,Polupanov,Engineer,1995-03-26,2002-03-26
22068,Shaleah,Polupanov,Senior Engineer,2002-03-26,9999-01-01
22085,Irena,Randi,Senior Engineer,1993-12-18,9999-01-01
22094,Hirochika,Terwilliger,Staff,1999-06-20,9999-01-01
22096,Cullen,Muhlberg,Senior Staff,2000-06-13,9999-01-01
22096,Cullen,Muhlberg,Staff,1992-06-13,2000-06-13
22116,Rasikan,Georgakopoulos,Technique Leader,1998-11-19,9999-01-01
22119,Deniz,Pesch,Senior Staff,1996-07-22,1998-02-13
22119,Deniz,Pesch,Staff,1991-07-23,1996-07-22
22123,Khue,Guerreiro,Engineer,1993-12-13,2001-12-13
22123,Khue,Guerreiro,Senior Engineer,2001-12-13,9999-01-01
22169,Arto,Percebois,Engineer,1993-08-13,1996-01-09
22172,Jessie,Erev,Senior Staff,1997-07-27,9999-01-01
22172,Jessie,Erev,Staff,1989-07-27,1997-07-27
22188,Radhika,Nivat,Engineer,1995-06-01,9999-01-01
22237,Armond,Fairtlough,Senior Staff,1998-02-15,9999-01-01
22237,Armond,Fairtlough,Staff,1993-02-15,1998-02-15
22243,Hidefumi,Neiman,Senior Staff,1997-03-17,9999-01-01
22243,Hidefumi,Neiman,Staff,1990-03-17,1997-03-17
22257,Leon,Basagni,Engineer,1997-05-03,9999-01-01
22270,Chikara,Potthoff,Engineer,1986-03-18,1993-03-18
22270,Chikara,Potthoff,Senior Engineer,1993-03-18,1999-12-09
22272,Marin,Hertweck,Senior Staff,1996-05-05,9999-01-01
22272,Marin,Hertweck,Staff,1987-05-06,1996-05-05
22278,Paris,Kermarrec,Staff,1987-10-31,1988-09-14
22289,Chenye,Verhaegen,Engineer,1990-06-01,1999-06-01
22289,Chenye,Verhaegen,Senior Engineer,1999-06-01,9999-01-01
22293,Moriyoshi,Jeansoulin,Engineer,1996-05-02,2001-05-02
22293,Moriyoshi,Jeansoulin,Senior Engineer,2001-05-02,9999-01-01
22298,Perry,Bouloucos,Staff,1991-02-02,1994-12-31
22302,Susanne,Molberg,Senior Engineer,1990-06-03,9999-01-01
22324,Arnould,Douceur,Engineer,1997-08-21,9999-01-01
22357,Kotesh,Gips,Senior Engineer,1991-12-28,2001-02-02
22359,Adil,Butterworth,Engineer,1990-05-03,1997-05-03
22359,Adil,Butterworth,Senior Engineer,1997-05-03,9999-01-01
22371,Fox,Ratnaker,Engineer,1994-01-12,9999-01-01
22377,Demos,Akazan,Staff,1999-06-26,9999-01-01
22390,Changho,Waleschkowski,Engineer,1997-06-14,2001-09-16
22393,Yongdong,Kranzdorf,Senior Staff,1993-11-02,9999-01-01
22396,Vasiliy,Lanphier,Assistant Engineer,1988-06-17,1997-06-17
22396,Vasiliy,Lanphier,Engineer,1997-06-17,9999-01-01
22400,Adhemar,Magalhaes,Senior Staff,1996-07-17,9999-01-01
22400,Adhemar,Magalhaes,Staff,1990-07-18,1996-07-17
22408,Heejo,Perko,Senior Staff,1996-07-10,9999-01-01
22408,Heejo,Perko,Staff,1990-07-11,1996-07-10
22418,Xinan,Chandrasekhar,Senior Staff,1992-02-17,9999-01-01
22418,Xinan,Chandrasekhar,Staff,1985-02-16,1992-02-17
22426,Satyanarayana,Kalloufi,Technique Leader,1994-10-21,9999-01-01
22446,Shugo,Albarhamtoshy,Engineer,1993-08-17,9999-01-01
22476,Alois,Kruskal,Engineer,1993-10-24,2001-10-24
22476,Alois,Kruskal,Senior Engineer,2001-10-24,9999-01-01
22487,Marc,Giarratana,Senior Engineer,1999-09-01,9999-01-01
22514,Joydip,Matzov,Engineer,1987-09-15,1992-09-14
22514,Joydip,Matzov,Senior Engineer,1992-09-14,1993-09-30
22550,Erzsebet,Pagter,Senior Staff,1996-03-15,9999-01-01
22550,Erzsebet,Pagter,Staff,1987-03-16,1996-03-15
22553,Arto,Antonakopoulos,Engineer,1989-10-19,1995-10-09
22571,Shem,Speel,Staff,1994-12-21,9999-01-01
22579,Toshiki,Rabehasaina,Engineer,1991-11-30,1996-11-29
22579,Toshiki,Rabehasaina,Senior Engineer,1996-11-29,2000-12-15
22588,Kamakshi,Improta,Senior Staff,2002-01-18,9999-01-01
22588,Kamakshi,Improta,Staff,1995-01-18,2002-01-18
22591,Jiann,Comyn,Senior Staff,1998-02-08,9999-01-01
22591,Jiann,Comyn,Staff,1990-02-08,1998-02-08
22594,Slavian,Heyers,Senior Engineer,1990-12-07,1998-05-16
22611,Tooru,Kornyak,Senior Staff,1999-01-18,9999-01-01
22611,Tooru,Kornyak,Staff,1992-01-18,1999-01-18
22624,Serif,Sridhar,Senior Staff,2000-03-26,9999-01-01
22624,Serif,Sridhar,Staff,1994-03-27,2000-03-26
22632,Pranjal,Kampfer,Engineer,1996-03-14,2001-03-14
22632,Pranjal,Kampfer,Senior Engineer,2001-03-14,9999-01-01
22657,Yechezkel,Ariola,Senior Engineer,1997-06-28,9999-01-01
22666,Kazuyasu,Babb,Staff,1998-01-14,2001-09-14
22699,Nechama,Stanger,Engineer,1993-05-20,2000-05-20
22699,Nechama,Stanger,Senior Engineer,2000-05-20,9999-01-01
22719,Kasidit,Litvinov,Engineer,1990-09-01,1998-09-01
22719,Kasidit,Litvinov,Senior Engineer,1998-09-01,9999-01-01
22754,Hyuncheol,Soloway,Engineer,1998-07-22,9999-01-01
22761,Mariusz,Attimonelli,Engineer,1999-12-22,2001-09-28
22767,Elrique,Esteva,Senior Staff,1993-06-24,9999-01-01
22789,Zhenbing,Leuchs,Senior Staff,1997-12-09,9999-01-01
22789,Zhenbing,Leuchs,Staff,1990-12-09,1997-12-09
22802,Remko,Huxford,Staff,1998-04-11,9999-01-01
22823,Geraldo,Kruskal,Technique Leader,1999-04-10,2001-08-28
22840,Gaurav,Beznosov,Senior Staff,1994-03-29,2001-01-23
22840,Gaurav,Beznosov,Staff,1986-03-29,1994-03-29
22851,Sverrir,Heering,Engineer,1993-08-15,2001-08-15
22851,Sverrir,Heering,Senior Engineer,2001-08-15,9999-01-01
22875,Chenxi,Vasanthakumar,Engineer,1993-11-30,1998-11-30
22875,Chenxi,Vasanthakumar,Senior Engineer,1998-11-30,9999-01-01
22882,Shaleah,Gonthier,Senior Staff,2000-08-21,9999-01-01
22882,Shaleah,Gonthier,Staff,1992-08-21,2000-08-21
22899,Shahar,Vandervoorde,Engineer,1994-05-15,2000-02-28
22941,Jasminko,Pietrzykowski,Senior Engineer,1988-05-08,9999-01-01
22965,Sariel,Dulin,Technique Leader,1989-04-12,2000-04-04
22975,Matt,Perri,Senior Engineer,1991-07-22,9999-01-01
22984,Vasilis,Akazan,Senior Engineer,1988-08-29,2002-01-07
22989,Pohua,Sinitsyn,Senior Engineer,1998-08-14,9999-01-01
22996,Kagan,Pluym,Assistant Engineer,1998-11-22,9999-01-01
23016,Nikolaus,Hellwagner,Engineer,1999-08-11,9999-01-01
23033,Tetsushi,Pfau,Senior Staff,2001-04-22,9999-01-01
23033,Tetsushi,Pfau,Staff,1994-04-22,2001-04-22
23064,Srinidhi,Sadowski,Assistant Engineer,1999-03-19,9999-01-01
23074,Francesca,DasSarma,Staff,1989-08-01,1994-09-26
23078,Olivera,Lorin,Engineer,1986-12-26,1993-12-26
23078,Olivera,Lorin,Senior Engineer,1993-12-26,9999-01-01
23098,Yinlin,Krider,Senior Staff,1994-08-16,9999-01-01
23107,Susumu,Ballarin,Engineer,1992-11-05,1998-11-05
23107,Susumu,Ballarin,Senior Engineer,1998-11-05,9999-01-01
23108,Lein,Champarnaud,Engineer,1993-07-17,1998-07-17
23108,Lein,Champarnaud,Senior Engineer,1998-07-17,1999-09-05
23118,Wonhee,Tiemann,Senior Staff,1998-03-17,9999-01-01
23118,Wonhee,Tiemann,Staff,1993-03-17,1998-03-17
23148,Jianhui,Gulik,Assistant Engineer,1993-11-17,9999-01-01
23176,Kwangyoen,Janetzko,Senior Staff,2000-06-04,9999-01-01
23176,Kwangyoen,Janetzko,Staff,1994-06-05,2000-06-04
23194,Shai,Setia,Senior Staff,1993-02-10,9999-01-01
23194,Shai,Setia,Staff,1985-02-10,1993-02-10
23284,Saniya,Kamble,Assistant Engineer,1992-09-16,2001-09-16
23284,Saniya,Kamble,Engineer,2001-09-16,9999-01-01
23303,Zengping,Demke,Senior Staff,1998-03-28,9999-01-01
23303,Zengping,Demke,Staff,1992-03-28,1998-03-28
23375,Pascal,Kugler,Staff,1999-10-12,9999-01-01
23387,Charlene,Baek,Engineer,1998-06-21,9999-01-01
23394,Taisook,Trystram,Engineer,1990-02-18,1996-02-18
23394,Taisook,Trystram,Senior Engineer,1996-02-18,9999-01-01
23409,Sarita,Oxman,Technique Leader,1985-04-19,2001-08-05
23432,Qiwen,Mandelberg,Staff,1987-12-30,1989-01-27
23459,Gretta,Varker,Senior Staff,1998-11-23,9999-01-01
23478,Shietung,Compeau,Senior Staff,1988-03-19,9999-01-01
23483,Hatem,Rosca,Engineer,1992-06-15,1995-01-19
23493,Ebbe,Khamsi,Engineer,1998-09-29,9999-01-01
23497,Stevo,Sevcikova,Senior Engineer,1991-09-02,9999-01-01
23508,Babette,Sury,Staff,1999-07-13,9999-01-01
23529,Temple,Birrer,Staff,1993-12-30,9999-01-01
23546,Shim,Ozery,Senior Staff,2001-10-28,9999-01-01
23546,Shim,Ozery,Staff,1994-10-29,2001-10-28
23548,Teiji,Bressoud,Assistant Engineer,1995-09-14,2000-09-13
23548,Teiji,Bressoud,Engineer,2000-09-13,9999-01-01
23559,Hitomi,Eterovic,Engineer,1996-05-10,2001-05-10
23559,Hitomi,Eterovic,Senior Engineer,2001-05-10,9999-01-01
23560,Zvonko,Farris,Senior Staff,1997-12-19,9999-01-01
23560,Zvonko,Farris,Staff,1988-12-19,1997-12-19
23562,Changho,Rathonyi,Senior Staff,1999-01-23,9999-01-01
23562,Changho,Rathonyi,Staff,1994-01-23,1999-01-23
23567,Shirish,Mukaidono,Senior Staff,1994-08-13,9999-01-01
23567,Shirish,Mukaidono,Staff,1989-08-13,1994-08-13
23577,Bezalel,Papsdorf,Senior Engineer,1986-09-16,9999-01-01
23597,Karsten,Waymire,Engineer,1998-08-20,9999-01-01
23599,Rosli,Biron,Senior Staff,1991-12-16,9999-01-01
23606,Theirry,Zirintsis,Engineer,1986-09-17,1992-09-16
23606,Theirry,Zirintsis,Senior Engineer,1992-09-16,9999-01-01
23616,Udi,Baby,Senior Staff,1996-11-02,2001-08-20
23616,Udi,Baby,Staff,1989-11-02,1996-11-02
23618,Taizo,McAffer,Engineer,1990-01-22,1995-01-22
23618,Taizo,McAffer,Senior Engineer,1995-01-22,9999-01-01
23622,Siamak,Rosiles,Engineer,1985-08-12,1990-08-12
23622,Siamak,Rosiles,Senior Engineer,1990-08-12,9999-01-01
23625,Gladys,Thisen,Senior Staff,1995-12-15,9999-01-01
23625,Gladys,Thisen,Staff,1989-12-15,1995-12-15
23628,Radhakrishnan,Kalorkoti,Senior Staff,2002-03-19,9999-01-01
23628,Radhakrishnan,Kalorkoti,Staff,1997-03-19,2002-03-19
23630,Khaled,Gadepally,Staff,1998-02-08,9999-01-01
23636,Sumant,Tsukune,Engineer,1988-11-23,1993-11-23
23636,Sumant,Tsukune,Senior Engineer,1993-11-23,1997-05-09
23647,Mads,Bellone,Senior Engineer,1998-01-10,9999-01-01
23668,Odoardo,Penn,Engineer,1987-08-22,1994-08-22
23668,Odoardo,Penn,Senior Engineer,1994-08-22,9999-01-01
23672,Adhemar,Gils,Senior Staff,1988-01-27,9999-01-01
23673,Jayson,Llado,Technique Leader,1995-03-29,2002-07-11
23698,Margo,Lambe,Staff,2000-01-30,9999-01-01
23708,Vishwani,Ressouche,Senior Staff,1999-01-13,9999-01-01
23708,Vishwani,Ressouche,Staff,1992-01-13,1999-01-13
23712,Venkatesan,Macedo,Engineer,1996-05-31,9999-01-01
23714,Satoru,Lambe,Assistant Engineer,1991-12-06,1996-12-05
23714,Satoru,Lambe,Engineer,1996-12-05,2001-12-05
23714,Satoru,Lambe,Senior Engineer,2001-12-05,9999-01-01
23730,Dipayan,Hitomi,Engineer,1995-10-31,9999-01-01
23760,Moie,Einsfeld,Senior Staff,2001-01-25,9999-01-01
23760,Moie,Einsfeld,Staff,1993-01-25,2001-01-25
23767,Mohamadou,Junot,Senior Staff,1994-04-22,9999-01-01
23767,Mohamadou,Junot,Staff,1987-04-22,1994-04-22
23778,Lunjin,Matzov,Senior Staff,1997-03-20,9999-01-01
23778,Lunjin,Matzov,Staff,1991-03-21,1997-03-20
23796,Isaac,Cullers,Senior Staff,1994-10-19,9999-01-01
23807,Jenwei,Kohling,Senior Staff,1998-10-21,9999-01-01
23807,Jenwei,Kohling,Staff,1993-10-21,1998-10-21
23846,Hilary,Oxman,Staff,1990-04-20,1998-02-08
23851,Mayumi,Haumacher,Senior Engineer,1990-06-06,9999-01-01
23853,Evgueni,Panienski,Assistant Engineer,1989-05-01,1994-09-08
23922,Lakshmi,Tempesti,Senior Staff,1999-02-09,9999-01-01
23922,Lakshmi,Tempesti,Staff,1994-02-09,1999-02-09
23945,Alain,Crelier,Engineer,1987-11-11,1995-11-11
23945,Alain,Crelier,Senior Engineer,1995-11-11,9999-01-01
23948,Gay,Collette,Staff,1995-06-19,9999-01-01
23953,Christophe,Swan,Engineer,1993-09-25,1996-06-04
23968,Gian,Kakkad,Assistant Engineer,1993-11-18,1999-11-18
23968,Gian,Kakkad,Engineer,1999-11-18,2002-02-13
24022,Anwar,Dengi,Senior Staff,1988-03-28,9999-01-01
24033,Conor,Gips,Technique Leader,1985-10-20,1992-05-01
24037,Maria,Docker,Engineer,1989-01-14,1991-08-31
24053,Sumant,Polajnar,Engineer,1985-11-07,1992-11-07
24053,Sumant,Polajnar,Senior Engineer,1992-11-07,9999-01-01
24091,Kerhong,Llado,Assistant Engineer,1999-05-24,9999-01-01
24095,Pranav,Kambil,Assistant Engineer,1991-09-23,1998-09-23
24095,Pranav,Kambil,Engineer,1998-09-23,9999-01-01
24106,Wanqing,Brobst,Senior Staff,1998-03-26,9999-01-01
24106,Wanqing,Brobst,Staff,1992-03-26,1998-03-26
24115,Doowon,Schaap,Senior Engineer,1989-03-29,1989-10-22
24171,Jaana,Gihr,Senior Engineer,1989-07-11,9999-01-01
24172,Marke,Loncour,Staff,1995-08-20,9999-01-01
24190,Fumino,Porenta,Senior Staff,1997-04-02,9999-01-01
24190,Fumino,Porenta,Staff,1991-04-03,1997-04-02
24192,Giordano,Lorys,Engineer,1985-04-09,1993-04-09
24192,Giordano,Lorys,Senior Engineer,1993-04-09,9999-01-01
24237,Abdulah,Scharstein,Engineer,1998-02-26,9999-01-01
24239,Gad,Fraisse,Engineer,1995-07-27,2001-07-26
24239,Gad,Fraisse,Senior Engineer,2001-07-26,9999-01-01
24288,Gaurav,Merro,Technique Leader,1993-07-19,1993-11-11
24290,Chikako,Bernini,Senior Staff,1994-10-16,9999-01-01
24290,Chikako,Bernini,Staff,1985-10-16,1994-10-16
24294,Mack,Heuser,Engineer,1992-12-04,1998-12-04
24294,Mack,Heuser,Senior Engineer,1998-12-04,9999-01-01
24297,Gritta,Poupard,Staff,1996-08-01,1999-07-26
24302,Ayakannu,DiGiano,Engineer,1988-10-28,1996-10-27
24302,Ayakannu,DiGiano,Senior Engineer,1996-10-27,9999-01-01
24306,Chinhyun,Picco,Engineer,1985-08-22,1991-08-22
24306,Chinhyun,Picco,Senior Engineer,1991-08-22,9999-01-01
24327,Jessie,Slobodova,Technique Leader,1986-11-25,9999-01-01
24392,Jinpo,Borstler,Senior Staff,1990-03-17,9999-01-01
24392,Jinpo,Borstler,Staff,1985-03-17,1990-03-17
24443,Rasiah,Usdin,Senior Staff,1998-12-17,9999-01-01
24443,Rasiah,Usdin,Staff,1992-12-17,1998-12-17
24455,Pragnesh,Gini,Senior Staff,1999-05-14,1999-10-03
24455,Pragnesh,Gini,Staff,1993-05-14,1999-05-14
24456,Wonhee,Maraist,Engineer,1991-12-12,1999-12-12
24456,Wonhee,Maraist,Senior Engineer,1999-12-12,9999-01-01
24458,Abdulla,Granlund,Assistant Engineer,1992-03-01,1997-03-01
24458,Abdulla,Granlund,Engineer,1997-03-01,2002-03-01
24458,Abdulla,Granlund,Senior Engineer,2002-03-01,9999-01-01
24473,Mechthild,Cools,Senior Staff,1999-05-22,9999-01-01
24473,Mechthild,Cools,Staff,1993-05-22,1999-05-22
24481,Boguslaw,Muhling,Staff,1986-03-16,1987-03-05
24502,Takahiro,Ratnakar,Senior Staff,2001-10-09,9999-01-01
24502,Takahiro,Ratnakar,Staff,1995-10-11,2001-10-09
24510,Goh,Schonegge,Senior Staff,1991-03-13,9999-01-01
24510,Goh,Schonegge,Staff,1986-03-13,1991-03-13
24513,Leucio,Siegrist,Senior Staff,2001-09-06,9999-01-01
24513,Leucio,Siegrist,Staff,1994-09-06,2001-09-06
24520,Mohammed,Rosiles,Senior Staff,1994-12-09,9999-01-01
24520,Mohammed,Rosiles,Staff,1985-12-09,1994-12-09
24543,Mani,Eiron,Senior Staff,1995-06-09,9999-01-01
24545,Branimir,Pettit,Engineer,1989-10-30,1998-10-30
24545,Branimir,Pettit,Senior Engineer,1998-10-30,9999-01-01
24554,Filipp,Chenney,Engineer,1997-08-18,9999-01-01
24566,Gudjon,Randi,Senior Engineer,1997-02-08,1997-05-16
24567,Ute,Vitiello,Staff,1997-09-12,9999-01-01
24608,Khatoun,Mapelli,Senior Staff,2000-03-25,9999-01-01
24608,Khatoun,Mapelli,Staff,1993-03-25,2000-03-25
24612,Thodoros,Kleiser,Engineer,1985-12-18,1993-12-18
24612,Thodoros,Kleiser,Senior Engineer,1993-12-18,9999-01-01
24624,Yannis,Sidje,Senior Staff,1998-05-23,9999-01-01
24624,Yannis,Sidje,Staff,1993-05-23,1998-05-23
24631,Elgin,Imataki,Senior Staff,2002-03-27,9999-01-01
24631,Elgin,Imataki,Staff,1997-03-27,2002-03-27
24634,Martina,Butterworth,Senior Staff,2001-05-28,9999-01-01
24634,Martina,Butterworth,Staff,1993-05-28,2001-05-28
24644,Ebru,Luft,Engineer,1987-01-23,1992-01-23
24644,Ebru,Luft,Senior Engineer,1992-01-23,9999-01-01
24653,Shih,Anandan,Staff,1998-09-10,9999-01-01
24700,Przemyslawa,Guenter,Engineer,1995-04-08,2000-01-26
24708,Constantine,Merro,Senior Staff,1991-02-04,9999-01-01
24721,Bernt,Ranze,Staff,1997-10-18,2000-11-16
24734,Kwun,Poujol,Engineer,1997-02-19,2002-02-15
24758,Bader,Bellmore,Senior Staff,2000-03-27,9999-01-01
24758,Bader,Bellmore,Staff,1994-03-28,2000-03-27
24774,Uno,Facello,Senior Staff,2002-05-15,9999-01-01
24774,Uno,Facello,Staff,1993-05-15,2002-05-15
24777,Uli,Asmuth,Technique Leader,1998-10-14,9999-01-01
24796,Vasilis,Albarhamtoshy,Technique Leader,1999-04-05,9999-01-01
24814,Seshu,Molenkamp,Staff,1999-11-14,2000-09-14
24826,Dante,Peot,Engineer,1991-01-04,2000-01-04
24826,Dante,Peot,Senior Engineer,2000-01-04,9999-01-01
24847,Weiru,Cyre,Senior Engineer,1988-07-08,9999-01-01
24851,Joydip,Francisci,Staff,1999-06-25,9999-01-01
24858,Aloys,Sommer,Engineer,1997-03-18,9999-01-01
24869,Yechiam,Puppe,Staff,1998-09-10,9999-01-01
24873,Xinglin,Nooteboom,Engineer,1986-07-23,1991-03-19
24887,Bedrich,Dahlbom,Engineer,1992-12-11,2000-12-11
24887,Bedrich,Dahlbom,Senior Engineer,2000-12-11,9999-01-01
24898,Leif,Anger,Senior Staff,1998-04-19,9999-01-01
24898,Leif,Anger,Staff,1992-04-19,1998-04-19
24905,Taisook,Kavraki,Senior Engineer,1996-09-08,9999-01-01
24933,Kazuhiko,Fadgyas,Senior Engineer,1994-11-16,9999-01-01
24947,Oscal,Fujisaki,Senior Staff,1986-12-10,9999-01-01
24950,Turgut,Kushnir,Engineer,1998-09-13,2001-01-26
24964,Breannda,Vesel,Engineer,1990-05-14,1996-05-13
24964,Breannda,Vesel,Senior Engineer,1996-05-13,9999-01-01
24992,Ferdinand,Irland,Senior Engineer,1985-07-07,9999-01-01
25014,Saeed,Granlund,Senior Staff,1995-12-29,9999-01-01
25025,Prodip,Chepyzhov,Engineer,1999-09-08,2002-02-28
25063,Jixiang,Polupanov,Senior Staff,1993-12-17,9999-01-01
25063,Jixiang,Polupanov,Staff,1985-12-17,1993-12-17
25088,Huan,Kinley,Engineer,1992-02-28,1997-02-27
25088,Huan,Kinley,Senior Engineer,1997-02-27,9999-01-01
25092,Tran,Bottner,Senior Staff,2002-03-25,9999-01-01
25092,Tran,Bottner,Staff,1996-03-25,2002-03-25
25110,Sushant,Peek,Engineer,1994-10-10,2000-08-27
25128,Stella,Barriga,Engineer,1999-05-17,9999-01-01
25158,Golgen,Foote,Engineer,1999-01-11,9999-01-01
25188,Sungwon,Lorin,Engineer,1989-05-03,1998-05-03
25188,Sungwon,Lorin,Senior Engineer,1998-05-03,9999-01-01
25224,Udo,Merel,Senior Engineer,1990-08-24,9999-01-01
25234,Munehiro,Hashii,Staff,1995-04-27,1996-10-09
25245,Marco,Maierhofer,Engineer,1985-10-21,1990-10-21
25245,Marco,Maierhofer,Senior Engineer,1990-10-21,9999-01-01
25247,Leif,Roison,Engineer,1992-12-23,2000-12-23
25247,Leif,Roison,Senior Engineer,2000-12-23,9999-01-01
25274,Xinan,Genther,Senior Staff,1993-11-12,9999-01-01
25274,Xinan,Genther,Staff,1988-11-12,1993-11-12
25281,Fumiyo,Delgrande,Staff,1993-07-27,1993-11-08
25284,Abdelwaheb,Merey,Senior Engineer,1997-09-24,9999-01-01
25289,Koichi,Kavanagh,Senior Staff,1994-08-19,9999-01-01
25306,Cullen,Panienski,Senior Staff,2001-08-21,9999-01-01
25306,Cullen,Panienski,Staff,1995-08-22,2001-08-21
25319,Gad,Nergos,Staff,1999-06-03,2002-06-26
25331,Ramalingam,Lorin,Senior Engineer,1997-01-25,9999-01-01
25333,Premal,Portugali,Senior Staff,1999-08-22,9999-01-01
25333,Premal,Portugali,Staff,1991-08-22,1999-08-22
25336,Adin,Crelier,Senior Staff,1996-07-12,9999-01-01
25336,Adin,Crelier,Staff,1990-07-13,1996-07-12
25340,Xiahua,Bahr,Staff,1997-09-02,9999-01-01
25353,Giao,Bergere,Assistant Engineer,1995-09-17,2001-09-16
25353,Giao,Bergere,Engineer,2001-09-16,9999-01-01
25357,Roded,Quaggetto,Engineer,1996-09-20,2001-09-20
25357,Roded,Quaggetto,Senior Engineer,2001-09-20,9999-01-01
25373,Venkatesan,Gill,Engineer,1989-11-15,1994-11-15
25373,Venkatesan,Gill,Senior Engineer,1994-11-15,9999-01-01
25386,Erez,Riexinger,Assistant Engineer,1995-09-18,9999-01-01
25390,Khedija,Potthoff,Staff,1999-01-05,2001-09-19
25392,Mantis,Rodham,Technique Leader,1997-02-18,9999-01-01
25397,Gaetan,Pagter,Senior Staff,1999-02-22,9999-01-01
25397,Gaetan,Pagter,Staff,1993-02-22,1999-02-22
25398,Gully,Percebois,Engineer,1985-07-11,1994-07-11
25398,Gully,Percebois,Senior Engineer,1994-07-11,9999-01-01
25400,Filipp,Rassart,Engineer,1993-01-01,1999-01-01
25400,Filipp,Rassart,Senior Engineer,1999-01-01,9999-01-01
25413,Mart,Gopalakrishnan,Engineer,1986-03-08,1994-03-08
25413,Mart,Gopalakrishnan,Senior Engineer,1994-03-08,9999-01-01
25422,Xuejun,Standera,Engineer,1986-03-24,1995-03-24
25422,Xuejun,Standera,Senior Engineer,1995-03-24,9999-01-01
25430,Sajjad,Murtha,Engineer,1999-11-04,9999-01-01
25437,Xinyu,Eickenmeyer,Engineer,1986-10-23,1993-10-23
25437,Xinyu,Eickenmeyer,Senior Engineer,1993-10-23,9999-01-01
25439,Srinidhi,Ghazalie,Senior Engineer,1990-01-22,2000-07-31
25444,Surveyors,Badr,Senior Staff,1998-02-20,9999-01-01
25444,Surveyors,Badr,Staff,1990-02-20,1998-02-20
25459,Xinglin,Schade,Engineer,1985-12-29,1992-12-29
25459,Xinglin,Schade,Senior Engineer,1992-12-29,1996-05-24
25465,Krisda,Cairo,Senior Staff,2000-04-02,9999-01-01
25465,Krisda,Cairo,Staff,1994-04-03,2000-04-02
25481,Chrisa,Uchoa,Engineer,1995-06-04,2002-06-04
25481,Chrisa,Uchoa,Senior Engineer,2002-06-04,9999-01-01
25489,Heon,Carrera,Senior Staff,1995-03-22,9999-01-01
25489,Heon,Carrera,Staff,1986-03-22,1995-03-22
25523,Atreye,Openshaw,Senior Staff,1998-07-23,9999-01-01
25523,Atreye,Openshaw,Staff,1990-07-23,1998-07-23
25560,Chinho,Rodier,Technique Leader,1987-07-21,9999-01-01
25566,Shridhar,Whitcomb,Senior Engineer,1989-02-08,9999-01-01
25582,Elliott,Kemmerer,Senior Staff,2002-05-21,9999-01-01
25582,Elliott,Kemmerer,Staff,1995-05-21,2002-05-21
25585,Serge,Valette,Staff,2000-01-21,9999-01-01
25587,Gino,Aseltine,Engineer,1993-04-14,1999-02-07
25601,Eckart,Ramsay,Staff,1999-09-17,9999-01-01
25607,Sajjan,Dulin,Engineer,1985-07-20,1994-07-20
25607,Sajjan,Dulin,Senior Engineer,1994-07-20,9999-01-01
25620,Zorica,Herbst,Senior Staff,2002-03-05,9999-01-01
25620,Zorica,Herbst,Staff,1996-03-05,2002-03-05
25624,Krister,Murtha,Senior Staff,1996-01-15,9999-01-01
25638,Kerhong,Lagarias,Engineer,1997-04-16,9999-01-01
25639,Moss,Rebaine,Senior Staff,2000-04-01,9999-01-01
25639,Moss,Rebaine,Staff,1992-04-01,2000-04-01
25665,Sumali,Rosin,Staff,1999-04-13,1999-12-13
25683,Gregory,Fandrianto,Senior Staff,1997-11-08,9999-01-01
25683,Gregory,Fandrianto,Staff,1992-11-08,1997-11-08
25686,Moie,Morris,Senior Staff,2000-10-04,9999-01-01
25686,Moie,Morris,Staff,1993-10-04,2000-10-04
25698,Bodh,Conia,Engineer,1989-02-25,1995-02-25
25698,Bodh,Conia,Senior Engineer,1995-02-25,1997-06-09
25700,Dmitry,Feldmann,Assistant Engineer,1992-08-03,1999-08-04
25700,Dmitry,Feldmann,Engineer,1999-08-04,9999-01-01
25703,Xudong,Junot,Senior Engineer,1988-05-26,9999-01-01
25711,Eberhardt,Bergere,Technique Leader,1985-06-24,9999-01-01
25716,Jamaludin,Showalter,Assistant Engineer,1992-10-09,2000-10-09
25716,Jamaludin,Showalter,Engineer,2000-10-09,9999-01-01
25745,Chinho,Rosaz,Engineer,1986-05-22,1995-05-22
25745,Chinho,Rosaz,Senior Engineer,1995-05-22,9999-01-01
25779,Weiyi,Ferriere,Engineer,1987-09-16,1995-09-16
25779,Weiyi,Ferriere,Senior Engineer,1995-09-16,9999-01-01
25785,Shem,Akazan,Technique Leader,1996-10-28,9999-01-01
25800,Akhilish,Mitina,Staff,1998-12-14,2001-06-19
25826,Genevieve,Maliniak,Engineer,1986-09-08,1991-09-08
25826,Genevieve,Maliniak,Senior Engineer,1991-09-08,9999-01-01
25842,Vesna,Paciorek,Senior Engineer,1998-09-06,9999-01-01
25849,Nidapan,Bresenham,Senior Staff,1995-12-23,2000-09-04
25849,Nidapan,Bresenham,Staff,1988-12-22,1995-12-23
25852,Godehard,Danecki,Staff,1999-12-31,9999-01-01
25853,Martien,Doering,Senior Staff,1994-08-17,9999-01-01
25853,Martien,Doering,Staff,1986-08-17,1994-08-17
25871,Yefim,Vakili,Technique Leader,1993-11-11,9999-01-01
25872,Krister,Frolund,Engineer,1988-01-05,1994-01-04
25872,Krister,Frolund,Senior Engineer,1994-01-04,9999-01-01
25919,Persi,Kulisch,Senior Staff,1998-04-19,2000-08-11
25934,Lech,Sifakis,Engineer,1988-07-20,1994-03-25
25945,Duke,Thimonier,Assistant Engineer,1985-04-24,1990-04-24
25945,Duke,Thimonier,Engineer,1990-04-24,1995-04-24
25945,Duke,Thimonier,Senior Engineer,1995-04-24,9999-01-01
25948,Otmar,Caine,Senior Staff,1997-07-30,9999-01-01
25948,Otmar,Caine,Staff,1992-07-30,1997-07-30
25958,Navid,Munke,Senior Engineer,1994-10-23,9999-01-01
25984,Udaiprakash,Szilard,Engineer,1989-04-25,1995-04-25
25984,Udaiprakash,Szilard,Senior Engineer,1995-04-25,9999-01-01
25996,Hercules,Eiter,Senior Staff,1997-07-13,9999-01-01
25996,Hercules,Eiter,Staff,1988-07-13,1997-07-13
25998,Adly,Heinisuo,Engineer,1986-11-30,1988-07-25
26000,Fuqing,Veeraraghavan,Senior Staff,2002-08-01,9999-01-01
26000,Fuqing,Veeraraghavan,Staff,1997-08-01,2002-08-01
26015,Shuji,Mungall,Senior Engineer,1998-10-04,9999-01-01
26040,Woody,Chachaty,Engineer,1988-08-23,1996-08-23
26040,Woody,Chachaty,Senior Engineer,1996-08-23,9999-01-01
26061,Yongmao,Alencar,Engineer,1990-03-13,1997-03-13
26061,Yongmao,Alencar,Senior Engineer,1997-03-13,9999-01-01
26068,Aamod,Klerer,Technique Leader,1991-12-15,9999-01-01
26073,Theirry,Hofman,Engineer,1989-03-15,1997-03-15
26073,Theirry,Hofman,Senior Engineer,1997-03-15,9999-01-01
26090,Douadi,Vural,Engineer,1997-10-21,1998-01-18
26091,Conor,Litzler,Engineer,1989-05-28,1994-05-28
26091,Conor,Litzler,Senior Engineer,1994-05-28,9999-01-01
26101,Spyrose,Iwayama,Engineer,1985-02-06,1990-02-06
26101,Spyrose,Iwayama,Senior Engineer,1990-02-06,9999-01-01
26123,Tsz,Angel,Engineer,1995-06-06,1998-11-26
26128,Ipke,Barinka,Engineer,1992-07-24,1999-07-25
26128,Ipke,Barinka,Senior Engineer,1999-07-25,2001-05-03
26130,Giap,Gulak,Engineer,1989-09-05,1997-09-05
26130,Giap,Gulak,Senior Engineer,1997-09-05,9999-01-01
26132,Jeane,Maccarone,Engineer,1990-08-07,1996-08-06
26132,Jeane,Maccarone,Senior Engineer,1996-08-06,9999-01-01
26135,Evgueni,Angiulli,Engineer,1988-07-19,1994-07-19
26135,Evgueni,Angiulli,Senior Engineer,1994-07-19,9999-01-01
26139,Ashish,Copas,Engineer,1989-03-08,1997-03-08
26139,Ashish,Copas,Senior Engineer,1997-03-08,9999-01-01
26161,Yurii,Goodrum,Engineer,1994-09-22,9999-01-01
26167,Paraskevi,Syrotiuk,Senior Staff,1994-10-27,9999-01-01
26167,Paraskevi,Syrotiuk,Staff,1988-10-27,1994-10-27
26187,Amalendu,Barbanera,Senior Staff,1998-08-29,9999-01-01
26187,Amalendu,Barbanera,Staff,1989-08-29,1998-08-29
26204,Kensei,Massonet,Engineer,1999-08-22,9999-01-01
26219,Bernd,Kavraki,Engineer,1998-11-27,9999-01-01
26222,Trygve,Ramsak,Engineer,1989-09-04,1998-09-04
26222,Trygve,Ramsak,Senior Engineer,1998-09-04,9999-01-01
26243,Jiong,Birge,Staff,1999-08-09,9999-01-01
26250,Soenke,Jiang,Senior Staff,1987-07-23,1994-01-19
26266,Matt,Erie,Technique Leader,1987-01-19,9999-01-01
26305,Ortrud,Junot,Senior Staff,1997-02-28,9999-01-01
26305,Ortrud,Junot,Staff,1988-02-29,1997-02-28
26307,Mariangiola,Luck,Assistant Engineer,1991-04-25,1996-04-24
26307,Mariangiola,Luck,Engineer,1996-04-24,2001-04-24
26307,Mariangiola,Luck,Senior Engineer,2001-04-24,9999-01-01
26314,Bernice,Melton,Engineer,1990-03-28,1999-03-28
26314,Bernice,Melton,Senior Engineer,1999-03-28,2002-04-10
26316,Thanasis,Karnin,Senior Staff,2000-10-01,9999-01-01
26316,Thanasis,Karnin,Staff,1994-10-02,2000-10-01
26329,Oksana,Bellmore,Staff,1999-11-08,9999-01-01
26334,Tsuneo,Badache,Engineer,1991-09-03,1996-09-02
26334,Tsuneo,Badache,Senior Engineer,1996-09-02,9999-01-01
26348,Haldun,Broomell,Assistant Engineer,1998-03-26,1999-11-23
26351,Supot,Hiyoshi,Senior Staff,1993-11-12,9999-01-01
26351,Supot,Hiyoshi,Staff,1986-11-12,1993-11-12
26366,Fay,Rebaine,Engineer,1993-07-27,2002-07-27
26366,Fay,Rebaine,Senior Engineer,2002-07-27,9999-01-01
26375,Kshitij,Chaudhuri,Senior Staff,1988-09-21,9999-01-01
26390,Radhia,Dulin,Staff,1999-07-05,9999-01-01
26410,Samphel,Bade,Engineer,1997-03-25,2002-03-25
26410,Samphel,Bade,Senior Engineer,2002-03-25,9999-01-01
26417,Aris,Hegner,Engineer,1987-01-01,1987-08-10
26422,Shuho,Schmezko,Assistant Engineer,1990-04-08,1997-04-08
26422,Shuho,Schmezko,Engineer,1997-04-08,9999-01-01
26430,Eric,Sudkamp,Engineer,1987-02-16,1994-02-16
26430,Eric,Sudkamp,Senior Engineer,1994-02-16,1994-04-25
26453,Jacopo,Rosay,Technique Leader,1985-02-22,9999-01-01
26478,Tayeb,Szemeredi,Engineer,1996-07-06,9999-01-01
26492,Jaana,Bernini,Technique Leader,1997-12-02,9999-01-01
26500,Prasadram,Underwood,Senior Staff,2001-02-03,9999-01-01
26500,Prasadram,Underwood,Staff,1993-02-03,2001-02-03
26511,Miquel,Spinelli,Engineer,1990-03-21,1997-03-21
26511,Miquel,Spinelli,Senior Engineer,1997-03-21,9999-01-01
26515,Larisa,Nanard,Senior Staff,1998-07-23,9999-01-01
26515,Larisa,Nanard,Staff,1989-07-23,1998-07-23
26519,Arunas,Kemmerer,Engineer,1996-02-23,9999-01-01
26533,Khun,Kobuchi,Engineer,1993-11-23,9999-01-01
26541,Zita,Frijda,Engineer,1991-02-06,1996-02-06
26541,Zita,Frijda,Senior Engineer,1996-02-06,9999-01-01
26549,Gad,Giveon,Staff,1995-09-04,9999-01-01
26566,Emran,Kroha,Senior Staff,1998-06-29,9999-01-01
26566,Emran,Kroha,Staff,1991-06-29,1998-06-29
26568,Xudong,Docker,Engineer,1985-03-26,1990-03-26
26568,Xudong,Docker,Senior Engineer,1990-03-26,9999-01-01
26610,Lorien,Papsdorf,Assistant Engineer,1997-01-12,2001-10-25
26612,Geoffry,Binkley,Engineer,1999-08-06,9999-01-01
26637,Taizo,Eastman,Engineer,1987-04-30,1995-04-30
26637,Taizo,Eastman,Senior Engineer,1995-04-30,9999-01-01
26640,Vincent,Greenaway,Engineer,1999-11-06,9999-01-01
26655,Suzette,Benaini,Senior Staff,1991-12-04,2000-03-01
26655,Suzette,Benaini,Staff,1986-12-04,1991-12-04
26666,Sumali,Assaf,Staff,1994-10-18,9999-01-01
26670,Stella,Curless,Staff,1994-03-11,1996-11-22
26685,Sudharsan,Brlek,Senior Engineer,1988-07-31,9999-01-01
26688,Vasiliy,Pollock,Technique Leader,1996-06-07,9999-01-01
26691,Navin,Liedekerke,Engineer,1997-05-29,9999-01-01
26696,Saniya,Hegner,Senior Staff,2002-05-03,9999-01-01
26696,Saniya,Hegner,Staff,1995-05-03,2002-05-03
26727,Luisa,Hoogerwoord,Senior Staff,1998-11-11,9999-01-01
26727,Luisa,Hoogerwoord,Staff,1993-11-11,1998-11-11
26749,Idoia,Iisaka,Senior Staff,1992-04-19,9999-01-01
26749,Idoia,Iisaka,Staff,1987-04-20,1992-04-19
26756,Takahiro,Maquelin,Senior Staff,1991-05-04,9999-01-01
26780,Khaled,Georg,Engineer,1995-04-16,9999-01-01
26784,Iara,Breugel,Staff,1988-03-08,1988-06-25
26793,Serap,Sidhu,Engineer,1988-12-25,1997-12-25
26793,Serap,Sidhu,Senior Engineer,1997-12-25,9999-01-01
26799,Fen,Laurillard,Staff,1995-12-14,1999-04-06
26817,Dayanand,Perl,Senior Engineer,1990-05-17,9999-01-01
26818,Ramachenga,Gihr,Senior Staff,1997-11-15,9999-01-01
26818,Ramachenga,Gihr,Staff,1989-11-15,1997-11-15
26822,Atreye,Strandh,Engineer,1992-10-01,1993-07-27
26855,Rayond,Pelz,Senior Staff,1992-01-03,1993-07-22
26857,Irene,Lung,Engineer,1999-08-19,2001-03-21
26868,Elrique,Khalil,Engineer,1987-02-26,1996-02-26
26868,Elrique,Khalil,Senior Engineer,1996-02-26,9999-01-01
26885,Phillip,Rijsenbrij,Engineer,1989-08-10,1996-08-10
26885,Phillip,Rijsenbrij,Senior Engineer,1996-08-10,9999-01-01
26894,DAIDA,Schmiedel,Engineer,1988-11-08,1993-11-08
26894,DAIDA,Schmiedel,Senior Engineer,1993-11-08,9999-01-01
26920,Jahangir,Zobel,Senior Staff,1992-10-07,9999-01-01
26925,Jolita,Gils,Senior Staff,1994-08-14,9999-01-01
26925,Jolita,Gils,Staff,1987-08-14,1994-08-14
26927,Aloys,Gill,Senior Engineer,1992-09-10,9999-01-01
26961,Jinpo,Woycyznski,Assistant Engineer,1985-05-28,1990-05-28
26961,Jinpo,Woycyznski,Engineer,1990-05-28,1995-05-28
26961,Jinpo,Woycyznski,Senior Engineer,1995-05-28,9999-01-01
26962,Masanao,Passafiume,Senior Engineer,1985-09-30,1990-08-13
26977,Koldo,Peng,Senior Engineer,1988-04-04,9999-01-01
27011,Junichi,Peot,Senior Engineer,1991-02-21,9999-01-01
27018,Florian,Katiyar,Senior Staff,2001-01-01,9999-01-01
27018,Florian,Katiyar,Staff,1996-01-02,2001-01-01
27038,Emran,Birge,Senior Staff,1994-10-11,9999-01-01
27038,Emran,Birge,Staff,1985-10-11,1994-10-11
27064,Tamiya,Peltason,Staff,1999-07-10,9999-01-01
27079,Bernt,Mitzlaff,Senior Staff,1996-03-26,1999-10-03
27079,Bernt,Mitzlaff,Staff,1990-03-27,1996-03-26
27080,Aimee,Lundstrom,Senior Engineer,1986-10-01,9999-01-01
27082,Maja,Billawala,Staff,1999-05-19,9999-01-01
27091,Abdelwaheb,Munos,Technique Leader,1994-12-03,1997-01-16
27099,Marco,Ducloy,Engineer,1997-03-14,9999-01-01
27102,Badri,Rettelbach,Engineer,1986-09-24,1994-09-24
27102,Badri,Rettelbach,Senior Engineer,1994-09-24,9999-01-01
27119,Chaitali,Meriste,Engineer,1986-03-24,1991-03-24
27119,Chaitali,Meriste,Senior Engineer,1991-03-24,9999-01-01
27126,Alain,Rosca,Staff,1994-08-14,9999-01-01
27151,Jacopo,Taubman,Staff,1994-11-15,2002-03-02
27165,Mihalis,Wilharm,Senior Staff,1998-11-13,9999-01-01
27165,Mihalis,Wilharm,Staff,1991-11-13,1998-11-13
27178,Khaled,Improta,Engineer,1986-10-23,1994-10-23
27178,Khaled,Improta,Senior Engineer,1994-10-23,1998-01-23
27209,Krisda,Collavizza,Senior Staff,2002-04-08,9999-01-01
27209,Krisda,Collavizza,Staff,1995-04-08,2002-04-08
27218,Nahum,Plesums,Senior Engineer,1997-02-22,9999-01-01
27247,Kersti,Fritzsche,Senior Engineer,1985-08-23,9999-01-01
27271,Arvind,Wuwongse,Engineer,1999-12-04,9999-01-01
27274,Stamatina,Setlzner,Engineer,1993-05-12,1998-05-12
27274,Stamatina,Setlzner,Senior Engineer,1998-05-12,2001-06-14
27275,Tomofumi,Benzmuller,Engineer,1987-02-20,1996-02-20
27275,Tomofumi,Benzmuller,Senior Engineer,1996-02-20,9999-01-01
27290,Nakhoon,Khamsi,Senior Staff,1986-08-14,9999-01-01
27303,Basant,Thummel,Staff,1999-08-11,9999-01-01
27316,Subhrajyoti,Birch,Engineer,1992-06-14,1994-04-09
27320,Alexius,Hebert,Engineer,1989-12-28,1996-12-28
27320,Alexius,Hebert,Senior Engineer,1996-12-28,9999-01-01
27341,Ziya,Heydon,Engineer,1988-10-19,1993-10-19
27341,Ziya,Heydon,Senior Engineer,1993-10-19,9999-01-01
27343,Shao,Wixon,Staff,1997-05-29,9999-01-01
27376,Xiahua,Kuhnemann,Senior Staff,1994-02-08,2002-04-18
27376,Xiahua,Kuhnemann,Staff,1987-02-08,1994-02-08
27384,Noritoshi,Zaumen,Senior Engineer,1988-08-19,1997-08-28
27387,Zhilian,Muniz,Engineer,1989-01-25,1996-01-26
27387,Zhilian,Muniz,Senior Engineer,1996-01-26,9999-01-01
27389,Emdad,Matteis,Engineer,1989-09-21,1997-09-21
27389,Emdad,Matteis,Senior Engineer,1997-09-21,9999-01-01
27390,Goetz,Beilner,Engineer,1985-11-12,1993-11-12
27390,Goetz,Beilner,Senior Engineer,1993-11-12,9999-01-01
27408,Rosine,Schurmann,Senior Engineer,1994-08-03,9999-01-01
27417,Khedija,Uhrik,Senior Staff,2002-04-11,9999-01-01
27417,Khedija,Uhrik,Staff,1993-04-11,2002-04-11
27439,Petter,Rijckaert,Engineer,1986-03-16,1990-06-22
27443,Shakhar,Restivo,Senior Engineer,1985-07-15,9999-01-01
27453,Bokyung,Gerlach,Technique Leader,1987-11-29,9999-01-01
27461,Sasan,Kuhnemann,Technique Leader,1985-11-01,9999-01-01
27470,Arun,Reutenauer,Senior Staff,1995-03-18,9999-01-01
27470,Arun,Reutenauer,Staff,1986-03-18,1995-03-18
27480,Shaowei,Szemeredi,Senior Staff,1996-08-30,9999-01-01
27480,Shaowei,Szemeredi,Staff,1990-08-31,1996-08-30
27503,Udo,Angot,Technique Leader,1996-03-28,9999-01-01
27508,Weiye,Eugenio,Engineer,1996-08-24,2001-08-24
27508,Weiye,Eugenio,Senior Engineer,2001-08-24,9999-01-01
27534,Kazuyasu,Cappello,Engineer,1986-12-06,1995-12-06
27534,Kazuyasu,Cappello,Senior Engineer,1995-12-06,9999-01-01
27562,Geoffrey,Reutenauer,Technique Leader,1999-07-12,9999-01-01
27565,Samphel,Gini,Senior Engineer,1988-05-12,1992-04-19
27579,Harjit,Kolvik,Senior Staff,1994-02-26,9999-01-01
27579,Harjit,Kolvik,Staff,1987-02-26,1994-02-26
27598,Jessie,Byoun,Assistant Engineer,1986-11-03,1991-11-03
27598,Jessie,Byoun,Engineer,1991-11-03,1996-11-02
27598,Jessie,Byoun,Senior Engineer,1996-11-02,9999-01-01
27600,Hiroyasu,Pargas,Staff,1994-04-21,1994-09-19
27617,Akhilish,Suri,Staff,1997-02-22,9999-01-01
27638,Vasilis,Cullers,Staff,1997-11-24,9999-01-01
27649,Sariel,Axelband,Senior Staff,1992-09-04,9999-01-01
27649,Sariel,Axelband,Staff,1987-09-05,1992-09-04
27655,Pramod,Steinauer,Engineer,1999-07-15,9999-01-01
27656,Ymte,Kamble,Senior Engineer,1988-05-23,9999-01-01
27657,Subhada,Fandrianto,Engineer,1990-08-11,1997-08-11
27657,Subhada,Fandrianto,Senior Engineer,1997-08-11,9999-01-01
27661,Feipei,Krone,Staff,1997-11-18,9999-01-01
27674,Tesuya,Mapelli,Assistant Engineer,1989-11-01,1998-11-01
27674,Tesuya,Mapelli,Engineer,1998-11-01,9999-01-01
27681,Oguz,Haraldson,Engineer,1985-10-14,1990-10-14
27681,Oguz,Haraldson,Senior Engineer,1990-10-14,9999-01-01
27684,Geraldo,Shimshoni,Senior Staff,1997-01-04,9999-01-01
27718,Eberhardt,Auria,Staff,1988-03-12,1991-03-10
27731,Chenyi,Serot,Engineer,1989-07-30,1995-07-30
27731,Chenyi,Serot,Senior Engineer,1995-07-30,9999-01-01
27745,Margareta,Tsukune,Engineer,1993-11-28,1996-11-28
27777,Fai,Marzano,Senior Staff,2001-05-21,9999-01-01
27777,Fai,Marzano,Staff,1996-05-21,2001-05-21
27784,Nikolaos,Zykh,Technique Leader,1989-12-24,9999-01-01
27807,Weijing,Nastansky,Assistant Engineer,1986-08-17,1995-08-17
27807,Weijing,Nastansky,Engineer,1995-08-17,9999-01-01
27811,Edwin,Broder,Engineer,1995-10-02,2000-10-01
27811,Edwin,Broder,Senior Engineer,2000-10-01,9999-01-01
27815,Abdulah,Gulla,Staff,1998-09-03,9999-01-01
27829,Mabhin,Shihab,Senior Staff,1991-12-09,1994-08-14
27830,Fayez,Staylopatis,Senior Engineer,1991-03-04,9999-01-01
27847,Atilio,Lally,Staff,1998-05-19,9999-01-01
27853,Tonia,Lanteri,Staff,1996-05-06,9999-01-01
27876,Akhilish,Walstra,Engineer,1997-08-27,9999-01-01
27898,Prodip,Parfitt,Technique Leader,1996-01-10,1996-12-23
27913,Vojin,Fontan,Senior Staff,1995-11-25,9999-01-01
27913,Vojin,Fontan,Staff,1989-11-25,1995-11-25
27929,Hyuncheol,Choobineh,Engineer,1987-05-30,1995-05-30
27929,Hyuncheol,Choobineh,Senior Engineer,1995-05-30,9999-01-01
27946,Junsik,Miyakawa,Engineer,1989-07-03,1995-07-03
27946,Junsik,Miyakawa,Senior Engineer,1995-07-03,9999-01-01
27989,Dipankar,Bauknecht,Engineer,1987-12-30,1993-12-29
27989,Dipankar,Bauknecht,Senior Engineer,1993-12-29,9999-01-01
27996,Filipp,Saoudi,Engineer,1987-01-18,1995-01-18
27996,Filipp,Saoudi,Senior Engineer,1995-01-18,9999-01-01
28005,Willard,Luce,Assistant Engineer,1989-07-05,1997-07-05
28005,Willard,Luce,Engineer,1997-07-05,9999-01-01
28010,Sugwoo,Shrader,Staff,1998-10-19,1999-11-21
28015,Aram,Conde,Engineer,1990-02-19,1995-02-19
28015,Aram,Conde,Senior Engineer,1995-02-19,9999-01-01
28021,Lucien,Mitzlaff,Staff,1991-01-09,1996-10-04
28038,Subhankar,Katzenelson,Senior Engineer,1999-09-18,9999-01-01
28063,Mani,Bernardeschi,Engineer,1998-10-20,9999-01-01
28078,Chinhyun,Bain,Staff,1997-10-01,9999-01-01
28114,Bernd,Encarnacion,Engineer,1998-01-07,9999-01-01
28138,Lucian,Papadias,Staff,1998-12-05,9999-01-01
28150,Jaana,Vingron,Staff,1997-07-20,1998-08-06
28151,Reuven,Keirsey,Staff,1998-10-12,9999-01-01
28167,Sarita,Calkin,Senior Engineer,1994-03-13,9999-01-01
28175,Tzvetan,Bugaenko,Senior Staff,1993-11-27,9999-01-01
28175,Tzvetan,Bugaenko,Staff,1988-11-27,1993-11-27
28183,Barna,Neiman,Staff,1997-02-27,9999-01-01
28199,Maris,Schapiro,Senior Engineer,1999-11-04,9999-01-01
28217,Keiichiro,Peyn,Senior Staff,1997-05-09,2002-06-19
28217,Keiichiro,Peyn,Staff,1989-05-09,1997-05-09
28232,Fun,Veccia,Assistant Engineer,1988-07-17,1997-07-17
28232,Fun,Veccia,Engineer,1997-07-17,9999-01-01
28250,Tsz,Woycyznski,Senior Staff,1989-06-25,9999-01-01
28262,Masasuke,Beerel,Senior Staff,1992-03-28,9999-01-01
28285,Mircea,Heuter,Engineer,1986-05-10,1995-05-10
28285,Mircea,Heuter,Senior Engineer,1995-05-10,1995-11-12
28286,Mohan,Kuzuoka,Staff,1998-06-11,9999-01-01
28302,Ugo,Minakawa,Senior Staff,1992-10-19,9999-01-01
28302,Ugo,Minakawa,Staff,1985-10-19,1992-10-19
28324,Hongzue,Gihr,Senior Staff,1997-07-09,9999-01-01
28324,Hongzue,Gihr,Staff,1992-07-09,1997-07-09
28335,Golgen,Loncour,Senior Engineer,1987-09-08,1999-03-29
28367,Ingemar,Klassen,Senior Staff,1999-08-01,9999-01-01
28367,Ingemar,Klassen,Staff,1993-08-01,1999-08-01
28377,Gudjon,Frezza,Senior Engineer,1990-07-16,1997-08-21
28381,Leaf,Bashian,Senior Staff,1996-05-12,9999-01-01
28381,Leaf,Bashian,Staff,1987-05-13,1996-05-12
28405,Bader,Maraist,Senior Engineer,1989-09-24,9999-01-01
28406,Monique,Pulkowski,Engineer,1990-05-24,1997-05-24
28406,Monique,Pulkowski,Senior Engineer,1997-05-24,9999-01-01
28409,Chinho,Terlouw,Engineer,1989-01-05,1998-01-05
28409,Chinho,Terlouw,Senior Engineer,1998-01-05,9999-01-01
28457,Arun,Haddadi,Staff,1999-07-15,9999-01-01
28467,Larisa,Pietracaprina,Senior Staff,1993-12-01,9999-01-01
28480,Zhenbing,Schonegge,Staff,1996-12-06,9999-01-01
28550,Arlette,Schnabel,Engineer,1989-03-20,1996-03-20
28550,Arlette,Schnabel,Senior Engineer,1996-03-20,9999-01-01
28583,Kiyotoshi,Kuszyk,Senior Staff,1992-11-09,9999-01-01
28583,Kiyotoshi,Kuszyk,Staff,1986-11-10,1992-11-09
28608,Alper,Mandell,Engineer,1991-04-12,1991-09-10
28646,Remmert,Falby,Engineer,1999-10-04,9999-01-01
28717,Takahira,Guting,Senior Staff,1998-12-13,9999-01-01
28717,Takahira,Guting,Staff,1990-12-13,1998-12-13
28735,Kwangjo,Rosaz,Engineer,1990-02-24,1997-02-24
28735,Kwangjo,Rosaz,Senior Engineer,1997-02-24,9999-01-01
28736,Goa,Linnainmaa,Staff,1998-07-26,9999-01-01
28742,Gully,Lanzelotte,Senior Staff,1994-08-23,9999-01-01
28742,Gully,Lanzelotte,Staff,1987-08-23,1994-08-23
28781,Vasiliy,Speek,Engineer,1986-08-16,1993-08-16
28781,Vasiliy,Speek,Senior Engineer,1993-08-16,9999-01-01
28786,Dulce,Kolinko,Senior Staff,2002-06-04,9999-01-01
28786,Dulce,Kolinko,Staff,1996-06-04,2002-06-04
28787,Fan,Barbanera,Technique Leader,1993-04-21,9999-01-01
28800,Berhard,Krohm,Senior Engineer,1996-08-01,9999-01-01
28814,Chinhyun,Weedman,Engineer,1992-12-07,2000-12-07
28814,Chinhyun,Weedman,Senior Engineer,2000-12-07,9999-01-01
28817,Martijn,Perelgut,Engineer,1986-04-01,1992-03-31
28817,Martijn,Perelgut,Senior Engineer,1992-03-31,9999-01-01
28819,Mori,Bresenham,Senior Staff,1998-05-12,9999-01-01
28819,Mori,Bresenham,Staff,1990-05-12,1998-05-12
28820,Geraldo,Oxenboll,Technique Leader,1986-09-20,9999-01-01
28824,Aloke,Kavvadias,Senior Staff,1993-01-10,9999-01-01
28824,Aloke,Kavvadias,Staff,1987-01-11,1993-01-10
28842,Halsur,Junet,Engineer,1998-02-09,9999-01-01
28863,JoAnna,Chelton,Senior Engineer,1989-07-21,9999-01-01
28864,Sukumar,Kushner,Assistant Engineer,1995-03-02,2002-03-02
28864,Sukumar,Kushner,Engineer,2002-03-02,9999-01-01
28894,Neelam,Decaestecker,Engineer,1995-03-14,2001-03-13
28894,Neelam,Decaestecker,Senior Engineer,2001-03-13,9999-01-01
28907,Shuzo,Grandbois,Engineer,1996-07-07,2001-07-07
28907,Shuzo,Grandbois,Senior Engineer,2001-07-07,9999-01-01
28916,Aloys,Milicic,Technique Leader,1993-03-10,9999-01-01
28929,Yoshinari,Lovengreen,Senior Staff,1986-07-11,9999-01-01
28951,Dines,Montresor,Engineer,1998-01-02,9999-01-01
28954,Conor,Kugler,Assistant Engineer,1991-12-07,2000-12-06
28954,Conor,Kugler,Engineer,2000-12-06,9999-01-01
28960,Boaz,Kenevan,Senior Staff,1993-01-27,9999-01-01
28960,Boaz,Kenevan,Staff,1988-01-28,1993-01-27
29021,Tran,Stille,Engineer,1990-01-18,1997-01-18
29021,Tran,Stille,Senior Engineer,1997-01-18,9999-01-01
29027,Arnould,Stasinski,Senior Staff,1994-04-02,2000-03-26
29027,Arnould,Stasinski,Staff,1987-04-02,1994-04-02
29038,Etsuo,Shackell,Engineer,1987-09-02,1992-09-01
29038,Etsuo,Shackell,Senior Engineer,1992-09-01,1997-02-16
29050,Hinrich,Farrag,Senior Staff,1994-01-10,9999-01-01
29050,Hinrich,Farrag,Staff,1987-01-10,1994-01-10
29062,Bedrich,Pelz,Assistant Engineer,1990-05-24,1995-08-10
29067,Masami,Ligten,Senior Staff,1998-12-18,9999-01-01
29067,Masami,Ligten,Staff,1989-12-18,1998-12-18
29074,Susanne,Kawashima,Senior Staff,1988-05-25,9999-01-01
29076,Panayotis,Mateescu,Engineer,1986-11-11,1994-11-11
29076,Panayotis,Mateescu,Senior Engineer,1994-11-11,9999-01-01
29082,Olivera,Biron,Engineer,1997-11-05,9999-01-01
29108,Suzette,Hambrick,Staff,1998-10-13,9999-01-01
29118,Ult,Zongker,Senior Staff,2001-05-14,9999-01-01
29118,Ult,Zongker,Staff,1993-05-14,2001-05-14
29122,Thodoros,Melichar,Staff,1995-04-06,1999-11-10
29128,Akeno,Bonifati,Senior Staff,1999-02-25,9999-01-01
29128,Akeno,Bonifati,Staff,1994-02-25,1999-02-25
29158,Danai,Hasham,Senior Engineer,1996-08-27,9999-01-01
29160,Taiji,Pellegrinelli,Engineer,1998-01-08,9999-01-01
29162,Saddek,Mayerwieser,Technique Leader,1990-11-21,2000-02-16
29180,Xiaoshan,Marrevee,Staff,1998-01-15,9999-01-01
29188,Toshiko,Conte,Senior Engineer,1997-07-15,9999-01-01
29189,Ibibia,Shihab,Engineer,1985-06-27,1990-06-27
29189,Ibibia,Shihab,Senior Engineer,1990-06-27,9999-01-01
29229,Tiina,Zaiane,Senior Staff,1999-02-05,9999-01-01
29230,Shigehiro,Rodiger,Technique Leader,1985-08-13,2001-04-03
29240,Perry,Ranai,Engineer,1992-11-04,2000-11-04
29240,Perry,Ranai,Senior Engineer,2000-11-04,9999-01-01
29242,Muzhong,Snyers,Staff,1997-09-27,9999-01-01
29262,Tse,Munke,Senior Staff,1997-05-23,9999-01-01
29262,Tse,Munke,Staff,1991-05-24,1997-05-23
29293,Mario,Gajiwala,Engineer,1997-11-14,9999-01-01
29294,Niteen,Hutton,Assistant Engineer,1992-11-11,1999-11-12
29294,Niteen,Hutton,Engineer,1999-11-12,9999-01-01
29295,Wayne,Boguraev,Engineer,1992-03-14,2000-03-14
29295,Wayne,Boguraev,Senior Engineer,2000-03-14,9999-01-01
29301,Wanqing,Fadgyas,Senior Staff,1996-05-13,9999-01-01
29301,Wanqing,Fadgyas,Staff,1989-05-13,1996-05-13
29310,Shooichi,Lund,Engineer,1992-09-10,1997-09-10
29310,Shooichi,Lund,Senior Engineer,1997-09-10,9999-01-01
29311,Woody,Benaini,Engineer,1991-05-01,2000-04-30
29311,Woody,Benaini,Senior Engineer,2000-04-30,9999-01-01
29313,Hilari,Garnham,Senior Staff,1994-11-18,2001-06-29
29313,Hilari,Garnham,Staff,1987-11-18,1994-11-18
29330,Georgy,Luck,Engineer,1998-05-30,9999-01-01
29331,Sangeeta,Alvarado,Assistant Engineer,1986-01-21,1988-07-15
29338,Heeju,Papastamatiou,Engineer,1988-02-16,1996-02-16
29338,Heeju,Papastamatiou,Senior Engineer,1996-02-16,9999-01-01
29344,Boalin,Hockney,Staff,1994-03-14,9999-01-01
29345,Alexius,Piazza,Engineer,1993-07-24,1999-07-24
29345,Alexius,Piazza,Senior Engineer,1999-07-24,9999-01-01
29382,Surveyors,Stentiford,Senior Staff,1992-04-05,9999-01-01
29392,Shalesh,Rothenberg,Engineer,1985-03-02,1994-03-02
29392,Shalesh,Rothenberg,Senior Engineer,1994-03-02,9999-01-01
29408,Teiji,Azumi,Engineer,1993-01-12,1998-02-28
29447,Uzi,Brizzi,Senior Staff,1999-05-14,9999-01-01
29448,Nahid,Chappelet,Engineer,1996-04-08,2000-05-17
29451,Tomoyuki,Suppi,Senior Staff,1999-01-20,9999-01-01
29451,Tomoyuki,Suppi,Staff,1992-01-20,1999-01-20
29460,Augustine,Ruther,Staff,1998-04-15,9999-01-01
29462,Eldridge,Pezzoli,Senior Staff,1998-04-29,9999-01-01
29478,Constantijn,Terwilliger,Staff,1999-09-25,2000-07-20
29491,Raimond,Pulkowski,Senior Engineer,1987-10-07,9999-01-01
29496,Houman,Bernick,Staff,1989-07-05,1994-09-24
29517,Satosi,Lenart,Senior Staff,1999-05-13,9999-01-01
29517,Satosi,Lenart,Staff,1991-05-13,1999-05-13
29540,Kiyomitsu,Fiutem,Engineer,1996-12-23,9999-01-01
29552,Nalini,Osgood,Senior Staff,1992-04-07,9999-01-01
29552,Nalini,Osgood,Staff,1987-04-08,1992-04-07
29570,Bangqing,Edelhoff,Staff,1999-06-09,9999-01-01
29619,Morris,Fujisawa,Senior Engineer,1986-06-29,9999-01-01
29629,Nidapan,Bharadwaj,Senior Engineer,1991-05-18,9999-01-01
29638,Gino,Quadeer,Staff,1999-06-29,9999-01-01
29654,Howell,Caine,Senior Staff,2000-10-21,9999-01-01
29654,Howell,Caine,Staff,1993-10-21,2000-10-21
29668,Xiaopeng,Codenie,Technique Leader,1993-02-24,1997-07-27
29701,Janalee,Lienhardt,Engineer,1989-06-24,1994-06-24
29701,Janalee,Lienhardt,Senior Engineer,1994-06-24,9999-01-01
29702,Vincent,Debuse,Engineer,1996-05-23,9999-01-01
29718,Urs,Iivonen,Senior Staff,1997-02-23,9999-01-01
29718,Urs,Iivonen,Staff,1988-02-24,1997-02-23
29724,Fay,Atchley,Engineer,1997-10-19,9999-01-01
29757,Aiman,Cappelli,Senior Staff,1996-09-11,9999-01-01
29773,Bartek,Maierhofer,Engineer,1998-09-15,9999-01-01
29800,Cedric,Itschner,Engineer,1995-04-13,2000-04-12
29800,Cedric,Itschner,Senior Engineer,2000-04-12,9999-01-01
29826,Bernardo,Chenoweth,Staff,1997-04-23,9999-01-01
29827,Tsvetan,Dalton,Senior Engineer,1992-05-11,9999-01-01
29831,Atreye,Babb,Engineer,1993-11-07,1994-11-14
29845,Raimond,Fabrizio,Engineer,1998-03-18,9999-01-01
29846,Dipayan,Hutter,Engineer,1999-05-31,9999-01-01
29872,Naftaly,Eppinger,Senior Staff,1994-08-27,1995-08-06
29872,Naftaly,Eppinger,Staff,1988-08-27,1994-08-27
29874,Rajmohan,Boguraev,Senior Staff,1994-11-21,9999-01-01
29874,Rajmohan,Boguraev,Staff,1985-11-21,1994-11-21
29897,Kristina,Paciorek,Technique Leader,1995-11-12,9999-01-01
29929,Evgueni,McDermid,Senior Staff,1998-02-08,9999-01-01
29929,Evgueni,McDermid,Staff,1990-02-08,1998-02-08
29940,Tru,Werthner,Technique Leader,1999-03-06,9999-01-01
29980,Elliott,Plessier,Senior Staff,1988-03-01,9999-01-01
29992,Ortrun,Brandsma,Engineer,1993-01-23,1999-01-23
29992,Ortrun,Brandsma,Senior Engineer,1999-01-23,9999-01-01
30019,Ashish,Baer,Senior Staff,1997-09-27,9999-01-01
30019,Ashish,Baer,Staff,1992-09-27,1997-09-27
30029,Wilmer,Krohn,Staff,1998-04-01,1999-06-18
30051,Shrikanth,Baalen,Senior Staff,1993-04-15,9999-01-01
30051,Shrikanth,Baalen,Staff,1987-04-16,1993-04-15
30056,Manu,Khasidashvili,Engineer,1989-12-07,1995-12-07
30056,Manu,Khasidashvili,Senior Engineer,1995-12-07,9999-01-01
30058,Lucien,Meszaros,Senior Staff,2000-03-25,9999-01-01
30058,Lucien,Meszaros,Staff,1994-03-26,2000-03-25
30065,Arfst,Scallan,Senior Staff,2000-08-22,9999-01-01
30065,Arfst,Scallan,Staff,1991-08-23,2000-08-22
30086,Morrie,Hartvigsen,Senior Staff,2001-08-31,9999-01-01
30086,Morrie,Hartvigsen,Staff,1995-09-01,2001-08-31
30096,Maren,Nourani,Assistant Engineer,1987-09-03,1996-09-02
30096,Maren,Nourani,Engineer,1996-09-02,9999-01-01
30121,Barry,Rosch,Senior Staff,1997-09-27,9999-01-01
30121,Barry,Rosch,Staff,1989-09-27,1997-09-27
30127,Jinxi,Ernst,Engineer,1989-06-30,1996-06-30
30127,Jinxi,Ernst,Senior Engineer,1996-06-30,9999-01-01
30138,Mokhtar,Granlund,Engineer,1998-10-01,9999-01-01
30139,Shalesh,Luke,Engineer,1985-02-06,1992-02-07
30139,Shalesh,Luke,Senior Engineer,1992-02-07,9999-01-01
30157,Demin,Braunschweig,Senior Staff,1996-07-03,9999-01-01
30157,Demin,Braunschweig,Staff,1987-07-04,1996-07-03
30212,Huai,Maccarone,Senior Staff,1989-03-22,9999-01-01
30217,Tsutomu,Nergos,Engineer,1988-12-12,1995-12-13
30217,Tsutomu,Nergos,Senior Engineer,1995-12-13,9999-01-01
30228,Peer,Peris,Staff,1996-06-16,9999-01-01
30230,Teiji,Stenning,Staff,1996-03-28,9999-01-01
30270,Qunsheng,Gluchowski,Staff,1990-02-23,1992-03-03
30272,Alagu,Dichev,Senior Staff,1999-09-08,9999-01-01
30272,Alagu,Dichev,Staff,1992-09-07,1999-09-08
30281,Mikhail,Undy,Senior Staff,1992-01-16,9999-01-01
30281,Mikhail,Undy,Staff,1986-01-16,1992-01-16
30287,Xiaopeng,Griswold,Engineer,1987-04-04,1994-04-04
30287,Xiaopeng,Griswold,Senior Engineer,1994-04-04,9999-01-01
30298,Kerryn,Cardazo,Engineer,1996-05-31,2002-05-31
30298,Kerryn,Cardazo,Senior Engineer,2002-05-31,9999-01-01
30306,Luerbio,Swiss,Engineer,1996-09-15,1997-07-18
30307,Denny,Karunanithi,Senior Staff,1995-10-09,9999-01-01
30307,Denny,Karunanithi,Staff,1988-10-08,1995-10-09
30347,Kendra,Heuter,Technique Leader,1986-04-07,9999-01-01
30352,Duro,Rothe,Technique Leader,1993-09-27,9999-01-01
30353,Thanasis,Msuda,Senior Staff,1993-06-08,9999-01-01
30353,Thanasis,Msuda,Staff,1985-06-08,1993-06-08
30365,Idoia,Azuma,Senior Staff,1994-05-29,9999-01-01
30365,Idoia,Azuma,Staff,1988-05-29,1994-05-29
30378,Leandro,Ebeling,Staff,1995-10-03,1997-07-08
30384,Jeong,Coors,Senior Engineer,1995-05-04,1996-04-06
30385,Qiwen,Mellouli,Senior Staff,1994-01-14,9999-01-01
30385,Qiwen,Mellouli,Staff,1989-01-14,1994-01-14
30398,Phuoc,Stanger,Staff,1994-08-03,9999-01-01
30403,Shir,Bernatsky,Senior Staff,1999-10-15,9999-01-01
30403,Shir,Bernatsky,Staff,1990-10-15,1999-10-15
30428,Kayoko,Brodie,Engineer,1996-10-01,9999-01-01
30453,Arlette,Peroz,Engineer,1988-01-22,1994-01-21
30453,Arlette,Peroz,Senior Engineer,1994-01-21,1998-02-10
30468,Yoshimitsu,Erbe,Engineer,1987-03-10,1992-03-09
30468,Yoshimitsu,Erbe,Senior Engineer,1992-03-09,9999-01-01
30473,Tesuya,Godskesen,Senior Staff,2001-08-07,9999-01-01
30473,Tesuya,Godskesen,Staff,1992-08-07,2001-08-07
30494,Marek,Marrakchi,Technique Leader,1994-07-27,9999-01-01
30547,Augustine,Linnainmaa,Senior Staff,1991-06-30,9999-01-01
30548,Dante,Sanella,Engineer,1999-03-13,9999-01-01
30549,Sanjeeva,Cannard,Engineer,1989-10-18,1994-10-18
30549,Sanjeeva,Cannard,Senior Engineer,1994-10-18,9999-01-01
30563,Oldrich,Back,Senior Staff,1997-11-23,9999-01-01
30563,Oldrich,Back,Staff,1991-11-24,1997-11-23
30565,IEEE,Blokdijk,Senior Staff,1995-08-14,1996-05-23
30578,Jingling,Slobodova,Senior Staff,1999-06-11,9999-01-01
30578,Jingling,Slobodova,Staff,1990-06-11,1999-06-11
30580,Oksana,Pardalos,Staff,1997-07-26,1997-10-09
30585,Dmitry,Magalhaes,Engineer,1994-09-08,9999-01-01
30587,Sanjiv,Navazio,Staff,1995-02-11,2002-07-12
30608,Geoffry,Luks,Staff,1998-09-19,2000-02-13
30615,Radoslaw,Cappelletti,Senior Staff,1997-08-14,9999-01-01
30615,Radoslaw,Cappelletti,Staff,1989-08-14,1997-08-14
30641,Manton,Collette,Senior Staff,1988-02-26,9999-01-01
30676,Yonghoan,Perez,Senior Staff,1995-06-12,9999-01-01
30676,Yonghoan,Perez,Staff,1989-06-12,1995-06-12
30677,Tzvetan,Yeung,Staff,1993-06-09,1997-11-20
30685,IEEE,Erdi,Staff,1989-07-12,1992-07-21
30693,Udi,Ponthieu,Technique Leader,1989-09-17,2000-09-02
30696,Lucien,Egerstedt,Senior Staff,1991-07-15,9999-01-01
30696,Lucien,Egerstedt,Staff,1986-07-15,1991-07-15
30703,Saeed,Hiraishi,Senior Staff,1988-09-14,1990-05-05
30708,Thanasis,Prochazka,Staff,1995-05-07,1995-06-11
30733,Mani,Litvinov,Technique Leader,1998-05-09,9999-01-01
30781,Weiwu,Buescher,Staff,1999-09-21,9999-01-01
30789,Kousuke,Yamaashi,Staff,1998-12-17,2002-04-03
30794,Keiichiro,Munch,Engineer,1987-12-21,1995-12-21
30794,Keiichiro,Munch,Senior Engineer,1995-12-21,1998-09-26
30811,Shahaf,Pargaonkar,Staff,1997-01-30,2001-11-04
30825,Arvin,Foote,Senior Staff,1991-08-18,9999-01-01
30825,Arvin,Foote,Staff,1986-08-18,1991-08-18
30857,Dante,Georgatos,Senior Staff,2001-04-12,9999-01-01
30857,Dante,Georgatos,Staff,1994-04-12,2001-04-12
30891,Nitsan,Rotem,Senior Staff,1992-04-16,9999-01-01
30891,Nitsan,Rotem,Staff,1987-04-17,1992-04-16
30892,Tsuneo,Naumovich,Engineer,1999-05-24,9999-01-01
30896,Adib,Krohm,Engineer,1998-10-28,9999-01-01
30965,Junsik,Vakili,Senior Engineer,1991-04-22,1997-02-06
30970,Fumitake,Schoegge,Engineer,1986-12-01,1992-11-30
30970,Fumitake,Schoegge,Senior Engineer,1992-11-30,9999-01-01
30971,Masato,Plesums,Engineer,1987-07-09,1989-07-02
30987,Shichao,Buescher,Senior Staff,1994-08-11,9999-01-01
30987,Shichao,Buescher,Staff,1985-08-11,1994-08-11
31001,Khedija,Pollock,Senior Staff,1999-04-22,9999-01-01
31001,Khedija,Pollock,Staff,1990-04-22,1999-04-22
31026,Garnet,Vesel,Engineer,1997-10-17,9999-01-01
31044,Adly,Cools,Senior Engineer,1986-11-12,9999-01-01
31053,Tomofumi,Chleq,Engineer,1988-08-30,1996-08-30
31053,Tomofumi,Chleq,Senior Engineer,1996-08-30,9999-01-01
31062,Jamaludin,Zhang,Engineer,1997-03-31,9999-01-01
31090,Chaoyi,Preusig,Assistant Engineer,1985-12-16,1990-12-16
31090,Chaoyi,Preusig,Engineer,1990-12-16,1995-12-16
31090,Chaoyi,Preusig,Senior Engineer,1995-12-16,2002-01-17
31102,Breannda,Yetto,Staff,1998-10-15,9999-01-01
31114,Yaghout,Baezner,Engineer,1999-05-03,2001-11-29
31123,Koichi,Furudate,Senior Staff,1995-10-03,9999-01-01
31124,Lokesh,Syrotiuk,Engineer,1997-05-03,9999-01-01
31150,Cedric,Coney,Senior Engineer,1990-10-01,9999-01-01
31151,Panayotis,Riexinger,Senior Engineer,1989-12-12,9999-01-01
31158,Candida,Speckmann,Engineer,1992-03-12,2000-03-12
31158,Candida,Speckmann,Senior Engineer,2000-03-12,9999-01-01
31168,Naraig,Zschoche,Engineer,1986-04-10,1986-12-20
31203,Utz,Ecklund,Engineer,1997-05-28,9999-01-01
31231,Denny,Lores,Senior Staff,1991-06-23,9999-01-01
31241,Arnd,Furudate,Senior Staff,1995-08-28,9999-01-01
31241,Arnd,Furudate,Staff,1990-08-28,1995-08-28
31295,Rafols,Bernini,Senior Staff,1997-12-26,9999-01-01
31306,Sudhanshu,Huttel,Technique Leader,1997-02-07,9999-01-01
31311,Rosalyn,Lally,Engineer,1998-05-23,2000-05-19
31322,Geoffrey,Coombs,Engineer,1998-03-30,9999-01-01
31329,Duangkaew,Hedayat,Staff,1994-01-04,1999-08-16
31349,Sanjit,Oberman,Senior Engineer,1988-05-18,9999-01-01
31356,Tze,Snyers,Senior Staff,1995-09-11,9999-01-01
31356,Tze,Snyers,Staff,1987-09-11,1995-09-11
31358,Douadi,Dichev,Engineer,1990-01-24,1999-01-24
31358,Douadi,Dichev,Senior Engineer,1999-01-24,9999-01-01
31368,Zhongwei,Hooghiemstra,Senior Engineer,1988-01-05,2001-07-29
31370,Foong,Oskamp,Senior Staff,1989-09-28,9999-01-01
31379,Siamak,Nitsch,Engineer,1991-02-06,1996-02-06
31379,Siamak,Nitsch,Senior Engineer,1996-02-06,9999-01-01
31418,Herbert,Grospietsch,Staff,1999-08-06,9999-01-01
31433,Terresa,Plavsic,Senior Staff,1995-10-03,9999-01-01
31433,Terresa,Plavsic,Staff,1987-10-03,1995-10-03
31437,Mayumi,Cronin,Senior Staff,1993-12-02,2002-06-29
31437,Mayumi,Cronin,Staff,1986-12-02,1993-12-02
31448,Tetsushi,Czaja,Senior Staff,1989-11-18,9999-01-01
31460,Changho,Murtha,Engineer,1997-12-29,9999-01-01
31482,Panayotis,Koshino,Staff,1997-05-01,9999-01-01
31506,Danel,Codenie,Engineer,1985-11-24,1990-11-24
31506,Danel,Codenie,Senior Engineer,1990-11-24,9999-01-01
31520,Shaowei,Kilgour,Staff,1992-04-28,1995-04-21
31562,Caolyn,Grabner,Senior Staff,1990-02-20,9999-01-01
31562,Caolyn,Grabner,Staff,1985-02-20,1990-02-20
31578,Shem,Suessmith,Senior Staff,1989-06-30,9999-01-01
31590,Leucio,Maksimenko,Engineer,2000-01-26,9999-01-01
31601,Hideo,Garrabrants,Engineer,1987-08-28,1996-08-27
31601,Hideo,Garrabrants,Senior Engineer,1996-08-27,9999-01-01
31606,Dhritiman,Rissanen,Engineer,1997-02-22,9999-01-01
31626,Selwyn,Waeselynck,Staff,1995-12-29,9999-01-01
31633,Monique,Heystek,Engineer,1991-02-21,1996-02-21
31633,Monique,Heystek,Senior Engineer,1996-02-21,9999-01-01
31652,Josyula,Cheshire,Engineer,1991-02-04,1999-02-04
31652,Josyula,Cheshire,Senior Engineer,1999-02-04,9999-01-01
31659,Boutros,Lorys,Engineer,1997-10-10,9999-01-01
31672,Faiza,Antonakopoulos,Engineer,1993-03-30,2000-01-19
31680,Khue,Molenkamp,Senior Staff,1997-09-24,9999-01-01
31680,Khue,Molenkamp,Staff,1990-09-24,1997-09-24
31683,Hyuckchul,Rosti,Engineer,1987-05-06,1994-05-08
31695,Gian,Stentiford,Engineer,1986-06-03,1995-06-03
31695,Gian,Stentiford,Senior Engineer,1995-06-03,9999-01-01
31714,Candida,Constantine,Engineer,1993-01-14,1999-01-14
31714,Candida,Constantine,Senior Engineer,1999-01-14,9999-01-01
31728,Leni,Basart,Senior Staff,1994-10-05,9999-01-01
31728,Leni,Basart,Staff,1987-10-05,1994-10-05
31729,Arnd,Brlek,Engineer,1987-03-26,1993-03-25
31729,Arnd,Brlek,Senior Engineer,1993-03-25,9999-01-01
31754,Giri,Ranai,Engineer,1989-08-03,1998-08-03
31754,Giri,Ranai,Senior Engineer,1998-08-03,9999-01-01
31761,Aiichiro,Gente,Engineer,1997-08-28,1998-12-27
31781,Haldun,Bhattacharjee,Engineer,1994-01-30,2002-01-30
31781,Haldun,Bhattacharjee,Senior Engineer,2002-01-30,9999-01-01
31782,Mads,Ananiadou,Senior Engineer,1994-05-13,9999-01-01
31786,Rance,Pettey,Engineer,1996-03-01,2001-08-21
31787,Hilari,Shigei,Senior Staff,1992-12-17,9999-01-01
31807,Dekang,Stiles,Senior Staff,2001-12-14,9999-01-01
31807,Dekang,Stiles,Staff,1994-12-14,2001-12-14
31836,Marl,Randi,Senior Staff,1988-10-25,9999-01-01
31847,Martins,Bernini,Senior Staff,1989-03-08,9999-01-01
31851,Otilia,Nanard,Assistant Engineer,1986-03-18,1994-03-18
31851,Otilia,Nanard,Engineer,1994-03-18,2002-03-18
31851,Otilia,Nanard,Senior Engineer,2002-03-18,9999-01-01
31857,Shai,Makrucki,Engineer,1989-07-10,1997-07-10
31857,Shai,Makrucki,Senior Engineer,1997-07-10,9999-01-01
31897,Gonzalo,Lamparter,Engineer,1992-03-31,2001-03-31
31897,Gonzalo,Lamparter,Senior Engineer,2001-03-31,9999-01-01
31902,Lubomir,Himler,Staff,1996-12-15,9999-01-01
31921,Satoru,Chvatal,Technique Leader,1994-12-15,9999-01-01
31936,Genta,Lanteri,Engineer,1996-04-25,9999-01-01
31944,Behnaam,Bottner,Senior Staff,1998-12-29,9999-01-01
31944,Behnaam,Bottner,Staff,1989-12-29,1998-12-29
31950,Xuedong,Rodham,Senior Engineer,1987-10-09,9999-01-01
31951,Masako,Ouhyoung,Senior Staff,1994-12-06,9999-01-01
31954,Kazuhiko,Choobineh,Staff,1991-02-13,1993-10-08
31963,Heeju,Aloia,Senior Staff,1994-01-20,9999-01-01
31971,Guangming,Steenbeek,Staff,1994-08-14,1998-02-28
32007,Licheng,Zykh,Senior Staff,1995-10-08,9999-01-01
32007,Licheng,Zykh,Staff,1990-10-08,1995-10-08
32017,Xudong,Linares,Engineer,1992-06-29,2000-06-29
32017,Xudong,Linares,Senior Engineer,2000-06-29,9999-01-01
32029,Rajmohan,Budinsky,Staff,1996-08-06,9999-01-01
32041,Subhada,Sinitsyn,Senior Engineer,1993-08-13,9999-01-01
32091,Kayoko,Peres,Staff,1997-08-24,9999-01-01
32112,Danel,Angelov,Engineer,1992-11-24,2000-11-24
32112,Danel,Angelov,Senior Engineer,2000-11-24,9999-01-01
32114,Idoia,Beutelspacher,Senior Engineer,1987-01-28,9999-01-01
32128,Djelloul,Narahari,Senior Staff,1998-02-18,9999-01-01
32128,Djelloul,Narahari,Staff,1991-02-18,1998-02-18
32131,Alair,Peck,Engineer,1987-01-26,1994-01-26
32131,Alair,Peck,Senior Engineer,1994-01-26,2001-06-14
32136,Macha,Mondadori,Senior Staff,1988-02-01,9999-01-01
32190,Salvador,Segond,Senior Engineer,1995-04-10,9999-01-01
32191,Lein,Rahier,Senior Staff,1997-10-08,9999-01-01
32191,Lein,Rahier,Staff,1990-10-08,1997-10-08
32192,Dietrich,Stroustrup,Engineer,1990-10-13,1997-10-13
32192,Dietrich,Stroustrup,Senior Engineer,1997-10-13,9999-01-01
32206,Marsja,Furudate,Senior Staff,1999-05-13,9999-01-01
32206,Marsja,Furudate,Staff,1990-05-13,1999-05-13
32209,Petter,Sigstam,Engineer,1988-06-28,1993-06-28
32209,Petter,Sigstam,Senior Engineer,1993-06-28,9999-01-01
32212,Manton,Zaumen,Engineer,1996-01-01,9999-01-01
32223,Mori,Marquardt,Engineer,1985-05-13,1991-05-13
32223,Mori,Marquardt,Senior Engineer,1991-05-13,9999-01-01
32236,Fumiya,Perez,Staff,1990-10-27,1994-09-28
32257,Pascal,Verspoor,Staff,1997-04-14,9999-01-01
32287,Chrisa,Thorensen,Senior Engineer,1994-06-26,9999-01-01
32290,Huei,Rindone,Engineer,1994-08-24,2001-08-24
32290,Huei,Rindone,Senior Engineer,2001-08-24,9999-01-01
32300,Ravishankar,Bernini,Staff,1999-12-14,9999-01-01
32318,Naftali,Lundstrom,Senior Staff,1994-12-13,9999-01-01
32318,Naftali,Lundstrom,Staff,1985-12-13,1994-12-13
32319,Candida,Bhattacharjee,Staff,1996-05-18,2000-01-03
32324,Arne,Mattern,Staff,1996-09-09,9999-01-01
32326,Nahid,Percebois,Engineer,1999-06-09,2001-02-19
32336,Giao,Cannata,Staff,1997-12-22,9999-01-01
32366,Kenton,Parhami,Technique Leader,1993-02-27,9999-01-01
32379,Yongqiao,Vingron,Assistant Engineer,1995-07-18,2000-10-09
32380,Lillian,Beidas,Senior Staff,1993-04-09,9999-01-01
32380,Lillian,Beidas,Staff,1985-04-09,1993-04-09
32390,Kitty,Wossner,Engineer,1992-12-10,1999-12-11
32390,Kitty,Wossner,Senior Engineer,1999-12-11,9999-01-01
32392,Xiaocheng,Siksek,Senior Staff,1995-07-19,9999-01-01
32396,Khosrow,Redmiles,Staff,1999-08-10,9999-01-01
32409,Subbu,Decaestecker,Engineer,1985-11-06,1994-11-06
32409,Subbu,Decaestecker,Senior Engineer,1994-11-06,9999-01-01
32415,Shigenori,Peac,Technique Leader,1988-10-22,1996-05-08
32421,Rimli,Setiz,Senior Engineer,1999-08-20,9999-01-01
32424,Tsutomu,Garnick,Senior Staff,1993-02-25,1995-01-05
32447,Lech,Raney,Engineer,1994-02-11,1994-03-24
32450,Karoline,Brodal,Senior Staff,1997-03-05,9999-01-01
32450,Karoline,Brodal,Staff,1992-03-05,1997-03-05
32466,Youpyo,Dalphin,Senior Staff,1987-11-05,9999-01-01
32477,Udaiprakash,Heuter,Senior Staff,1994-09-04,1996-11-27
32477,Udaiprakash,Heuter,Staff,1988-09-04,1994-09-04
32494,Mori,Magalhaes,Senior Engineer,1994-03-27,9999-01-01
32518,Aral,Veccia,Assistant Engineer,1990-05-13,1999-05-12
32530,Anyuan,Carrera,Engineer,2000-01-07,9999-01-01
32541,Gaetan,Bernardeschi,Senior Staff,1993-06-04,9999-01-01
32541,Gaetan,Bernardeschi,Staff,1985-06-04,1993-06-04
32554,Rosine,Garrabrants,Engineer,1991-09-22,2000-09-21
32554,Rosine,Garrabrants,Senior Engineer,2000-09-21,9999-01-01
32569,Sanjiv,Uchoa,Senior Engineer,1996-02-17,9999-01-01
32575,Leif,Serdy,Engineer,1999-10-16,2000-01-10
32593,Maja,Shiratori,Engineer,1992-05-15,2000-05-15
32593,Maja,Shiratori,Senior Engineer,2000-05-15,9999-01-01
32601,Hein,Monkewich,Assistant Engineer,1986-02-13,1995-02-13
32601,Hein,Monkewich,Engineer,1995-02-13,9999-01-01
32645,Mitchel,Dayang,Engineer,1994-11-15,2000-11-14
32645,Mitchel,Dayang,Senior Engineer,2000-11-14,9999-01-01
32663,Subir,Chorvat,Senior Staff,1996-01-19,9999-01-01
32663,Subir,Chorvat,Staff,1987-01-19,1996-01-19
32666,Mong,Burnard,Senior Engineer,1985-10-02,9999-01-01
32693,Avishai,Guardalben,Technique Leader,1992-03-28,1998-02-09
32707,Moty,Tagansky,Engineer,1992-07-31,2000-07-31
32707,Moty,Tagansky,Senior Engineer,2000-07-31,9999-01-01
32715,Nathalie,Percebois,Engineer,1998-10-14,9999-01-01
32716,Jungsoon,Shihab,Engineer,1997-05-13,9999-01-01
32736,Serif,Kaiser,Engineer,1999-03-05,9999-01-01
32743,Hongzhu,Kamble,Senior Staff,2000-10-09,9999-01-01
32743,Hongzhu,Kamble,Staff,1993-10-09,2000-10-09
32749,Taisook,Pusterhofer,Senior Engineer,1997-04-14,9999-01-01
32761,Vatsa,Encarnacion,Senior Engineer,1986-05-15,9999-01-01
32780,Xumin,Tetzlaff,Engineer,1992-01-19,1993-01-04
32784,Falguni,Pepe,Engineer,1995-11-12,2000-07-02
32800,Branimir,Gips,Staff,1998-08-07,9999-01-01
32803,Przemyslawa,Biron,Senior Engineer,1990-09-11,9999-01-01
32825,Shir,Mamelak,Technique Leader,1994-08-25,9999-01-01
32880,Djenana,Puoti,Senior Staff,1998-11-08,9999-01-01
32880,Djenana,Puoti,Staff,1990-11-08,1998-11-08
32884,Taizo,Pauthner,Engineer,1997-01-05,9999-01-01
32890,Chandrasekaran,Horswill,Senior Engineer,1990-08-13,1990-08-14
32906,Matt,Ghelli,Senior Staff,1995-11-04,9999-01-01
32906,Matt,Ghelli,Staff,1989-11-04,1995-11-04
32918,Moty,Nicolson,Senior Staff,1997-02-22,9999-01-01
32918,Moty,Nicolson,Staff,1991-02-23,1997-02-22
32926,Apostol,Hambrick,Senior Staff,1991-01-12,1997-09-15
32932,Sandeepan,Ghandeharizadeh,Technique Leader,1988-05-12,9999-01-01
32953,Sashi,Halevi,Senior Staff,1995-04-03,9999-01-01
32953,Sashi,Halevi,Staff,1988-04-02,1995-04-03
32974,Candida,Spinelli,Staff,1996-02-22,9999-01-01
32978,Valeska,Lortz,Senior Engineer,1990-03-19,9999-01-01
32986,Mingdong,Cannane,Senior Engineer,1989-09-16,1993-05-21
33035,Duke,Erman,Engineer,1986-05-25,1992-05-24
33035,Duke,Erman,Senior Engineer,1992-05-24,9999-01-01
33053,Gad,Andreotta,Staff,1998-06-26,9999-01-01
33064,Selwyn,Slutz,Assistant Engineer,1999-05-16,9999-01-01
33070,Yinghua,Kaminger,Engineer,1995-08-03,9999-01-01
33077,Adel,Huxford,Senior Engineer,1991-11-16,2002-03-14
33080,Caolyn,Tsukune,Engineer,1989-10-10,1994-10-10
33080,Caolyn,Tsukune,Senior Engineer,1994-10-10,9999-01-01
33095,Barna,Kragelund,Senior Staff,1996-01-19,9999-01-01
33095,Barna,Kragelund,Staff,1990-01-19,1996-01-19
33107,Salvador,Serov,Engineer,1986-02-28,1992-02-27
33107,Salvador,Serov,Senior Engineer,1992-02-27,1996-06-25
33127,Mohan,Osgood,Senior Staff,1997-09-08,9999-01-01
33127,Mohan,Osgood,Staff,1992-09-08,1997-09-08
33134,Sahrah,Botman,Engineer,1990-11-22,1999-11-22
33134,Sahrah,Botman,Senior Engineer,1999-11-22,9999-01-01
33155,Cheong,Puoti,Staff,1997-08-12,2001-12-26
33158,Denny,Kermarrec,Engineer,1996-06-30,2002-06-30
33158,Denny,Kermarrec,Senior Engineer,2002-06-30,9999-01-01
33233,Kannan,Peltason,Engineer,1999-10-10,9999-01-01
33235,Eberhardt,Krider,Staff,1999-12-04,9999-01-01
33236,Moheb,Castellani,Staff,1998-06-21,9999-01-01
33261,Richard,Wiegley,Senior Staff,1995-08-26,9999-01-01
33261,Richard,Wiegley,Staff,1986-08-26,1995-08-26
33269,Sugwoo,Trelles,Staff,1997-08-26,9999-01-01
33274,Marsha,Mawatari,Engineer,1985-06-18,1993-06-18
33274,Marsha,Mawatari,Senior Engineer,1993-06-18,9999-01-01
33292,Gor,Berstel,Engineer,1992-01-26,1999-01-26
33292,Gor,Berstel,Senior Engineer,1999-01-26,9999-01-01
33315,Chikako,Geffroy,Senior Staff,1998-06-26,9999-01-01
33315,Chikako,Geffroy,Staff,1989-06-26,1998-06-26
33326,Aamer,Cheshire,Engineer,1997-03-29,2002-03-29
33326,Aamer,Cheshire,Senior Engineer,2002-03-29,9999-01-01
33356,Cullen,Crelier,Senior Staff,2001-04-02,9999-01-01
33356,Cullen,Crelier,Staff,1996-04-02,2001-04-02
33389,Kristine,Kabayashi,Staff,1999-09-21,2000-06-01
33395,Richara,Ladret,Engineer,1987-11-27,1995-11-27
33395,Richara,Ladret,Senior Engineer,1995-11-27,9999-01-01
33412,Falguni,Zeidenstein,Engineer,1985-03-23,1993-03-23
33412,Falguni,Zeidenstein,Senior Engineer,1993-03-23,9999-01-01
33436,Jeane,Showalter,Senior Staff,1992-03-11,2001-07-06
33436,Jeane,Showalter,Staff,1985-03-11,1992-03-11
33446,Jinpo,Haraldson,Senior Staff,1997-10-18,9999-01-01
33446,Jinpo,Haraldson,Staff,1990-10-18,1997-10-18
33479,Stabislas,Hardjono,Engineer,1989-09-09,1996-09-09
33479,Stabislas,Hardjono,Senior Engineer,1996-09-09,9999-01-01
33499,Christoper,Lorho,Senior Staff,1998-05-11,9999-01-01
33499,Christoper,Lorho,Staff,1992-05-11,1998-05-11
33503,Hyuckchul,Gerlach,Engineer,1999-01-30,9999-01-01
33511,Sugwoo,Brookman,Senior Staff,1994-12-10,9999-01-01
33511,Sugwoo,Brookman,Staff,1988-12-10,1994-12-10
33523,Eran,Montemayor,Senior Staff,1994-10-08,9999-01-01
33523,Eran,Montemayor,Staff,1986-10-08,1994-10-08
33527,Paloma,Leppanen,Staff,1991-09-25,1999-11-24
33531,Van,Miculan,Engineer,1998-05-22,9999-01-01
33547,Mona,Pfau,Engineer,1996-01-07,9999-01-01
33558,Irena,Srimani,Assistant Engineer,1993-11-24,9999-01-01
33569,Dannz,Masand,Technique Leader,1999-12-24,9999-01-01
33571,Babette,Kolinko,Engineer,1995-07-21,2002-07-21
33571,Babette,Kolinko,Senior Engineer,2002-07-21,9999-01-01
33586,Ranan,Karnin,Technique Leader,1992-07-22,9999-01-01
33596,Yonghong,Wilharm,Engineer,1991-02-15,1998-02-15
33596,Yonghong,Wilharm,Senior Engineer,1998-02-15,9999-01-01
33640,Marjo,Perz,Engineer,1996-08-31,2000-03-01
33669,Junichi,Thebaut,Engineer,1986-08-19,1994-08-19
33669,Junichi,Thebaut,Senior Engineer,1994-08-19,9999-01-01
33690,Bilhanan,Kalefeld,Engineer,1996-04-06,9999-01-01
33692,Shahab,Kohling,Senior Staff,1992-08-17,9999-01-01
33697,Xumin,Orsini,Technique Leader,1986-12-09,9999-01-01
33705,Feixiong,Muniz,Assistant Engineer,1989-09-13,1997-09-13
33705,Feixiong,Muniz,Engineer,1997-09-13,9999-01-01
33719,Make,Munke,Engineer,1996-10-25,9999-01-01
33723,Masami,Dymetman,Senior Engineer,1989-01-22,9999-01-01
33734,Lucian,Borstler,Senior Staff,1993-01-24,9999-01-01
33737,Arch,Mansanne,Engineer,1998-05-16,9999-01-01
33742,Yifei,Usdin,Technique Leader,1993-07-09,1999-05-02
33754,Phillip,Boguraev,Senior Staff,1994-12-03,9999-01-01
33754,Phillip,Boguraev,Staff,1987-12-03,1994-12-03
33764,Mark,Deville,Engineer,1987-12-31,1995-12-31
33764,Mark,Deville,Senior Engineer,1995-12-31,1998-10-28
33766,Oscal,Schaad,Engineer,1996-11-01,2001-11-01
33766,Oscal,Schaad,Senior Engineer,2001-11-01,9999-01-01
33807,Bartek,Suppi,Senior Engineer,1999-01-20,2002-07-03
33833,Akeno,Marakhovsky,Senior Staff,2001-09-25,9999-01-01
33833,Akeno,Marakhovsky,Staff,1993-09-25,2001-09-25
33837,Tadahiko,Jonsson,Engineer,1985-11-07,1994-11-07
33837,Tadahiko,Jonsson,Senior Engineer,1994-11-07,1995-12-30
33843,Danny,Bennis,Engineer,1987-11-07,1992-11-06
33843,Danny,Bennis,Senior Engineer,1992-11-06,9999-01-01
33854,Qunsheng,DeMori,Engineer,1992-05-27,1998-05-27
33854,Qunsheng,DeMori,Senior Engineer,1998-05-27,1999-02-19
33858,Denis,Lorys,Engineer,1996-06-19,9999-01-01
33864,Eric,Pusterhofer,Staff,1998-04-15,9999-01-01
33880,Maja,Shihab,Senior Staff,1999-11-23,9999-01-01
33893,Yishay,Bauknecht,Senior Staff,1996-01-12,9999-01-01
33908,Poornachandra,Hasham,Engineer,1988-07-12,1993-07-12
33908,Poornachandra,Hasham,Senior Engineer,1993-07-12,9999-01-01
33921,Ramachenga,Azadmanesh,Senior Engineer,1996-12-04,9999-01-01
33939,Fayez,Kinley,Senior Engineer,1998-12-11,9999-01-01
33943,Sumant,Hutter,Staff,1998-02-03,9999-01-01
33946,Rosalie,Frijda,Engineer,1998-08-28,9999-01-01
33967,Moriyoshi,Syrzycki,Assistant Engineer,1993-04-13,2002-04-13
33967,Moriyoshi,Syrzycki,Engineer,2002-04-13,9999-01-01
33980,Guiseppe,Massonet,Senior Staff,1998-06-30,9999-01-01
33980,Guiseppe,Massonet,Staff,1992-06-30,1998-06-30
33989,Xudong,Thorensen,Engineer,1997-10-27,9999-01-01
34042,Mariangiola,Hopewell,Senior Staff,1995-04-21,9999-01-01
34042,Mariangiola,Hopewell,Staff,1987-04-21,1995-04-21
34056,Ortrun,Moffat,Engineer,1993-11-24,1997-10-09
34066,Erez,Katalagarianos,Engineer,1989-09-09,1997-09-09
34066,Erez,Katalagarianos,Senior Engineer,1997-09-09,9999-01-01
34079,Fumitaka,Cappello,Senior Staff,2000-02-27,9999-01-01
34079,Fumitaka,Cappello,Staff,1991-02-27,2000-02-27
34090,Tesuro,Hebert,Engineer,1988-08-31,1993-05-12
34093,Toshiko,Parveen,Senior Staff,1999-12-13,9999-01-01
34093,Toshiko,Parveen,Staff,1992-12-12,1999-12-13
34096,Debatosh,Kushner,Engineer,1993-07-31,2001-07-31
34096,Debatosh,Kushner,Senior Engineer,2001-07-31,9999-01-01
34101,Mayumi,Heuter,Engineer,1985-07-22,1992-07-22
34101,Mayumi,Heuter,Senior Engineer,1992-07-22,9999-01-01
34113,Feixiong,Cronau,Engineer,1988-08-10,1996-06-13
34164,Arumugam,Picel,Staff,2000-01-07,9999-01-01
34179,Kristian,Bednarek,Senior Staff,1989-04-23,9999-01-01
34229,Elvia,Mikschl,Engineer,1991-10-30,1999-10-30
34229,Elvia,Mikschl,Senior Engineer,1999-10-30,9999-01-01
34260,Maia,Rosar,Engineer,1990-07-05,1998-07-05
34260,Maia,Rosar,Senior Engineer,1998-07-05,9999-01-01
34269,Xiaobin,Barreiro,Engineer,1997-07-10,9999-01-01
34273,Sachar,Taubenfeld,Senior Staff,1995-04-14,9999-01-01
34273,Sachar,Taubenfeld,Staff,1988-04-13,1995-04-14
34303,Lijia,Bresenham,Senior Engineer,1988-05-20,9999-01-01
34314,Katsuyuki,Kobuchi,Engineer,1988-08-10,1995-08-11
34314,Katsuyuki,Kobuchi,Senior Engineer,1995-08-11,9999-01-01
34325,Sigeru,Barvinok,Engineer,1998-03-31,9999-01-01
34326,Pranav,Mitchem,Engineer,1994-06-14,1996-04-02
34332,Amstein,DuCasse,Staff,1996-06-29,9999-01-01
34345,Navin,Trelles,Engineer,1992-02-27,1997-02-26
34345,Navin,Trelles,Senior Engineer,1997-02-26,9999-01-01
34355,Kellyn,Makinen,Engineer,1991-10-25,1995-02-03
34367,Michaela,Pearson,Assistant Engineer,1997-11-14,9999-01-01
34369,Valeri,Azevdeo,Senior Staff,1991-02-06,9999-01-01
34376,Bouchung,Oaver,Engineer,1999-11-13,2002-01-03
34378,Oldrich,Liesche,Senior Staff,1993-02-05,9999-01-01
34400,Shuzo,Jervis,Technique Leader,1988-04-05,1991-02-13
34402,Ramya,Rosin,Engineer,1991-02-11,1996-02-11
34402,Ramya,Rosin,Senior Engineer,1996-02-11,9999-01-01
34405,Shuky,Schiper,Staff,1985-08-04,1986-10-30
34415,Kazuhisa,Pulkowski,Engineer,1998-06-28,9999-01-01
34421,Hsiangchu,Journel,Senior Staff,1988-12-10,9999-01-01
34424,Debaprosad,Basart,Staff,1999-03-29,9999-01-01
34427,Freyja,Pardalos,Staff,1999-05-22,9999-01-01
34442,Isaac,Rosiles,Senior Staff,1996-04-02,9999-01-01
34442,Isaac,Rosiles,Staff,1990-04-04,1996-04-02
34472,Saddek,Tetzlaff,Staff,1997-10-02,9999-01-01
34486,Fatemeh,Nergos,Senior Staff,1993-12-07,9999-01-01
34486,Fatemeh,Nergos,Staff,1988-12-07,1993-12-07
34490,Lakshmi,Comyn,Technique Leader,1994-12-03,9999-01-01
34492,Sachin,Plump,Staff,1998-04-22,9999-01-01
34493,Xinan,Olivero,Senior Staff,2001-10-09,9999-01-01
34493,Xinan,Olivero,Staff,1996-10-09,2001-10-09
34506,Juyoung,Gischer,Engineer,1992-09-13,1999-09-14
34506,Juyoung,Gischer,Senior Engineer,1999-09-14,9999-01-01
34537,Xinan,Parfitt,Engineer,1995-10-17,2001-10-16
34537,Xinan,Parfitt,Senior Engineer,2001-10-16,9999-01-01
34565,Kaijung,Gadepally,Engineer,1996-05-06,9999-01-01
34568,Mohammed,Frezza,Engineer,1986-02-04,1991-02-04
34568,Mohammed,Frezza,Senior Engineer,1991-02-04,9999-01-01
34603,Tzvetan,Stafford,Senior Staff,1985-11-29,9999-01-01
34615,Zita,Mukaidono,Engineer,1998-09-03,9999-01-01
34621,Jasminko,Munch,Staff,1999-08-11,2000-12-10
34625,Rance,Riefers,Senior Staff,1997-03-07,9999-01-01
34625,Rance,Riefers,Staff,1991-03-08,1997-03-07
34642,Aron,Schwartzbauer,Senior Engineer,1996-02-17,9999-01-01
34648,Remmert,Greibach,Technique Leader,1991-08-14,9999-01-01
34655,Chenyi,Sinicrope,Engineer,1989-08-08,1998-08-08
34655,Chenyi,Sinicrope,Senior Engineer,1998-08-08,9999-01-01
34668,Sachin,Szemeredi,Engineer,1999-10-05,9999-01-01
34681,Mohammed,Bratsberg,Senior Staff,1996-03-10,9999-01-01
34681,Mohammed,Bratsberg,Staff,1990-03-11,1996-03-10
34710,Shietung,Lamma,Senior Staff,2000-05-24,9999-01-01
34710,Shietung,Lamma,Staff,1991-05-25,2000-05-24
34711,Juyoung,Mukaidono,Engineer,1997-09-04,9999-01-01
34741,Oddvar,Brandsma,Senior Engineer,1991-10-02,1993-09-09
34742,Shaleah,Rosenbaum,Technique Leader,1994-08-14,9999-01-01
34770,Berthier,Bernardeschi,Engineer,1993-12-20,9999-01-01
34771,Shaowen,Borstler,Senior Staff,1992-07-31,9999-01-01
34771,Shaowen,Borstler,Staff,1985-07-31,1992-07-31
34795,Yannis,Docker,Engineer,1996-07-15,9999-01-01
34796,Baoqiu,Ventosa,Staff,1994-08-26,1996-06-23
34799,Greger,Mellouli,Senior Engineer,1995-04-14,9999-01-01
34820,Juyoung,Veldwijk,Engineer,1991-04-20,1996-04-19
34820,Juyoung,Veldwijk,Senior Engineer,1996-04-19,9999-01-01
34829,Manton,Scharstein,Engineer,1993-11-20,2000-11-20
34829,Manton,Scharstein,Senior Engineer,2000-11-20,9999-01-01
34833,Dharmaraja,Keirsey,Senior Staff,1997-01-29,9999-01-01
34833,Dharmaraja,Keirsey,Staff,1991-01-30,1997-01-29
34834,Pranav,Gronowski,Senior Staff,1999-10-19,9999-01-01
34834,Pranav,Gronowski,Staff,1991-10-19,1999-10-19
34837,Chandrasekaran,Bamford,Engineer,2000-01-08,2000-10-05
34838,Bernice,Nyrup,Senior Engineer,1994-09-10,9999-01-01
34856,Leaf,Flasterstein,Senior Staff,1999-07-30,9999-01-01
34856,Leaf,Flasterstein,Staff,1992-07-29,1999-07-30
34866,Bernt,Ishibashi,Senior Staff,2000-07-28,9999-01-01
34866,Bernt,Ishibashi,Staff,1994-07-29,2000-07-28
34895,Przemyslawa,Crouzet,Senior Engineer,1996-07-30,9999-01-01
34900,Radhakrishnan,Matteis,Senior Staff,1995-06-16,9999-01-01
34905,Vesna,Molberg,Staff,1997-11-22,9999-01-01
34921,Rimli,Falco,Senior Engineer,1992-07-21,1994-12-25
34940,Udaiprakash,Penttonen,Staff,1997-08-12,9999-01-01
34946,Dharmaraja,Lanphier,Engineer,1990-12-20,1998-12-20
34946,Dharmaraja,Lanphier,Senior Engineer,1998-12-20,9999-01-01
34949,Karsten,Matheson,Engineer,1998-08-29,9999-01-01
34952,Kauko,Gerlach,Engineer,1988-12-02,1994-12-02
34952,Kauko,Gerlach,Senior Engineer,1994-12-02,9999-01-01
34953,Gen,Slobodova,Senior Staff,1995-11-11,9999-01-01
34953,Gen,Slobodova,Staff,1990-11-11,1995-11-11
34954,Serap,Badache,Senior Staff,1999-07-14,9999-01-01
34954,Serap,Badache,Staff,1993-07-14,1999-07-14
34972,Randy,Anido,Senior Engineer,1993-08-25,9999-01-01
35007,Steen,Menhoudj,Senior Engineer,1985-07-22,9999-01-01
35015,Shuji,Klyachko,Staff,1995-04-01,9999-01-01
35025,Xuedong,Zirintsis,Engineer,1994-12-14,2000-12-13
35025,Xuedong,Zirintsis,Senior Engineer,2000-12-13,9999-01-01
35041,Berry,Sundgren,Senior Staff,1997-08-16,9999-01-01
35041,Berry,Sundgren,Staff,1991-08-17,1997-08-16
35079,Houman,Michaeli,Staff,1987-06-30,1990-01-23
35082,Xuedong,Smeets,Senior Engineer,1998-03-26,9999-01-01
35107,Flemming,Schneeberger,Engineer,1987-04-02,1996-04-01
35107,Flemming,Schneeberger,Senior Engineer,1996-04-01,9999-01-01
35118,Mohua,Nanard,Senior Engineer,1985-07-30,9999-01-01
35129,Susanna,Angot,Senior Staff,1999-01-29,9999-01-01
35129,Susanna,Angot,Staff,1991-01-29,1999-01-29
35132,Mitchel,Selvestrel,Senior Staff,1999-08-02,9999-01-01
35132,Mitchel,Selvestrel,Staff,1994-08-02,1999-08-02
35133,Alain,Pokrovskii,Senior Staff,1996-02-25,9999-01-01
35135,Krassimir,DuCasse,Senior Engineer,1987-07-25,9999-01-01
35161,Tadahiko,Riefers,Senior Engineer,1993-06-30,9999-01-01
35169,Bartek,Capobianchi,Senior Staff,1994-07-24,9999-01-01
35169,Bartek,Capobianchi,Staff,1985-07-24,1994-07-24
35178,Stevo,Miara,Staff,1998-11-13,9999-01-01
35191,Shahid,Antonisse,Senior Staff,1997-10-24,9999-01-01
35191,Shahid,Antonisse,Staff,1990-10-24,1997-10-24
35193,Navin,Liedekerke,Senior Staff,2002-06-03,9999-01-01
35193,Navin,Liedekerke,Staff,1996-06-03,2002-06-03
35194,Hilary,Larfeldt,Engineer,1989-02-04,1996-02-05
35194,Hilary,Larfeldt,Senior Engineer,1996-02-05,9999-01-01
35196,Reinhard,Speek,Senior Staff,1990-12-29,1991-06-27
35211,Elrique,Christ,Engineer,1989-02-07,1994-02-07
35211,Elrique,Christ,Senior Engineer,1994-02-07,9999-01-01
35212,Tonia,Limongiello,Senior Staff,1995-07-07,9999-01-01
35212,Tonia,Limongiello,Staff,1986-07-07,1995-07-07
35215,Sanjoy,Sundgren,Staff,1995-12-18,9999-01-01
35225,Chrisa,Tchuente,Senior Staff,1996-06-17,9999-01-01
35225,Chrisa,Tchuente,Staff,1991-06-18,1996-06-17
35239,Djenana,Zallocco,Senior Staff,2002-02-08,9999-01-01
35239,Djenana,Zallocco,Staff,1994-02-08,2002-02-08
35240,Billie,Serra,Engineer,1985-11-19,1991-11-19
35240,Billie,Serra,Senior Engineer,1991-11-19,9999-01-01
35253,Takahira,Limongiello,Senior Staff,1997-12-19,9999-01-01
35253,Takahira,Limongiello,Staff,1991-12-20,1997-12-19
35272,Deniz,Strehl,Staff,1997-07-08,2000-05-01
35274,Leah,Verhoeff,Technique Leader,1993-06-13,9999-01-01
35299,Guenter,Masaki,Senior Staff,1996-05-21,9999-01-01
35301,Basim,Worfolk,Staff,1989-11-10,1992-09-25
35306,Tadanori,Aseltine,Engineer,1998-04-25,9999-01-01
35311,Adamantios,Fioravanti,Senior Engineer,1985-11-22,9999-01-01
35313,Pranay,Peres,Assistant Engineer,1987-01-22,1992-01-22
35313,Pranay,Peres,Engineer,1992-01-22,1997-01-21
35313,Pranay,Peres,Senior Engineer,1997-01-21,9999-01-01
35351,Arco,Tiemann,Engineer,1989-09-17,1998-09-17
35351,Arco,Tiemann,Senior Engineer,1998-09-17,9999-01-01
35386,Nectarios,Bugrara,Senior Engineer,1989-11-26,9999-01-01
35389,Frederique,Teitelbaum,Senior Staff,2001-03-11,9999-01-01
35389,Frederique,Teitelbaum,Staff,1992-03-11,2001-03-11
35392,Bader,Schade,Engineer,1989-06-16,1992-07-01
35432,Chenyi,Willoner,Engineer,1998-11-19,9999-01-01
35434,Poornachandra,Zeleznik,Senior Staff,1994-03-10,1997-09-17
35434,Poornachandra,Zeleznik,Staff,1988-03-10,1994-03-10
35436,Trygve,Francisci,Senior Staff,1996-08-14,9999-01-01
35443,Teruyuki,Malinowski,Engineer,1999-06-24,2002-01-12
35448,Indrajit,Caine,Engineer,1989-01-15,1996-01-16
35448,Indrajit,Caine,Senior Engineer,1996-01-16,9999-01-01
35450,Leen,Pintelas,Technique Leader,1995-12-20,9999-01-01
35454,Harjit,Foong,Engineer,1993-01-07,1999-01-07
35454,Harjit,Foong,Senior Engineer,1999-01-07,9999-01-01
35456,Basant,Thambidurai,Engineer,1987-06-09,1991-08-06
35465,Christfried,Levasseur,Senior Staff,1996-04-25,9999-01-01
35465,Christfried,Levasseur,Staff,1990-04-26,1996-04-25
35467,Tetsushi,Remmers,Engineer,1992-01-01,2000-12-31
35467,Tetsushi,Remmers,Senior Engineer,2000-12-31,9999-01-01
35518,Constantine,Berendt,Engineer,1991-12-05,2000-12-04
35518,Constantine,Berendt,Senior Engineer,2000-12-04,9999-01-01
35556,Lalit,Motley,Engineer,1997-07-20,9999-01-01
35571,Florina,Erdi,Staff,1999-10-23,9999-01-01
35576,Richard,Dalphin,Engineer,1997-08-18,9999-01-01
35578,Fumino,Takanami,Staff,1997-01-10,2002-07-15
35579,Jaber,Gulla,Engineer,1995-02-03,9999-01-01
35582,Make,Redmiles,Engineer,1988-10-24,1994-10-24
35582,Make,Redmiles,Senior Engineer,1994-10-24,1995-06-16
35585,Sashi,Matzat,Senior Staff,1992-06-20,1993-05-06
35599,Hilari,Bahk,Staff,1985-07-06,1991-06-08
35611,Khue,Ramsak,Engineer,1986-08-10,1995-08-10
35611,Khue,Ramsak,Senior Engineer,1995-08-10,9999-01-01
35616,Yonghong,Kaltofen,Staff,1999-07-04,2001-02-23
35619,Leif,Zirintsis,Engineer,1986-11-21,1992-11-20
35619,Leif,Zirintsis,Senior Engineer,1992-11-20,9999-01-01
35633,Temple,Talmor,Senior Staff,2000-09-05,9999-01-01
35633,Temple,Talmor,Staff,1993-09-05,2000-09-05
35636,Woody,Lyonns,Senior Staff,1991-09-30,9999-01-01
35649,Toshimitsu,Einsfeld,Senior Staff,2001-12-06,9999-01-01
35649,Toshimitsu,Einsfeld,Staff,1993-12-06,2001-12-06
35671,Manibrata,Kroon,Senior Engineer,2000-01-01,9999-01-01
35700,Shahid,Bazelow,Technique Leader,1991-09-02,9999-01-01
35702,Breannda,Jiang,Engineer,1990-03-11,1990-12-10
35717,Flemming,Cooke,Senior Staff,1994-10-26,1995-02-16
35717,Flemming,Cooke,Staff,1989-10-26,1994-10-26
35737,Shushma,Ghazalie,Senior Engineer,1994-08-17,9999-01-01
35753,Arie,Servi,Engineer,1999-08-23,9999-01-01
35754,Shem,Emmerich,Senior Staff,1998-01-21,9999-01-01
35754,Shem,Emmerich,Staff,1989-01-21,1998-01-21
35760,Xinglin,Rathonyi,Engineer,1995-07-06,2002-07-06
35760,Xinglin,Rathonyi,Senior Engineer,2002-07-06,9999-01-01
35779,Lorien,Mandell,Senior Staff,1998-01-30,9999-01-01
35779,Lorien,Mandell,Staff,1993-01-30,1998-01-30
35783,Mang,Imataki,Senior Staff,1997-07-09,9999-01-01
35783,Mang,Imataki,Staff,1991-07-10,1997-07-09
35785,Rafols,Lung,Senior Staff,2001-04-08,9999-01-01
35785,Rafols,Lung,Staff,1995-04-09,2001-04-08
35794,Piyush,Shimshoni,Engineer,1993-10-02,1994-11-01
35805,Alejandra,Masand,Senior Staff,2002-04-22,9999-01-01
35805,Alejandra,Masand,Staff,1995-04-22,2002-04-22
35828,Aluzio,Bernini,Technique Leader,1995-02-21,9999-01-01
35844,Patricia,Jonsson,Senior Engineer,1990-08-24,9999-01-01
35861,Gopalakrishnan,Bale,Senior Engineer,1985-12-19,9999-01-01
35868,Heon,Onuegbe,Engineer,1992-01-17,1999-01-17
35868,Heon,Onuegbe,Senior Engineer,1999-01-17,9999-01-01
35872,Lakshmi,Holburn,Senior Staff,1989-03-20,9999-01-01
35894,Nimmagadda,Hennings,Senior Staff,1996-09-18,9999-01-01
35894,Nimmagadda,Hennings,Staff,1987-09-19,1996-09-18
35915,Gina,Terwilliger,Engineer,1986-02-09,1995-02-09
35915,Gina,Terwilliger,Senior Engineer,1995-02-09,9999-01-01
35926,Piyush,Unni,Engineer,1993-02-17,2000-02-18
35926,Piyush,Unni,Senior Engineer,2000-02-18,9999-01-01
35930,Toshiki,Middleton,Engineer,1989-03-15,1998-03-15
35930,Toshiki,Middleton,Senior Engineer,1998-03-15,9999-01-01
35953,Hitofumi,Anger,Senior Staff,1992-01-27,1992-04-10
35957,Jessie,Dulay,Engineer,1993-01-21,1999-01-21
35957,Jessie,Dulay,Senior Engineer,1999-01-21,9999-01-01
35982,Mabo,Dehkordi,Assistant Engineer,1988-11-16,1994-11-16
35982,Mabo,Dehkordi,Engineer,1994-11-16,2000-11-15
35982,Mabo,Dehkordi,Senior Engineer,2000-11-15,9999-01-01
36005,Jinxi,Ducloy,Senior Staff,1993-02-27,1998-12-15
36005,Jinxi,Ducloy,Staff,1988-02-28,1993-02-27
36008,Danae,Weiland,Senior Staff,1988-08-23,9999-01-01
36017,Jahangir,Anger,Senior Staff,1994-05-06,9999-01-01
36017,Jahangir,Anger,Staff,1988-05-06,1994-05-06
36028,Ute,Zlotek,Engineer,1994-05-11,2001-05-10
36028,Ute,Zlotek,Senior Engineer,2001-05-10,9999-01-01
36029,Candida,Hatcliff,Engineer,1999-08-20,9999-01-01
36037,Valeri,Asrin,Engineer,1989-05-20,1994-05-20
36037,Valeri,Asrin,Senior Engineer,1994-05-20,9999-01-01
36044,Fayez,Zedlitz,Senior Staff,1996-03-21,9999-01-01
36044,Fayez,Zedlitz,Staff,1990-03-22,1996-03-21
36045,Dipayan,Brandsma,Senior Staff,1991-04-28,9999-01-01
36056,Mingsen,Schaar,Senior Staff,1998-11-21,9999-01-01
36056,Mingsen,Schaar,Staff,1992-11-21,1998-11-21
36083,King,Kaltofen,Engineer,1995-01-26,2001-01-25
36083,King,Kaltofen,Senior Engineer,2001-01-25,9999-01-01
36106,Kousuke,Lanzelotte,Engineer,1988-04-07,1993-04-07
36106,Kousuke,Lanzelotte,Senior Engineer,1993-04-07,9999-01-01
36120,Marin,Hutton,Assistant Engineer,1997-07-06,9999-01-01
36134,Gal,Czap,Senior Staff,1998-12-24,9999-01-01
36134,Gal,Czap,Staff,1990-12-24,1998-12-24
36162,Jaewon,Iisaku,Staff,1999-02-20,2001-07-17
36164,Kazuhide,Kaiserswerth,Engineer,1990-05-24,1995-05-24
36164,Kazuhide,Kaiserswerth,Senior Engineer,1995-05-24,9999-01-01
36168,Khaled,Peng,Engineer,1989-01-30,1992-03-31
36192,Herbert,Serov,Engineer,1998-07-31,9999-01-01
36194,Shih,Lichtner,Staff,1995-07-26,1997-02-26
36227,Hatem,Furudate,Senior Staff,1987-06-28,9999-01-01
36237,Shichao,Bouloucos,Engineer,1986-05-06,1993-05-06
36237,Shichao,Bouloucos,Senior Engineer,1993-05-06,1999-05-25
36252,Beshir,Buescher,Engineer,1987-04-23,1994-04-23
36252,Beshir,Buescher,Senior Engineer,1994-04-23,9999-01-01
36268,Alenka,Alpin,Senior Staff,2000-12-22,9999-01-01
36268,Alenka,Alpin,Staff,1994-12-23,2000-12-22
36273,Halsur,Randi,Engineer,1993-01-18,1999-01-18
36273,Halsur,Randi,Senior Engineer,1999-01-18,2000-08-19
36274,Younwoo,Gihr,Staff,1996-09-06,9999-01-01
36292,Aloys,Isaac,Senior Staff,1994-09-17,9999-01-01
36292,Aloys,Isaac,Staff,1985-09-17,1994-09-17
36294,Keung,Pagter,Assistant Engineer,1990-09-05,1997-09-05
36294,Keung,Pagter,Engineer,1997-09-05,9999-01-01
36297,Chinya,Engelmann,Senior Engineer,1987-12-28,9999-01-01
36299,Quingbo,Peron,Engineer,1997-02-26,9999-01-01
36301,Takanari,Wendorf,Staff,1995-05-02,9999-01-01
36310,Manibrata,Anger,Senior Engineer,1999-04-18,2001-01-23
36315,Ortrun,Openshaw,Engineer,1986-07-03,1991-07-03
36315,Ortrun,Openshaw,Senior Engineer,1991-07-03,9999-01-01
36344,Boriana,Foong,Assistant Engineer,1990-09-13,1996-09-12
36344,Boriana,Foong,Engineer,1996-09-12,9999-01-01
36359,Babette,Garnham,Senior Staff,1999-12-27,9999-01-01
36370,Branimir,Rettelbach,Senior Staff,1988-11-18,9999-01-01
36393,Bluma,Gill,Senior Staff,1995-12-20,9999-01-01
36393,Bluma,Gill,Staff,1989-12-20,1995-12-20
36401,Leif,Conte,Engineer,1998-03-07,2000-05-19
36405,Shahid,Potthoff,Technique Leader,1995-09-23,9999-01-01
36423,Rosli,Tibblin,Engineer,1986-01-04,1993-01-04
36423,Rosli,Tibblin,Senior Engineer,1993-01-04,9999-01-01
36469,Miyeon,Basagni,Assistant Engineer,1996-09-04,9999-01-01
36486,Kousuke,Rabehasaina,Senior Staff,1996-01-18,9999-01-01
36486,Kousuke,Rabehasaina,Staff,1991-01-18,1996-01-18
36489,Gurbir,Serre,Assistant Engineer,1991-06-03,1997-06-02
36489,Gurbir,Serre,Engineer,1997-06-02,9999-01-01
36496,Przemyslawa,Reutenauer,Engineer,1995-07-29,9999-01-01
36589,Juichirou,Reghbati,Senior Staff,1997-11-18,9999-01-01
36589,Juichirou,Reghbati,Staff,1988-11-18,1997-11-18
36593,Yakkov,Tsukuda,Senior Engineer,1994-03-28,9999-01-01
36631,Vasilii,Berztiss,Senior Staff,1999-07-03,9999-01-01
36631,Vasilii,Berztiss,Staff,1992-07-02,1999-07-03
36649,Sachem,Chorvat,Senior Staff,1995-09-10,9999-01-01
36654,Sanjiv,Collette,Engineer,1988-09-22,1994-09-22
36654,Sanjiv,Collette,Senior Engineer,1994-09-22,9999-01-01
36658,JoAnne,Schlenzig,Engineer,1987-11-28,1996-11-27
36658,JoAnne,Schlenzig,Senior Engineer,1996-11-27,9999-01-01
36689,Rosalie,Coullard,Engineer,1995-03-13,2002-03-13
36689,Rosalie,Coullard,Senior Engineer,2002-03-13,9999-01-01
36699,Conal,Reutenauer,Staff,1985-12-17,1989-04-07
36710,Bilhanan,Veccia,Staff,1990-02-08,1991-06-27
36714,Morris,Pell,Staff,1995-04-23,9999-01-01
36724,Maia,Pocchiola,Staff,1998-01-08,9999-01-01
36729,Demin,Szilard,Engineer,1999-01-18,9999-01-01
36735,Rosine,Highland,Senior Staff,2001-01-06,9999-01-01
36735,Rosine,Highland,Staff,1994-01-06,2001-01-06
36743,Adil,Cronau,Engineer,1988-02-19,1997-02-18
36743,Adil,Cronau,Senior Engineer,1997-02-18,9999-01-01
36748,Miomir,Leaver,Engineer,1992-08-17,2001-08-17
36748,Miomir,Leaver,Senior Engineer,2001-08-17,9999-01-01
36770,Eben,Berendt,Engineer,1986-10-31,1993-10-31
36770,Eben,Berendt,Senior Engineer,1993-10-31,9999-01-01
36779,Kwangho,Kolinko,Engineer,1990-01-20,1999-01-20
36779,Kwangho,Kolinko,Senior Engineer,1999-01-20,9999-01-01
36820,Navin,Aingworth,Senior Staff,2000-12-11,9999-01-01
36820,Navin,Aingworth,Staff,1992-12-11,2000-12-11
36896,Sandeepan,Passino,Engineer,1985-05-09,1990-05-09
36896,Sandeepan,Passino,Senior Engineer,1990-05-09,9999-01-01
36897,Hercules,Ghalwash,Senior Staff,1998-11-30,9999-01-01
36928,Wuxu,Yoshizawa,Staff,1992-12-12,1993-03-11
36935,Toshiki,Fadgyas,Engineer,1996-08-21,9999-01-01
36937,Kellyn,Apsitis,Staff,1998-09-08,9999-01-01
36974,Kagan,Bugaenko,Senior Staff,1993-12-09,9999-01-01
36974,Kagan,Bugaenko,Staff,1988-12-09,1993-12-09
36983,Arunas,Makrucki,Senior Engineer,1997-10-08,9999-01-01
36990,Masaki,Uhrig,Technique Leader,1993-03-26,9999-01-01
37010,Tru,Halevi,Engineer,1994-11-15,9999-01-01
37022,Arne,Kobara,Staff,1998-04-03,9999-01-01
37027,Tremaine,Feinberg,Senior Engineer,1995-06-16,1996-07-29
37031,Naftaly,Lorho,Staff,1996-09-28,9999-01-01
37041,Xuedong,Potthoff,Staff,1995-05-18,9999-01-01
37043,Spyrose,Kavanagh,Engineer,1990-10-17,1998-07-11
37052,Zine,Koblitz,Assistant Engineer,1999-01-10,9999-01-01
37090,Navin,Morrey,Engineer,1994-11-01,2001-11-01
37090,Navin,Morrey,Senior Engineer,2001-11-01,9999-01-01
37130,Kensei,Kobara,Engineer,1999-01-17,9999-01-01
37147,Jiann,Christ,Staff,1994-10-07,9999-01-01
37155,Bernice,Muntz,Engineer,1994-09-19,1999-09-19
37155,Bernice,Muntz,Senior Engineer,1999-09-19,9999-01-01
37168,Rosalie,Sury,Engineer,1992-03-12,1995-04-21
37196,Kendra,Lanzelotte,Engineer,1992-05-03,1999-05-04
37196,Kendra,Lanzelotte,Senior Engineer,1999-05-04,9999-01-01
37208,Douadi,Tempesti,Senior Staff,2001-10-30,9999-01-01
37208,Douadi,Tempesti,Staff,1993-10-31,2001-10-30
37213,Rafols,Onuegbe,Engineer,1989-08-31,1996-08-31
37213,Rafols,Onuegbe,Senior Engineer,1996-08-31,9999-01-01
37214,Bezalel,Peral,Staff,1996-07-02,9999-01-01
37216,Leah,Condotta,Senior Staff,1994-04-22,9999-01-01
37220,Marke,Tagansky,Senior Staff,1993-09-01,9999-01-01
37220,Marke,Tagansky,Staff,1987-09-02,1993-09-01
37237,Zito,Valiente,Senior Staff,1994-02-14,9999-01-01
37237,Zito,Valiente,Staff,1986-02-14,1994-02-14
37249,Gilbert,McDermid,Staff,1997-10-25,9999-01-01
37251,Gil,Foong,Technique Leader,1992-02-21,9999-01-01
37284,Reinhard,Thisen,Engineer,1998-12-10,9999-01-01
37298,Make,Kuszyk,Senior Staff,1998-01-12,9999-01-01
37298,Make,Kuszyk,Staff,1989-01-12,1998-01-12
37307,Munenori,Bratsberg,Staff,1997-05-10,1997-09-23
37328,Yolla,Quadeer,Engineer,1986-01-18,1989-12-03
37336,Guenter,Janetzko,Engineer,1990-04-03,1997-04-02
37336,Guenter,Janetzko,Senior Engineer,1997-04-02,9999-01-01
37378,Haldon,Harllee,Senior Engineer,1990-05-25,9999-01-01
37379,Yinlin,Parveen,Staff,1999-09-17,9999-01-01
37382,Xuejun,Valtorta,Senior Staff,2001-10-25,9999-01-01
37382,Xuejun,Valtorta,Staff,1993-10-25,2001-10-25
37392,Alper,Kalefeld,Technique Leader,1999-01-20,9999-01-01
37417,Moheb,Lupu,Assistant Engineer,1987-05-15,1996-05-14
37417,Moheb,Lupu,Engineer,1996-05-14,9999-01-01
37446,Sorina,Heusch,Senior Staff,1999-12-04,9999-01-01
37462,Moti,Brodie,Engineer,1991-06-17,1998-06-17
37462,Moti,Brodie,Senior Engineer,1998-06-17,9999-01-01
37484,Harngdar,Irland,Assistant Engineer,1997-03-19,2002-03-19
37484,Harngdar,Irland,Engineer,2002-03-19,9999-01-01
37494,Candido,Tyugu,Senior Staff,1985-10-18,1987-12-09
37515,Duke,Gecsel,Engineer,1997-08-21,9999-01-01
37526,Kagan,Foong,Engineer,1993-09-10,9999-01-01
37527,Dinah,Benner,Assistant Engineer,1998-04-22,1999-08-02
37530,Piyawadee,Tyugu,Engineer,1993-08-17,2000-08-17
37530,Piyawadee,Tyugu,Senior Engineer,2000-08-17,9999-01-01
37535,Berni,Lienhardt,Engineer,1991-04-12,1996-08-27
37539,Tze,Masada,Engineer,1994-07-25,9999-01-01
37549,Baruch,Panangaden,Senior Staff,1995-12-08,9999-01-01
37549,Baruch,Panangaden,Staff,1986-12-08,1995-12-08
37551,Sajjad,Boyle,Senior Staff,1991-04-10,9999-01-01
37551,Sajjad,Boyle,Staff,1986-04-10,1991-04-10
37564,Garnik,Paciorek,Staff,1997-10-11,2001-07-16
37570,Erez,Rajaraman,Senior Staff,1996-06-30,9999-01-01
37570,Erez,Rajaraman,Staff,1989-06-30,1996-06-30
37591,George,Ranon,Assistant Engineer,1997-03-18,1998-09-23
37615,Badri,Sgarro,Staff,1998-10-05,9999-01-01
37622,Mamdouh,Puppo,Staff,1996-08-19,9999-01-01
37631,Mokhtar,Fetvedt,Engineer,1991-10-16,1999-10-16
37631,Mokhtar,Fetvedt,Senior Engineer,1999-10-16,9999-01-01
37650,Gina,Waleschkowski,Engineer,1992-08-21,1998-08-21
37650,Gina,Waleschkowski,Senior Engineer,1998-08-21,1998-10-23
37653,Shichao,Zambonelli,Senior Staff,1992-03-10,9999-01-01
37658,Jahangir,Nergos,Engineer,1988-11-07,1995-11-08
37658,Jahangir,Nergos,Senior Engineer,1995-11-08,9999-01-01
37660,Tsvetan,Olivero,Staff,1993-08-06,1998-09-25
37678,Shay,Chinin,Senior Staff,1995-02-16,9999-01-01
37698,Kensyu,Leonhardt,Staff,1996-07-14,9999-01-01
37703,Gurbir,Minakawa,Engineer,1995-03-09,9999-01-01
37755,Mircea,Fritzsche,Staff,1995-06-08,9999-01-01
37756,Kristen,Badache,Technique Leader,1998-09-02,1998-11-29
37770,Margareta,Frijda,Senior Engineer,1990-01-05,9999-01-01
37773,Jiann,Strooper,Senior Staff,1999-11-15,9999-01-01
37773,Jiann,Strooper,Staff,1994-11-15,1999-11-15
37779,Narain,Guenter,Senior Staff,1994-01-19,9999-01-01
37797,Tonny,Gente,Engineer,1986-04-01,1991-04-01
37797,Tonny,Gente,Senior Engineer,1991-04-01,9999-01-01
37805,Takanari,Foote,Senior Staff,1997-07-04,2001-01-26
37821,Vishwani,Petereit,Senior Staff,1988-03-05,9999-01-01
37831,Nirmal,Salinas,Senior Staff,1992-02-26,9999-01-01
37831,Nirmal,Salinas,Staff,1985-02-25,1992-02-26
37839,Somnath,Rosenbaum,Engineer,1986-05-02,1992-05-01
37839,Somnath,Rosenbaum,Senior Engineer,1992-05-01,9999-01-01
37842,Abdelaziz,Demian,Engineer,1995-08-21,2000-08-20
37842,Abdelaziz,Demian,Senior Engineer,2000-08-20,9999-01-01
37844,Nadjib,Roison,Senior Staff,1994-11-12,2001-09-30
37844,Nadjib,Roison,Staff,1987-11-12,1994-11-12
37861,Turgut,Rajcani,Senior Staff,1997-11-23,9999-01-01
37861,Turgut,Rajcani,Staff,1991-11-24,1997-11-23
37880,Adas,Rosis,Engineer,1987-04-07,1993-04-06
37880,Adas,Rosis,Senior Engineer,1993-04-06,9999-01-01
37903,Sibyl,Alencar,Staff,1996-03-09,9999-01-01
37904,Arch,Shanbhogue,Senior Staff,1993-08-07,9999-01-01
37904,Arch,Shanbhogue,Staff,1986-08-07,1993-08-07
37916,Marko,Gyorkos,Senior Engineer,1990-03-02,9999-01-01
37917,Zeljko,Bashian,Senior Staff,1997-03-22,9999-01-01
37917,Zeljko,Bashian,Staff,1988-03-22,1997-03-22
37919,Jayesh,Barvinok,Engineer,1998-08-07,9999-01-01
37941,Adil,Garnick,Staff,1994-04-19,9999-01-01
37943,Marin,Choobineh,Senior Engineer,1985-02-12,1991-10-26
37949,Gererd,Koshino,Engineer,1995-03-30,2001-03-29
37949,Gererd,Koshino,Senior Engineer,2001-03-29,9999-01-01
37957,Souichi,Kieras,Staff,1998-09-30,9999-01-01
38004,Arie,Ritcey,Senior Staff,1994-10-23,1997-04-04
38021,Munenori,Azuma,Engineer,1993-10-05,1999-10-05
38021,Munenori,Azuma,Senior Engineer,1999-10-05,9999-01-01
38022,Duke,Yoshizawa,Staff,1997-06-08,2001-12-26
38050,Dinah,Krohn,Senior Staff,2001-01-25,9999-01-01
38050,Dinah,Krohn,Staff,1993-01-25,2001-01-25
38056,Stepehn,Wegerle,Senior Staff,1989-12-30,9999-01-01
38067,Magdalena,Hashii,Engineer,1998-04-29,9999-01-01
38081,Reuven,Wielonsky,Senior Staff,1985-12-29,9999-01-01
38096,Takanari,Schreiter,Engineer,1997-07-25,2002-07-25
38096,Takanari,Schreiter,Senior Engineer,2002-07-25,9999-01-01
38115,Noritoshi,Atchley,Engineer,1996-07-03,9999-01-01
38118,Takahito,DeMori,Engineer,1999-05-02,9999-01-01
38137,Constantine,Vitiello,Senior Staff,1995-11-13,2002-03-07
38158,Berto,Nyanchama,Engineer,1991-01-09,2000-01-09
38158,Berto,Nyanchama,Senior Engineer,2000-01-09,9999-01-01
38186,Woody,Klassen,Senior Staff,1998-04-25,9999-01-01
38186,Woody,Klassen,Staff,1990-04-25,1998-04-25
38189,Mang,Beznosov,Senior Staff,1996-07-10,9999-01-01
38189,Mang,Beznosov,Staff,1988-07-10,1996-07-10
38197,Nahla,Ranze,Technique Leader,1996-05-28,9999-01-01
38202,Fei,Papsdorf,Assistant Engineer,1994-09-07,1999-09-07
38202,Fei,Papsdorf,Engineer,1999-09-07,2000-02-11
38259,Jeane,Siksek,Senior Engineer,1993-08-09,9999-01-01
38260,Torsten,Vieri,Engineer,1993-11-15,9999-01-01
38299,Yunming,Yoshizawa,Senior Engineer,1992-10-25,9999-01-01
38316,Ramachenga,Dahlbom,Engineer,1990-07-14,1996-07-13
38316,Ramachenga,Dahlbom,Senior Engineer,1996-07-13,9999-01-01
38350,Rosli,Hartvigsen,Engineer,1999-09-20,9999-01-01
38351,Shimshon,Emmerich,Senior Staff,1998-07-23,9999-01-01
38351,Shimshon,Emmerich,Staff,1993-07-23,1998-07-23
38353,Marsha,Polajnar,Engineer,1997-08-09,9999-01-01
38368,Tomoyuki,Servieres,Senior Staff,2001-08-31,9999-01-01
38368,Tomoyuki,Servieres,Staff,1992-08-31,2001-08-31
38373,Tzu,Angiulli,Engineer,1987-02-15,1994-02-15
38373,Tzu,Angiulli,Senior Engineer,1994-02-15,9999-01-01
38378,Kristinn,Mansanne,Senior Staff,1994-04-10,9999-01-01
38397,Pradeep,McFarlan,Senior Staff,1994-05-06,9999-01-01
38408,Houman,Camurati,Engineer,1990-02-14,1997-02-14
38408,Houman,Camurati,Senior Engineer,1997-02-14,9999-01-01
38415,Venkatesan,Schrift,Engineer,1988-11-17,1993-11-17
38415,Venkatesan,Schrift,Senior Engineer,1993-11-17,9999-01-01
38437,Udaiprakash,Kirkerud,Technique Leader,1995-08-29,9999-01-01
38468,Indrajit,Seuren,Engineer,1992-12-31,2001-12-31
38468,Indrajit,Seuren,Senior Engineer,2001-12-31,9999-01-01
38475,Christfried,Zeleznik,Staff,1998-07-21,9999-01-01
38484,Bartek,Kropatsch,Staff,2000-01-28,9999-01-01
38516,Sivanarayana,Bugrara,Engineer,1999-11-13,2001-10-25
38542,Toong,Eastman,Senior Engineer,1993-09-22,9999-01-01
38554,Yechezkel,Isaac,Senior Staff,1998-08-16,9999-01-01
38554,Yechezkel,Isaac,Staff,1993-08-16,1998-08-16
38574,Nigel,Gornas,Senior Staff,1995-04-14,1998-05-30
38576,Hideyuki,Baby,Staff,1999-04-15,9999-01-01
38580,Mansur,Kusalik,Assistant Engineer,1990-03-14,1997-03-14
38580,Mansur,Kusalik,Engineer,1997-03-14,9999-01-01
38596,Mostafa,Fordan,Senior Staff,1987-08-21,9999-01-01
38598,Lucian,Ladret,Engineer,1991-02-06,1997-02-05
38598,Lucian,Ladret,Senior Engineer,1997-02-05,9999-01-01
38623,Srinidhi,Waleschkowski,Engineer,1988-08-20,1996-08-20
38623,Srinidhi,Waleschkowski,Senior Engineer,1996-08-20,9999-01-01
38629,Divine,Maksimenko,Engineer,1988-10-01,1994-10-01
38629,Divine,Maksimenko,Senior Engineer,1994-10-01,9999-01-01
38649,Marit,Miake,Engineer,1994-11-02,2001-11-02
38649,Marit,Miake,Senior Engineer,2001-11-02,9999-01-01
38652,Chinho,Guenter,Staff,1995-06-25,9999-01-01
38659,Kwangyoen,Daescu,Staff,1999-02-08,9999-01-01
38670,Shuzo,Schrift,Engineer,1989-01-24,1997-01-24
38670,Shuzo,Schrift,Senior Engineer,1997-01-24,9999-01-01
38671,Dmitry,Tzvieli,Engineer,1997-08-06,2002-01-29
38682,Karsten,Molberg,Senior Engineer,1997-05-15,9999-01-01
38691,Georgi,Denos,Engineer,1990-04-18,1990-05-04
38704,Gay,Bergere,Engineer,1987-12-14,1994-12-14
38704,Gay,Bergere,Senior Engineer,1994-12-14,9999-01-01
38745,Ranga,Middleton,Engineer,1988-09-11,1995-09-12
38745,Ranga,Middleton,Senior Engineer,1995-09-12,9999-01-01
38755,Harngdar,Lalonde,Engineer,1998-07-22,9999-01-01
38756,Jacopo,Sichman,Assistant Engineer,1985-11-13,1992-11-13
38756,Jacopo,Sichman,Engineer,1992-11-13,1999-11-14
38756,Jacopo,Sichman,Senior Engineer,1999-11-14,9999-01-01
38759,Uwe,Benzmuller,Technique Leader,1993-09-01,9999-01-01
38797,Mechthild,Calkin,Engineer,1990-07-14,1997-07-14
38797,Mechthild,Calkin,Senior Engineer,1997-07-14,9999-01-01
38806,Tua,Yamaashi,Senior Staff,1992-03-14,2001-03-12
38806,Tua,Yamaashi,Staff,1985-03-14,1992-03-14
38813,Rosalie,Quadeer,Engineer,1998-02-15,9999-01-01
38814,Steen,Janetzko,Technique Leader,1995-03-13,9999-01-01
38834,Hongzhu,Farrel,Senior Staff,1996-06-13,9999-01-01
38865,Hatem,Strooper,Senior Staff,1999-03-07,2000-09-19
38865,Hatem,Strooper,Staff,1993-03-07,1999-03-07
38868,Tsuneo,Motley,Senior Staff,1996-05-12,9999-01-01
38868,Tsuneo,Motley,Staff,1987-05-13,1996-05-12
38889,Yuuichi,Hofting,Engineer,1985-05-30,1990-05-30
38889,Yuuichi,Hofting,Senior Engineer,1990-05-30,9999-01-01
38897,Rasiah,Berendt,Engineer,1986-09-20,1994-09-20
38897,Rasiah,Berendt,Senior Engineer,1994-09-20,2001-08-17
38906,Peternela,Chleq,Engineer,1986-01-12,1993-01-12
38906,Peternela,Chleq,Senior Engineer,1993-01-12,9999-01-01
38933,Piyawadee,Bach,Senior Staff,2001-06-24,9999-01-01
38933,Piyawadee,Bach,Staff,1995-06-25,2001-06-24
38972,Sungwon,Butterworth,Senior Staff,1994-03-27,9999-01-01
38972,Sungwon,Butterworth,Staff,1988-03-27,1994-03-27
38982,Debaprosad,Spelt,Engineer,1989-04-10,1998-04-10
38982,Debaprosad,Spelt,Senior Engineer,1998-04-10,9999-01-01
39008,Feiyu,Flanders,Senior Staff,1996-12-18,9999-01-01
39008,Feiyu,Flanders,Staff,1990-12-19,1996-12-18
39010,Gadiel,Akazan,Engineer,1991-12-09,1997-12-08
39010,Gadiel,Akazan,Senior Engineer,1997-12-08,9999-01-01
39023,Babette,Boissier,Engineer,1996-02-08,2002-02-24
39038,Miquel,Fiutem,Senior Staff,1996-03-29,9999-01-01
39038,Miquel,Fiutem,Staff,1988-03-29,1996-03-29
39049,Muneo,Baba,Engineer,1990-03-30,1998-03-30
39049,Muneo,Baba,Senior Engineer,1998-03-30,9999-01-01
39054,Danae,Schaar,Engineer,1987-09-08,1991-04-07
39075,Yahiko,Fontet,Technique Leader,1999-07-06,9999-01-01
39081,Shalesh,Lunn,Engineer,1986-05-11,1993-05-11
39081,Shalesh,Lunn,Senior Engineer,1993-05-11,1997-02-02
39097,Toshimitsu,Luca,Staff,1998-03-07,9999-01-01
39121,Luerbio,Kusalik,Engineer,1994-08-16,1999-08-16
39121,Luerbio,Kusalik,Senior Engineer,1999-08-16,9999-01-01
39130,Itzchak,Vickson,Senior Staff,1996-11-07,9999-01-01
39130,Itzchak,Vickson,Staff,1988-11-07,1996-11-07
39171,Yahiko,Matzat,Staff,1994-09-04,2002-01-06
39193,Masali,Eickenmeyer,Staff,1997-01-23,9999-01-01
39204,Zeljko,Solovay,Engineer,1990-01-01,1997-01-01
39204,Zeljko,Solovay,Senior Engineer,1997-01-01,9999-01-01
39240,Nimmagadda,Lichtman,Senior Staff,1996-09-10,2001-12-02
39240,Nimmagadda,Lichtman,Staff,1987-09-11,1996-09-10
39241,Jingling,Berstel,Engineer,1995-06-10,2002-06-10
39241,Jingling,Berstel,Senior Engineer,2002-06-10,9999-01-01
39242,Zijian,Cochrane,Engineer,1993-07-12,1998-07-12
39242,Zijian,Cochrane,Senior Engineer,1998-07-12,9999-01-01
39261,Hirochika,Zeidenstein,Senior Staff,1993-09-21,9999-01-01
39261,Hirochika,Zeidenstein,Staff,1987-09-22,1993-09-21
39284,Sajjad,Luders,Senior Staff,1998-06-15,9999-01-01
39284,Sajjad,Luders,Staff,1990-06-15,1998-06-15
39300,Yongdong,Ambroszkiewicz,Staff,1994-03-15,1998-11-08
39313,Chenxi,Casperson,Senior Staff,2000-01-16,9999-01-01
39313,Chenxi,Casperson,Staff,1993-01-15,2000-01-16
39325,Mikhail,Hammerschmidt,Technique Leader,1992-02-26,9999-01-01
39369,Sreenivas,Mattern,Engineer,1987-01-15,1996-01-15
39369,Sreenivas,Mattern,Senior Engineer,1996-01-15,9999-01-01
39371,Mototsugu,Dusink,Senior Staff,1994-05-25,9999-01-01
39371,Mototsugu,Dusink,Staff,1985-05-25,1994-05-25
39376,Ayonca,Swick,Engineer,1987-03-01,1992-02-29
39376,Ayonca,Swick,Senior Engineer,1992-02-29,9999-01-01
39392,Berni,Luiz,Engineer,1991-02-22,1998-02-22
39392,Berni,Luiz,Senior Engineer,1998-02-22,9999-01-01
39403,Alair,Ravishankar,Technique Leader,1995-02-18,9999-01-01
39407,Sanjai,Fontan,Engineer,1988-08-21,1995-08-22
39407,Sanjai,Fontan,Senior Engineer,1995-08-22,9999-01-01
39408,Arto,Yoshizawa,Senior Staff,1993-12-21,9999-01-01
39408,Arto,Yoshizawa,Staff,1985-12-21,1993-12-21
39413,Haldun,Dolinsky,Staff,1996-05-22,9999-01-01
39420,Suzette,Masand,Senior Staff,2001-03-15,9999-01-01
39420,Suzette,Masand,Staff,1992-03-15,2001-03-15
39435,Padma,Jansch,Technique Leader,1985-10-15,9999-01-01
39458,Kristinn,Terlouw,Engineer,1992-04-27,1997-04-27
39458,Kristinn,Terlouw,Senior Engineer,1997-04-27,9999-01-01
39473,Georgy,Demri,Engineer,1995-05-04,9999-01-01
39492,Zijian,Vigier,Senior Engineer,1989-08-04,9999-01-01
39494,Shuky,Nicolson,Engineer,1994-08-29,2000-08-28
39494,Shuky,Nicolson,Senior Engineer,2000-08-28,9999-01-01
39512,Jahangir,Rosca,Assistant Engineer,1997-01-16,9999-01-01
39517,Jackson,Baar,Senior Staff,1993-01-24,9999-01-01
39517,Jackson,Baar,Staff,1987-01-25,1993-01-24
39544,Matk,Douceur,Technique Leader,1985-09-14,1999-07-20
39554,Eishiro,Hegner,Engineer,1996-09-15,9999-01-01
39557,Hailing,Reinhard,Engineer,1998-01-10,9999-01-01
39562,Mart,Bridgland,Technique Leader,1986-04-19,9999-01-01
39605,Tetsurou,Benzmuller,Senior Staff,1985-05-10,9999-01-01
39623,Khosrow,Schach,Engineer,1995-01-04,9999-01-01
39642,Mori,Ertl,Senior Staff,1995-02-24,9999-01-01
39642,Mori,Ertl,Staff,1986-02-24,1995-02-24
39653,Boalin,Wilfing,Senior Staff,1996-07-13,9999-01-01
39653,Boalin,Wilfing,Staff,1989-07-13,1996-07-13
39672,Demos,Morton,Engineer,1989-08-10,1995-08-10
39672,Demos,Morton,Senior Engineer,1995-08-10,9999-01-01
39682,Lucian,Yetto,Senior Staff,1994-05-12,9999-01-01
39682,Lucian,Yetto,Staff,1986-05-12,1994-05-12
39688,Bangqing,Felcyn,Senior Staff,1990-02-13,1999-07-31
39691,Pascal,Peot,Engineer,1989-08-15,1998-08-15
39691,Pascal,Peot,Senior Engineer,1998-08-15,9999-01-01
39696,Yuchang,Burnard,Assistant Engineer,1990-11-13,1996-11-12
39696,Yuchang,Burnard,Engineer,1996-11-12,9999-01-01
39731,Freyja,Talmor,Senior Staff,2002-03-16,9999-01-01
39731,Freyja,Talmor,Staff,1994-03-16,2002-03-16
39739,Domenick,Ramsey,Engineer,1987-09-20,1988-06-21
39754,Genki,Vuskovic,Senior Engineer,1998-04-08,9999-01-01
39758,Juyoung,Shrader,Assistant Engineer,1990-12-03,1998-07-04
39798,Ebru,Preusig,Senior Staff,1989-02-10,9999-01-01
39817,Moon,Poulakidas,Senior Staff,2000-09-05,9999-01-01
39817,Moon,Poulakidas,Staff,1992-09-05,2000-09-05
39830,Niteen,Cooke,Staff,1995-11-21,9999-01-01
39834,Shunichi,Erol,Senior Staff,2000-10-21,9999-01-01
39834,Shunichi,Erol,Staff,1991-10-22,2000-10-21
39836,Barton,Pileggi,Senior Staff,1986-07-31,9999-01-01
39839,Jinya,Varker,Engineer,1992-04-16,2001-04-16
39839,Jinya,Varker,Senior Engineer,2001-04-16,9999-01-01
39849,Khalid,Birke,Technique Leader,1991-10-17,9999-01-01
39886,Alassane,Erdmenger,Senior Staff,1997-10-13,2001-11-13
39888,Akemi,Grandbois,Technique Leader,1995-12-10,9999-01-01
39891,Zine,Koprowski,Engineer,1986-08-24,1995-08-24
39891,Zine,Koprowski,Senior Engineer,1995-08-24,9999-01-01
39902,Pascal,Zallocco,Senior Engineer,1996-03-14,9999-01-01
39953,Denny,DuBourdieux,Senior Engineer,1985-04-24,9999-01-01
39961,Luerbio,Verhoeff,Assistant Engineer,1995-11-06,9999-01-01
39994,Boriana,Luck,Engineer,1995-02-15,9999-01-01
40001,Akemi,Maliniak,Engineer,1987-08-06,1993-08-05
40001,Akemi,Maliniak,Senior Engineer,1993-08-05,9999-01-01
40013,Marit,Stanfel,Engineer,1985-10-09,1993-10-09
40013,Marit,Stanfel,Senior Engineer,1993-10-09,9999-01-01
40032,Parto,Weiland,Assistant Engineer,1989-01-09,1991-03-13
40039,Moie,Zastre,Engineer,1997-07-09,9999-01-01
40040,Danae,Gunderson,Staff,1996-12-19,2000-12-02
40082,Jingling,Winter,Senior Staff,1990-11-12,9999-01-01
40091,Uri,Pelc,Staff,1993-10-01,1998-03-15
40112,Billur,Keirsey,Engineer,1988-07-10,1993-07-10
40112,Billur,Keirsey,Senior Engineer,1993-07-10,9999-01-01
40128,Hilari,Hiraishi,Senior Staff,1995-02-04,9999-01-01
40128,Hilari,Hiraishi,Staff,1988-02-04,1995-02-04
40139,Fumitake,Tanemo,Senior Staff,2002-03-23,9999-01-01
40139,Fumitake,Tanemo,Staff,1996-03-23,2002-03-23
40141,Adit,Hempstead,Senior Staff,1994-02-21,9999-01-01
40151,Junsik,Brattka,Engineer,1998-05-04,9999-01-01
40159,Werner,Loncour,Senior Staff,1996-05-03,9999-01-01
40159,Werner,Loncour,Staff,1990-05-04,1996-05-03
40164,Apostol,Sidhu,Senior Engineer,1990-12-18,9999-01-01
40175,Ghassan,Chartres,Engineer,1989-12-05,1990-04-25
40199,Lijia,Heering,Engineer,1986-07-15,1993-07-15
40199,Lijia,Heering,Senior Engineer,1993-07-15,9999-01-01
40209,Sariel,Baar,Staff,1992-07-18,1995-07-09
40214,Freyja,Kenevan,Senior Staff,2000-12-22,9999-01-01
40214,Freyja,Kenevan,Staff,1991-12-23,2000-12-22
40216,Vitaly,Wynblatt,Engineer,1991-06-23,2000-06-22
40216,Vitaly,Wynblatt,Senior Engineer,2000-06-22,9999-01-01
40222,Oldrich,Maccarone,Senior Staff,1993-09-17,9999-01-01
40228,Jeanna,Escriba,Technique Leader,1996-11-01,9999-01-01
40233,Wilmer,Schmiedel,Senior Staff,1990-06-01,9999-01-01
40233,Wilmer,Schmiedel,Staff,1985-06-01,1990-06-01
40253,Houman,Kohling,Staff,1994-04-22,9999-01-01
40257,Adit,Conte,Senior Engineer,1999-09-11,9999-01-01
40264,Jaideep,Schlumberger,Senior Staff,1998-04-01,9999-01-01
40264,Jaideep,Schlumberger,Staff,1990-04-01,1998-04-01
40282,Vasilis,Pesch,Engineer,1995-08-07,1996-03-22
40302,Hairong,Stellhorn,Senior Staff,1994-07-22,9999-01-01
40302,Hairong,Stellhorn,Staff,1985-07-22,1994-07-22
40308,Herbert,Gomatam,Engineer,1997-01-13,2000-10-26
40310,Chaoyi,Marletta,Senior Staff,1993-07-20,9999-01-01
40310,Chaoyi,Marletta,Staff,1986-07-20,1993-07-20
40328,Janche,Mawatari,Senior Staff,1995-07-02,9999-01-01
40328,Janche,Mawatari,Staff,1987-07-02,1995-07-02
40344,Xiaocheng,Lanteri,Senior Staff,1994-08-08,9999-01-01
40344,Xiaocheng,Lanteri,Staff,1989-08-08,1994-08-08
40353,Shigeichiro,Cyre,Assistant Engineer,1996-02-18,9999-01-01
40366,Chaoyi,Marwedel,Senior Staff,1998-03-30,9999-01-01
40366,Chaoyi,Marwedel,Staff,1991-03-30,1998-03-30
40415,Kenton,Gyimothy,Senior Engineer,1998-11-17,9999-01-01
40436,Takahira,Decleir,Staff,1998-08-11,9999-01-01
40532,Avishai,Alencar,Engineer,1998-07-22,9999-01-01
40561,Kristen,Cesareni,Senior Staff,1998-10-12,9999-01-01
40561,Kristen,Cesareni,Staff,1991-10-12,1998-10-12
40626,Yannis,Lorin,Engineer,1986-07-04,1995-07-04
40626,Yannis,Lorin,Senior Engineer,1995-07-04,9999-01-01
40645,Moriyoshi,Vickson,Engineer,1998-03-07,9999-01-01
40651,Maria,Perez,Engineer,1994-06-17,2000-06-16
40651,Maria,Perez,Senior Engineer,2000-06-16,9999-01-01
40673,Froduald,Giveon,Technique Leader,1985-03-04,9999-01-01
40675,Zhenbing,Eiter,Senior Engineer,1993-10-30,9999-01-01
40678,Ulf,Segond,Engineer,1988-10-08,1994-10-08
40678,Ulf,Segond,Senior Engineer,1994-10-08,1998-02-07
40681,Munir,Pramanik,Technique Leader,1991-04-12,9999-01-01
40683,Prodip,Nitta,Senior Staff,1997-10-25,9999-01-01
40684,Reuven,Serna,Engineer,1992-07-22,2000-07-22
40684,Reuven,Serna,Senior Engineer,2000-07-22,9999-01-01
40686,Rayond,Picel,Engineer,1990-01-29,1998-01-29
40686,Rayond,Picel,Senior Engineer,1998-01-29,9999-01-01
40703,Divine,Sambasivam,Staff,1998-04-06,9999-01-01
40705,Jeane,Marchegay,Senior Staff,1998-11-24,9999-01-01
40705,Jeane,Marchegay,Staff,1989-11-24,1998-11-24
40708,Anneke,Siegrist,Engineer,1990-02-17,1999-02-17
40708,Anneke,Siegrist,Senior Engineer,1999-02-17,9999-01-01
40718,Subhrajyoti,Szemeredi,Senior Staff,2000-06-05,9999-01-01
40718,Subhrajyoti,Szemeredi,Staff,1992-06-05,2000-06-05
40733,Akeno,Ouhyoung,Engineer,1989-09-05,1997-09-05
40733,Akeno,Ouhyoung,Senior Engineer,1997-09-05,9999-01-01
40749,Georgi,Conte,Staff,1987-08-17,1991-07-28
40787,Ingemar,Coors,Engineer,1999-04-28,2001-05-28
40788,Berthier,Gajiwala,Engineer,1994-06-26,2001-06-26
40788,Berthier,Gajiwala,Senior Engineer,2001-06-26,9999-01-01
40790,Jiann,Strooper,Senior Staff,1999-04-13,9999-01-01
40790,Jiann,Strooper,Staff,1990-04-13,1999-04-13
40795,Snehasis,Madeira,Engineer,1998-12-08,2000-02-26
40808,Fumiya,Levergood,Engineer,1992-07-17,2001-07-17
40808,Fumiya,Levergood,Senior Engineer,2001-07-17,9999-01-01
40812,Niclas,Lamma,Assistant Engineer,1993-09-06,9999-01-01
40818,Masasuke,Kuszyk,Engineer,1995-01-08,2000-01-08
40818,Masasuke,Kuszyk,Senior Engineer,2000-01-08,9999-01-01
40820,Mabry,Guerreiro,Engineer,1997-10-15,9999-01-01
40840,Franziska,Mullainathan,Senior Staff,1994-12-03,9999-01-01
40840,Franziska,Mullainathan,Staff,1989-12-03,1994-12-03
40849,Dante,Encarnacion,Senior Engineer,1995-06-03,9999-01-01
40865,Florina,Schapiro,Senior Staff,1998-01-08,9999-01-01
40887,Jessie,Chachaty,Staff,1999-02-02,9999-01-01
40893,Amstein,Cappelli,Engineer,1997-09-24,2002-03-26
40964,Oscal,Prampolini,Senior Engineer,1988-07-01,1993-02-15
40980,Hideyuki,Zedlitz,Senior Staff,1991-02-23,9999-01-01
40980,Hideyuki,Zedlitz,Staff,1985-02-23,1991-02-23
40993,Rance,Lanzelotte,Technique Leader,1995-08-22,9999-01-01
41000,Vatsa,Khamsi,Engineer,1998-09-20,1999-07-14
41009,Hairong,Radhakrishnan,Engineer,1996-03-19,9999-01-01
41018,Dzung,Kadhim,Senior Staff,1994-09-29,9999-01-01
41018,Dzung,Kadhim,Staff,1989-09-29,1994-09-29
41034,Sachem,Doering,Senior Staff,2001-02-03,9999-01-01
41034,Sachem,Doering,Staff,1996-02-04,2001-02-03
41054,Leandro,Keustermans,Technique Leader,1995-12-04,2001-10-31
41059,Chuanyi,Whittlesey,Staff,1999-10-11,9999-01-01
41071,Florian,Beausoleil,Staff,1994-11-27,1997-02-20
41075,Byong,Danley,Engineer,1985-11-09,1994-11-09
41075,Byong,Danley,Senior Engineer,1994-11-09,9999-01-01
41084,Hidekazu,Turnbull,Senior Staff,2002-04-22,9999-01-01
41084,Hidekazu,Turnbull,Staff,1996-04-22,2002-04-22
41100,Szabolcs,Cochrane,Technique Leader,1992-07-18,9999-01-01
41107,Xiong,Simkin,Assistant Engineer,1988-09-22,1996-09-22
41107,Xiong,Simkin,Engineer,1996-09-22,9999-01-01
41118,Jeanne,Plotkin,Staff,1999-03-17,9999-01-01
41120,Yechiam,Attimonelli,Engineer,1996-03-14,2001-03-14
41120,Yechiam,Attimonelli,Senior Engineer,2001-03-14,9999-01-01
41146,Visit,Oxenboll,Senior Staff,1996-05-10,9999-01-01
41146,Visit,Oxenboll,Staff,1989-05-10,1996-05-10
41166,Vojin,Terekhov,Technique Leader,1991-02-13,9999-01-01
41176,Ewing,Meszaros,Engineer,1999-10-21,9999-01-01
41188,Tesuro,Perko,Technique Leader,1991-11-19,9999-01-01
41195,Kwangyoen,Jumpertz,Engineer,1991-01-27,1998-01-27
41195,Kwangyoen,Jumpertz,Senior Engineer,1998-01-27,9999-01-01
41207,Huei,Hempstead,Technique Leader,1985-11-21,1992-01-02
41210,Moti,Khamsi,Technique Leader,1998-11-30,9999-01-01
41220,Geoffry,Garigliano,Senior Engineer,1992-03-07,9999-01-01
41229,Sreekrishna,Chepyzhov,Engineer,1995-03-09,2001-03-08
41229,Sreekrishna,Chepyzhov,Senior Engineer,2001-03-08,9999-01-01
41249,Tetsurou,Barvinok,Engineer,1991-09-08,1997-09-07
41249,Tetsurou,Barvinok,Senior Engineer,1997-09-07,9999-01-01
41261,Angus,Sidje,Technique Leader,1993-12-16,9999-01-01
41288,Munenori,Roccetti,Technique Leader,1985-03-25,1990-06-01
41306,Valter,Weedman,Senior Staff,1992-09-02,9999-01-01
41306,Valter,Weedman,Staff,1985-09-02,1992-09-02
41322,Richard,Ginesta,Engineer,1998-02-26,9999-01-01
41323,Uri,Nitsch,Senior Staff,2000-07-03,9999-01-01
41323,Uri,Nitsch,Staff,1993-07-03,2000-07-03
41354,Fen,Stemann,Staff,1994-01-19,1994-11-09
41395,Chinhyun,Uludag,Engineer,1992-07-30,1997-07-30
41395,Chinhyun,Uludag,Senior Engineer,1997-07-30,1999-01-27
41435,Sariel,Haddadi,Senior Engineer,1999-07-26,2000-05-05
41439,Zhiwei,Varker,Assistant Engineer,1997-08-08,9999-01-01
41447,Dekang,Msuda,Staff,1997-04-28,9999-01-01
41454,Tonny,Ferriere,Engineer,1987-12-15,1993-12-14
41454,Tonny,Ferriere,Senior Engineer,1993-12-14,2000-03-31
41470,Theirry,Simmen,Engineer,1987-02-13,1994-02-13
41470,Theirry,Simmen,Senior Engineer,1994-02-13,9999-01-01
41480,Gao,Furudate,Senior Staff,2002-04-24,9999-01-01
41480,Gao,Furudate,Staff,1994-04-24,2002-04-24
41489,Oddvar,Gecseg,Staff,1989-01-25,1990-01-30
41524,Elrique,Deville,Senior Staff,1994-10-17,9999-01-01
41524,Elrique,Deville,Staff,1985-10-17,1994-10-17
41548,Chenyi,Deverell,Staff,1996-01-06,9999-01-01
41557,Rasiah,Bernick,Senior Staff,1997-08-06,9999-01-01
41557,Rasiah,Bernick,Staff,1988-08-06,1997-08-06
41562,Gay,Denti,Senior Staff,1992-10-22,9999-01-01
41619,Keiichiro,Herath,Senior Engineer,1986-01-14,9999-01-01
41621,Shunichi,Georg,Assistant Engineer,1990-01-25,1999-01-25
41621,Shunichi,Georg,Engineer,1999-01-25,9999-01-01
41637,Zita,Chinal,Senior Staff,1992-10-16,9999-01-01
41639,Shigehito,Pfau,Senior Staff,2002-03-11,9999-01-01
41639,Shigehito,Pfau,Staff,1994-03-11,2002-03-11
41648,Bilhanan,Gaughan,Technique Leader,1996-04-08,2000-12-06
41649,Selwyn,Jahnichen,Senior Staff,2001-06-27,9999-01-01
41649,Selwyn,Jahnichen,Staff,1996-06-27,2001-06-27
41652,Noritoshi,Vickson,Senior Staff,1997-06-29,9999-01-01
41656,Lijia,Uhrik,Senior Engineer,1993-05-21,9999-01-01
41699,Nathalie,Luca,Technique Leader,1996-01-10,9999-01-01
41704,Arno,Lieberherr,Staff,1996-07-22,9999-01-01
41722,Gil,Rande,Engineer,1999-08-27,2001-05-02
41723,Masamitsu,Schwartzburd,Senior Staff,1996-12-14,9999-01-01
41723,Masamitsu,Schwartzburd,Staff,1990-12-15,1996-12-14
41737,Supot,Sethi,Senior Staff,1997-02-24,9999-01-01
41737,Supot,Sethi,Staff,1988-02-25,1997-02-24
41794,Bernice,Molenkamp,Senior Staff,1987-06-28,9999-01-01
41818,Fun,Ghandeharizadeh,Engineer,1999-06-07,1999-06-07
41822,Lihong,Brookner,Senior Staff,1995-05-08,9999-01-01
41822,Lihong,Brookner,Staff,1990-05-08,1995-05-08
41829,Vesna,Brookman,Technique Leader,1986-12-12,9999-01-01
41862,Ramalingam,Itzigehl,Senior Staff,1995-09-24,9999-01-01
41862,Ramalingam,Itzigehl,Staff,1986-09-24,1995-09-24
41868,Francoise,Wossner,Senior Staff,1990-07-07,9999-01-01
41872,Lenore,Lueh,Engineer,1998-06-11,9999-01-01
41887,Stabislas,Seghrouchni,Engineer,1989-03-21,1995-03-21
41887,Stabislas,Seghrouchni,Senior Engineer,1995-03-21,9999-01-01
41914,Richara,Leppanen,Engineer,1989-04-12,1991-07-02
41923,Nigel,Setlzner,Assistant Engineer,1993-03-18,1998-03-18
41923,Nigel,Setlzner,Engineer,1998-03-18,9999-01-01
41925,Theirry,Brlek,Senior Engineer,1985-09-26,2000-12-12
41932,Saeko,Mikschl,Engineer,1991-12-08,1997-12-07
41932,Saeko,Mikschl,Senior Engineer,1997-12-07,9999-01-01
41947,Tse,Kawashima,Staff,1989-08-08,1992-01-30
41963,Tua,Bondorf,Senior Staff,2001-05-03,9999-01-01
41963,Tua,Bondorf,Staff,1992-05-03,2001-05-03
41974,Clyde,Horswill,Staff,1994-02-26,1995-05-26
41986,Conal,Wilfing,Staff,1996-05-12,9999-01-01
41991,Martine,Lubachevsky,Engineer,1988-12-09,1997-12-09
41991,Martine,Lubachevsky,Senior Engineer,1997-12-09,9999-01-01
42010,Yolla,Ecklund,Engineer,1991-02-05,2000-02-05
42010,Yolla,Ecklund,Senior Engineer,2000-02-05,9999-01-01
42017,Eckart,Boreale,Technique Leader,1985-11-26,9999-01-01
42029,Felicidad,Reeken,Senior Staff,1995-08-25,2002-06-29
42029,Felicidad,Reeken,Staff,1990-08-25,1995-08-25
42031,Ziya,Itschner,Engineer,1993-07-05,1999-07-05
42031,Ziya,Itschner,Senior Engineer,1999-07-05,9999-01-01
42044,Kazuhiro,Oxman,Senior Staff,1990-02-20,1997-10-11
42044,Kazuhiro,Oxman,Staff,1985-02-20,1990-02-20
42048,Shuji,Riexinger,Senior Staff,1998-11-27,9999-01-01
42048,Shuji,Riexinger,Staff,1992-11-27,1998-11-27
42091,Udo,Douceur,Engineer,1985-03-27,1991-03-27
42091,Udo,Douceur,Senior Engineer,1991-03-27,9999-01-01
42096,Zongyan,Ranst,Staff,1991-12-28,1997-10-11
42105,Maja,Prochazka,Engineer,1997-07-07,1997-08-02
42123,Kristine,Hasham,Senior Engineer,1988-12-17,9999-01-01
42127,Sadok,Cyne,Engineer,1996-11-04,2001-11-04
42127,Sadok,Cyne,Senior Engineer,2001-11-04,9999-01-01
42147,Geoff,Cronan,Senior Engineer,1994-06-26,9999-01-01
42148,Radhika,Lorys,Senior Staff,1995-07-17,9999-01-01
42148,Radhika,Lorys,Staff,1986-07-17,1995-07-17
42156,Snehasis,Uhrig,Engineer,1989-12-26,1998-12-26
42156,Snehasis,Uhrig,Senior Engineer,1998-12-26,9999-01-01
42205,Alois,Barvinok,Engineer,1998-03-26,9999-01-01
42210,Kristof,Montemayor,Assistant Engineer,1987-09-23,1992-09-22
42210,Kristof,Montemayor,Engineer,1992-09-22,1997-09-22
42210,Kristof,Montemayor,Senior Engineer,1997-09-22,9999-01-01
42211,Hatem,Choobineh,Engineer,1988-12-05,1995-12-06
42211,Hatem,Choobineh,Senior Engineer,1995-12-06,9999-01-01
42234,Rajmohan,Anily,Technique Leader,1989-12-06,1996-01-01
42263,Juichirou,Junet,Senior Staff,1995-05-04,9999-01-01
42263,Juichirou,Junet,Staff,1988-05-03,1995-05-04
42264,Eldridge,Dredge,Engineer,1990-12-21,1998-12-21
42264,Eldridge,Dredge,Senior Engineer,1998-12-21,9999-01-01
42335,Rosalyn,Talmon,Senior Staff,2002-04-25,9999-01-01
42335,Rosalyn,Talmon,Staff,1995-04-25,2002-04-25
42351,Sudhanshu,Compeau,Senior Staff,1998-07-03,9999-01-01
42351,Sudhanshu,Compeau,Staff,1991-07-03,1998-07-03
42364,Janalee,Coors,Engineer,1992-01-13,1992-07-20
42376,Masali,Barreiro,Technique Leader,1996-10-27,9999-01-01
42382,Moriyoshi,Kusakari,Staff,1998-12-26,2001-04-22
42417,Shaibal,Zirintsis,Senior Staff,2002-01-28,9999-01-01
42417,Shaibal,Zirintsis,Staff,1994-01-28,2002-01-28
42433,Aamod,Besselaar,Senior Engineer,1996-03-07,9999-01-01
42445,Arunas,Baba,Senior Engineer,1996-02-17,9999-01-01
42449,Berry,Suessmith,Engineer,1987-05-15,1994-05-15
42449,Berry,Suessmith,Senior Engineer,1994-05-15,9999-01-01
42453,Dayanand,Lorho,Engineer,1990-03-27,1995-03-27
42453,Dayanand,Lorho,Senior Engineer,1995-03-27,9999-01-01
42463,Cullen,Baez,Engineer,1999-05-02,9999-01-01
42467,Rimli,Goldhammer,Engineer,1986-07-20,1994-07-20
42467,Rimli,Goldhammer,Senior Engineer,1994-07-20,9999-01-01
42473,Vishwani,Kulisch,Senior Staff,2001-02-26,9999-01-01
42473,Vishwani,Kulisch,Staff,1996-02-27,2001-02-26
42480,Slavian,Honiden,Technique Leader,1994-04-07,9999-01-01
42519,Armond,Vingron,Engineer,1992-06-15,2000-06-15
42519,Armond,Vingron,Senior Engineer,2000-06-15,9999-01-01
42535,Florina,Gecseg,Engineer,1996-08-21,2001-08-21
42535,Florina,Gecseg,Senior Engineer,2001-08-21,9999-01-01
42545,Bartek,Baca,Engineer,1998-10-28,9999-01-01
42547,Tesuro,Danley,Engineer,1995-09-20,9999-01-01
42551,Yakichi,Pagter,Staff,1989-11-15,1995-03-08
42552,Kellie,Socorro,Senior Engineer,1991-11-08,9999-01-01
42568,Horward,Sidou,Senior Engineer,1999-05-28,9999-01-01
42572,Mads,Ramalingam,Assistant Engineer,1986-08-01,1994-08-01
42572,Mads,Ramalingam,Engineer,1994-08-01,1997-01-13
42574,Vugranam,Barriga,Senior Staff,1989-09-21,9999-01-01
42578,Jaewon,Solares,Senior Staff,1997-11-21,9999-01-01
42578,Jaewon,Solares,Staff,1989-11-21,1997-11-21
42582,Josyula,Matheson,Senior Staff,1997-11-21,9999-01-01
42593,Steve,Keirsey,Staff,1993-12-09,9999-01-01
42594,Thodoros,Hoppenstand,Senior Staff,1989-08-06,9999-01-01
42598,Youjian,Jullig,Engineer,1987-09-30,1993-09-29
42598,Youjian,Jullig,Senior Engineer,1993-09-29,9999-01-01
42603,Duangkaew,Beerel,Senior Staff,1992-02-10,9999-01-01
42634,Chinho,Ressouche,Senior Staff,1999-02-10,1999-12-19
42648,Aamer,Maierhofer,Staff,1994-05-05,1997-07-17
42692,Dzung,Feldmann,Staff,1998-02-02,2000-02-10
42699,Gen,Merel,Engineer,1993-10-27,1996-06-15
42711,Foong,Reghbati,Senior Staff,2002-06-20,9999-01-01
42711,Foong,Reghbati,Staff,1997-06-20,2002-06-20
42712,Karlis,Speel,Senior Staff,1994-10-10,9999-01-01
42712,Karlis,Speel,Staff,1987-10-10,1994-10-10
42718,Stepehn,Leslie,Engineer,1993-09-19,2001-09-19
42718,Stepehn,Leslie,Senior Engineer,2001-09-19,9999-01-01
42719,Serge,Delgrande,Staff,1994-09-28,1998-05-20
42725,Macha,Salverda,Senior Staff,2002-05-08,9999-01-01
42725,Macha,Salverda,Staff,1997-05-08,2002-05-08
42729,Aleksander,Anido,Senior Staff,1998-01-10,9999-01-01
42729,Aleksander,Anido,Staff,1992-01-11,1998-01-10
42760,Golgen,Molberg,Staff,1988-04-26,1995-04-19
42762,Tomoyuki,Stassinopoulos,Engineer,1994-07-23,1999-07-23
42762,Tomoyuki,Stassinopoulos,Senior Engineer,1999-07-23,9999-01-01
42793,Tetsushi,Siksek,Senior Staff,2001-10-08,9999-01-01
42793,Tetsushi,Siksek,Staff,1993-10-08,2001-10-08
42807,Hyuckchul,Servieres,Engineer,1993-05-04,2002-05-04
42807,Hyuckchul,Servieres,Senior Engineer,2002-05-04,9999-01-01
42820,Shin,Schaad,Engineer,1985-05-29,1990-05-29
42820,Shin,Schaad,Senior Engineer,1990-05-29,9999-01-01
42822,Francoise,Lodder,Senior Staff,1990-02-02,9999-01-01
42834,Ewing,Prampolini,Assistant Engineer,1986-06-24,1991-06-24
42834,Ewing,Prampolini,Engineer,1991-06-24,1996-06-23
42834,Ewing,Prampolini,Senior Engineer,1996-06-23,9999-01-01
42840,Mototsugu,Coorg,Technique Leader,1988-02-06,9999-01-01
42849,Sakthirel,Asser,Engineer,1988-03-10,1996-03-10
42849,Sakthirel,Asser,Senior Engineer,1996-03-10,9999-01-01
42858,Chenyi,Garnham,Technique Leader,1991-01-14,9999-01-01
42871,Kazunori,Hegner,Engineer,1996-03-17,9999-01-01
42880,Radhia,Birke,Senior Staff,1996-07-11,9999-01-01
42880,Radhia,Birke,Staff,1989-07-11,1996-07-11
42887,Yechiam,Pardalos,Engineer,1998-01-05,1998-02-09
42915,Arnd,Ratnaker,Assistant Engineer,1996-12-03,2001-12-03
42915,Arnd,Ratnaker,Engineer,2001-12-03,9999-01-01
42935,Kiyokazu,Mansanne,Engineer,1996-01-04,9999-01-01
42963,Geoff,Vidya,Engineer,1998-12-11,9999-01-01
42987,Howell,Schlumberger,Senior Staff,2001-02-23,9999-01-01
42987,Howell,Schlumberger,Staff,1996-02-24,2001-02-23
42991,Dinah,Kampfer,Engineer,1992-03-04,1998-03-04
42991,Dinah,Kampfer,Senior Engineer,1998-03-04,9999-01-01
42999,Boutros,Cromarty,Engineer,1994-12-02,2000-12-01
42999,Boutros,Cromarty,Senior Engineer,2000-12-01,9999-01-01
43006,Feipei,Swan,Engineer,1998-01-01,9999-01-01
43009,Masasuke,Fairtlough,Engineer,1996-05-23,2002-05-23
43009,Masasuke,Fairtlough,Senior Engineer,2002-05-23,9999-01-01
43033,Shaunak,Kohling,Engineer,1993-06-18,1998-06-18
43033,Shaunak,Kohling,Senior Engineer,1998-06-18,9999-01-01
43047,Xiaopeng,Haraldson,Engineer,1996-04-04,2000-09-01
43056,Djelloul,Dayang,Senior Staff,1991-04-21,9999-01-01
43056,Djelloul,Dayang,Staff,1985-04-21,1991-04-21
43057,Diederik,Anily,Engineer,1990-02-15,1997-02-15
43057,Diederik,Anily,Senior Engineer,1997-02-15,9999-01-01
43081,Manu,Pelc,Engineer,1999-07-18,9999-01-01
43095,Pramod,Giaccio,Senior Staff,2001-10-11,9999-01-01
43095,Pramod,Giaccio,Staff,1995-10-12,2001-10-11
43099,Nagui,Schnelling,Engineer,1999-01-12,9999-01-01
43112,Huican,Cunliffe,Senior Staff,1993-06-28,9999-01-01
43112,Huican,Cunliffe,Staff,1988-06-28,1993-06-28
43119,Tru,Perry,Senior Engineer,1988-11-26,9999-01-01
43167,Seshu,Gimbel,Senior Staff,2000-05-28,9999-01-01
43167,Seshu,Gimbel,Staff,1991-05-29,2000-05-28
43206,Fei,Skogmar,Senior Engineer,1994-07-26,9999-01-01
43214,Eben,Rajaraman,Technique Leader,1996-01-08,9999-01-01
43253,Hinrich,Percebois,Engineer,1986-07-14,1993-07-14
43253,Hinrich,Percebois,Senior Engineer,1993-07-14,9999-01-01
43266,Ramya,Begiun,Engineer,1993-12-20,1999-12-20
43266,Ramya,Begiun,Senior Engineer,1999-12-20,9999-01-01
43274,Arne,Vingron,Engineer,1989-04-21,1995-04-21
43274,Arne,Vingron,Senior Engineer,1995-04-21,9999-01-01
43276,Rosella,Waymire,Senior Staff,1994-07-23,9999-01-01
43276,Rosella,Waymire,Staff,1989-07-23,1994-07-23
43287,Maja,Mullainathan,Senior Engineer,1995-06-22,9999-01-01
43292,Yannis,Onuegbe,Senior Staff,1999-05-07,9999-01-01
43292,Yannis,Onuegbe,Staff,1992-05-06,1999-05-07
43303,Malu,Munos,Senior Staff,1998-07-05,9999-01-01
43303,Malu,Munos,Staff,1992-07-05,1998-07-05
43321,Lokesh,DasSarma,Staff,1995-12-07,1998-01-17
43335,Yahiko,Osgood,Senior Staff,2001-08-26,9999-01-01
43335,Yahiko,Osgood,Staff,1993-08-26,2001-08-26
43349,Werner,Conde,Engineer,1995-09-08,2000-09-07
43349,Werner,Conde,Senior Engineer,2000-09-07,9999-01-01
43363,Bernd,Chiodo,Staff,1987-11-12,1994-05-24
43369,Ziva,Klyachko,Staff,1997-02-16,9999-01-01
43374,Sugwoo,Foong,Senior Engineer,1997-03-22,9999-01-01
43381,Chuanti,Jording,Engineer,1989-03-02,1997-03-02
43381,Chuanti,Jording,Senior Engineer,1997-03-02,9999-01-01
43385,Girolamo,Sankaranarayanan,Senior Staff,1991-08-16,9999-01-01
43385,Girolamo,Sankaranarayanan,Staff,1985-08-16,1991-08-16
43400,Chikara,Kornyak,Staff,1998-12-26,9999-01-01
43425,Geoffry,Georgatos,Engineer,1996-05-01,9999-01-01
43442,Mayumi,Kroll,Senior Staff,1993-11-19,9999-01-01
43467,Siddarth,Alpin,Engineer,1995-10-28,9999-01-01
43495,Gila,Ibel,Engineer,1998-09-04,9999-01-01
43497,Yongdong,Slobodova,Assistant Engineer,1989-03-16,1994-03-16
43497,Yongdong,Slobodova,Engineer,1994-03-16,1999-03-16
43497,Yongdong,Slobodova,Senior Engineer,1999-03-16,9999-01-01
43511,Georgy,Yurek,Engineer,1985-10-28,1990-10-28
43511,Georgy,Yurek,Senior Engineer,1990-10-28,9999-01-01
43523,Pranav,Speel,Senior Staff,1999-02-25,2000-01-11
43523,Pranav,Speel,Staff,1994-02-25,1999-02-25
43536,Adas,Cappello,Senior Staff,1996-08-09,9999-01-01
43536,Adas,Cappello,Staff,1987-08-10,1996-08-09
43550,Guther,Saoudi,Senior Staff,2000-11-10,9999-01-01
43550,Guther,Saoudi,Staff,1992-11-10,2000-11-10
43563,Eckart,Denos,Senior Staff,1994-08-12,9999-01-01
43563,Eckart,Denos,Staff,1988-08-12,1994-08-12
43564,Eldridge,Champarnaud,Engineer,1986-09-14,1991-09-14
43564,Eldridge,Champarnaud,Senior Engineer,1991-09-14,9999-01-01
43579,Sajjad,Peng,Technique Leader,1997-12-07,9999-01-01
43599,Sashi,Kornyak,Staff,1998-02-22,9999-01-01
43613,Hugo,Colorni,Senior Engineer,1997-08-24,9999-01-01
43619,Kiam,Iacovou,Senior Staff,1993-09-03,9999-01-01
43619,Kiam,Iacovou,Staff,1988-09-03,1993-09-03
43640,Stepehn,Luef,Staff,1996-08-31,9999-01-01
43655,Vishv,Vingron,Senior Staff,1994-02-11,9999-01-01
43656,Dietrich,Laventhal,Engineer,1989-12-12,1996-12-12
43656,Dietrich,Laventhal,Senior Engineer,1996-12-12,9999-01-01
43663,Alper,Nastansky,Engineer,1995-06-14,9999-01-01
43683,Zijian,Rothe,Engineer,1996-08-11,2001-08-11
43683,Zijian,Rothe,Senior Engineer,2001-08-11,9999-01-01
43698,Kyoichi,Jansch,Engineer,1990-05-30,1996-05-29
43698,Kyoichi,Jansch,Senior Engineer,1996-05-29,9999-01-01
43731,Brendon,Randt,Staff,1995-08-17,9999-01-01
43734,Jackson,Antonisse,Senior Engineer,1992-12-22,1998-12-25
43758,Susuma,Fadgyas,Engineer,1994-11-17,2000-11-16
43758,Susuma,Fadgyas,Senior Engineer,2000-11-16,9999-01-01
43769,Tamiya,Giveon,Staff,1998-09-02,9999-01-01
43799,Elvis,Zhiwei,Engineer,1992-11-06,2001-11-06
43799,Elvis,Zhiwei,Senior Engineer,2001-11-06,9999-01-01
43808,Pintsang,Luit,Assistant Engineer,1995-06-14,2001-06-13
43808,Pintsang,Luit,Engineer,2001-06-13,9999-01-01
43829,Giao,Kemmerer,Engineer,1993-07-10,2001-07-10
43829,Giao,Kemmerer,Senior Engineer,2001-07-10,9999-01-01
43833,Bingning,Raczkowsky,Staff,1999-04-06,9999-01-01
43858,Ranan,Rajcani,Senior Staff,1990-09-12,9999-01-01
43858,Ranan,Rajcani,Staff,1985-09-12,1990-09-12
43871,Shietung,Bultermann,Senior Engineer,1986-11-22,9999-01-01
43875,Uta,Menyhert,Engineer,1998-09-16,9999-01-01
43886,Wilmer,Hoppenstand,Staff,1992-02-10,1992-10-02
43888,Sushant,Baalen,Senior Staff,1992-12-24,9999-01-01
43888,Sushant,Baalen,Staff,1985-12-24,1992-12-24
43905,Gadiel,Fadgyas,Senior Staff,2001-06-09,9999-01-01
43905,Gadiel,Fadgyas,Staff,1995-06-10,2001-06-09
43911,Sadegh,Cronin,Senior Engineer,1996-04-23,9999-01-01
43930,Guther,Atchley,Senior Engineer,1988-05-27,9999-01-01
43960,Arne,Zeleznik,Engineer,1993-01-27,2001-01-27
43960,Arne,Zeleznik,Senior Engineer,2001-01-27,9999-01-01
43968,Stepehn,Stentiford,Engineer,1991-05-16,2000-05-15
43968,Stepehn,Stentiford,Senior Engineer,2000-05-15,9999-01-01
43972,Shih,Baar,Engineer,1996-11-11,9999-01-01
43992,Leucio,Comte,Senior Staff,1998-05-07,9999-01-01
43992,Leucio,Comte,Staff,1991-05-07,1998-05-07
43995,Adil,Compeau,Senior Staff,1996-10-11,9999-01-01
43995,Adil,Compeau,Staff,1990-10-12,1996-10-11
44005,Hein,Katzenelson,Staff,1995-11-18,9999-01-01
44020,Munenori,Sevcikova,Engineer,1995-02-28,2000-02-28
44020,Munenori,Sevcikova,Senior Engineer,2000-02-28,9999-01-01
44027,Hauke,Senzako,Senior Engineer,1994-04-24,1998-08-08
44035,Gunilla,Birrer,Technique Leader,1993-06-23,9999-01-01
44058,Xiong,Noriega,Assistant Engineer,1985-05-01,1993-05-01
44058,Xiong,Noriega,Engineer,1993-05-01,2001-05-01
44058,Xiong,Noriega,Senior Engineer,2001-05-01,9999-01-01
44073,Renee,Raczkowsky,Engineer,1986-10-07,1995-10-07
44073,Renee,Raczkowsky,Senior Engineer,1995-10-07,1998-08-20
44095,Jahangir,Birge,Senior Staff,1991-05-11,9999-01-01
44095,Jahangir,Birge,Staff,1985-05-11,1991-05-11
44126,Mooi,Millington,Senior Engineer,1991-04-05,9999-01-01
44132,Bernt,Pena,Staff,1994-08-22,9999-01-01
44133,Rildo,Bazzichi,Engineer,1994-04-20,2001-04-20
44133,Rildo,Bazzichi,Senior Engineer,2001-04-20,9999-01-01
44134,Uri,Azevdeo,Senior Staff,1993-11-25,9999-01-01
44153,Vidar,Borovoy,Engineer,1998-08-30,9999-01-01
44160,Youjian,Speer,Senior Staff,1999-07-21,2002-02-20
44171,Dinkar,Gerteisen,Engineer,1994-12-26,1999-12-26
44171,Dinkar,Gerteisen,Senior Engineer,1999-12-26,9999-01-01
44183,Shuzo,Luon,Engineer,1995-02-05,2001-02-04
44183,Shuzo,Luon,Senior Engineer,2001-02-04,9999-01-01
44209,Make,Syang,Senior Engineer,1993-03-20,1997-11-27
44273,Gully,Berztiss,Senior Staff,1996-07-18,9999-01-01
44273,Gully,Berztiss,Staff,1988-07-18,1996-07-18
44291,Adil,Koblitz,Staff,1994-01-31,1996-06-26
44316,Maria,Mahnke,Senior Engineer,1992-02-27,9999-01-01
44321,Randy,Lores,Engineer,1986-05-12,1995-05-12
44321,Randy,Lores,Senior Engineer,1995-05-12,9999-01-01
44335,Jinxi,Erie,Engineer,1995-04-10,9999-01-01
44340,Takushi,Schieder,Senior Staff,1999-11-18,9999-01-01
44344,Mart,Dratva,Staff,1999-12-09,9999-01-01
44345,Anoosh,Iacovou,Senior Staff,1992-02-16,9999-01-01
44345,Anoosh,Iacovou,Staff,1987-02-16,1992-02-16
44346,Zita,Rosch,Senior Staff,1999-02-13,9999-01-01
44346,Zita,Rosch,Staff,1993-02-13,1999-02-13
44351,Lunjin,Siepmann,Senior Staff,1991-01-07,9999-01-01
44351,Lunjin,Siepmann,Staff,1986-01-07,1991-01-07
44356,Tze,Auria,Engineer,1990-04-28,1996-04-27
44356,Tze,Auria,Senior Engineer,1996-04-27,1999-07-09
44371,True,Mapelli,Engineer,1995-03-03,9999-01-01
44373,Avishai,Flowers,Senior Staff,2000-08-15,9999-01-01
44373,Avishai,Flowers,Staff,1993-08-15,2000-08-15
44376,Toshimitsu,Cappelli,Senior Staff,1998-02-16,9999-01-01
44376,Toshimitsu,Cappelli,Staff,1990-02-16,1998-02-16
44378,Chirstian,Navazio,Engineer,1988-10-26,1993-10-26
44378,Chirstian,Navazio,Senior Engineer,1993-10-26,9999-01-01
44424,Gianluca,Litecky,Engineer,1990-03-22,1997-03-22
44424,Gianluca,Litecky,Senior Engineer,1997-03-22,9999-01-01
44433,Shahab,Conry,Engineer,1992-08-05,1998-08-05
44433,Shahab,Conry,Senior Engineer,1998-08-05,9999-01-01
44438,Harjit,Lakshmanan,Senior Staff,1991-01-22,9999-01-01
44471,Aleksandar,Dratva,Engineer,1992-04-22,1995-05-30
44493,Izaskun,Gimbel,Senior Staff,1996-03-11,9999-01-01
44493,Izaskun,Gimbel,Staff,1989-03-11,1996-03-11
44498,Hatsukazu,Erde,Senior Staff,1999-06-24,9999-01-01
44498,Hatsukazu,Erde,Staff,1994-06-24,1999-06-24
44510,Hongzue,Fioravanti,Senior Engineer,1986-12-10,9999-01-01
44511,Maya,Bednarek,Senior Staff,1998-03-22,9999-01-01
44511,Maya,Bednarek,Staff,1992-03-22,1998-03-22
44516,Takahira,Veeraraghavan,Engineer,1994-08-20,9999-01-01
44536,Val,Renear,Senior Staff,2000-03-10,9999-01-01
44536,Val,Renear,Staff,1995-03-11,2000-03-10
44546,Ranga,Iacovou,Senior Staff,1993-11-09,9999-01-01
44546,Ranga,Iacovou,Staff,1988-11-09,1993-11-09
44550,Hongzhu,Edelhoff,Senior Engineer,1993-04-01,9999-01-01
44553,Gila,Muntz,Engineer,1988-04-01,1997-04-01
44553,Gila,Muntz,Senior Engineer,1997-04-01,9999-01-01
44557,Arra,Wilharm,Technique Leader,1998-07-08,9999-01-01
44581,Kazuhisa,Bergere,Engineer,1995-11-01,2000-10-31
44581,Kazuhisa,Bergere,Senior Engineer,2000-10-31,9999-01-01
44605,Jeanna,Uehara,Senior Staff,1996-04-02,9999-01-01
44605,Jeanna,Uehara,Staff,1987-04-03,1996-04-02
44615,Petter,Angot,Engineer,1995-03-02,2002-03-02
44615,Petter,Angot,Senior Engineer,2002-03-02,9999-01-01
44641,Roded,Murillo,Engineer,1988-06-20,1995-09-04
44677,Toshimitsu,Kowalchuk,Staff,1999-02-07,9999-01-01
44679,Yonghong,Eiter,Senior Staff,1995-11-12,2001-02-25
44679,Yonghong,Eiter,Staff,1989-11-12,1995-11-12
44685,Herb,Shackell,Assistant Engineer,1994-03-01,9999-01-01
44700,Ziyad,Merli,Staff,1999-01-11,2002-07-21
44706,Salvador,Reistad,Engineer,1999-08-23,9999-01-01
44720,Theron,Narlikar,Senior Staff,1996-12-20,1997-06-01
44720,Theron,Narlikar,Staff,1991-12-21,1996-12-20
44722,Nahum,Uhrik,Technique Leader,1992-09-10,9999-01-01
44724,Dante,Egerstedt,Technique Leader,1991-12-19,9999-01-01
44767,Kendra,Garnick,Engineer,1989-04-26,1998-04-26
44767,Kendra,Garnick,Senior Engineer,1998-04-26,9999-01-01
44772,Nadjib,Perin,Senior Staff,2001-08-31,9999-01-01
44772,Nadjib,Perin,Staff,1995-09-01,2001-08-31
44793,Sumali,Akazan,Staff,1994-09-08,1998-09-06
44850,Aruna,Perz,Engineer,1994-02-14,2001-02-14
44850,Aruna,Perz,Senior Engineer,2001-02-14,9999-01-01
44863,Wayne,Rousseau,Engineer,1986-07-23,1994-07-23
44863,Wayne,Rousseau,Senior Engineer,1994-07-23,9999-01-01
44866,Rosine,Roisin,Senior Staff,1998-06-11,9999-01-01
44884,Matt,Jansen,Engineer,1992-06-24,1997-06-24
44884,Matt,Jansen,Senior Engineer,1997-06-24,9999-01-01
44901,Lein,Zumaque,Senior Staff,1995-08-19,9999-01-01
44901,Lein,Zumaque,Staff,1990-08-19,1995-08-19
44919,Ortrud,Peroz,Technique Leader,1987-09-17,1992-04-23
44967,Dante,Sankaranarayanan,Senior Engineer,1995-10-18,1999-04-29
44985,Kwee,Standera,Senior Engineer,1994-11-05,9999-01-01
44989,Jianhui,Bugaenko,Engineer,1989-07-17,1998-07-17
44989,Jianhui,Bugaenko,Senior Engineer,1998-07-17,9999-01-01
44995,Arne,Einsfeld,Staff,1995-11-24,9999-01-01
45007,Yoshinari,Bahr,Assistant Engineer,1991-01-19,1997-01-18
45007,Yoshinari,Bahr,Engineer,1997-01-18,9999-01-01
45017,Insup,Schach,Assistant Engineer,1991-03-17,1997-03-16
45017,Insup,Schach,Engineer,1997-03-16,9999-01-01
45028,Volkmar,Kaelbling,Engineer,1987-05-26,1993-05-25
45028,Volkmar,Kaelbling,Senior Engineer,1993-05-25,9999-01-01
45031,Yaghout,Besancenot,Staff,1998-04-17,2000-08-07
45032,Kristof,Ullian,Engineer,1993-08-13,1999-08-13
45032,Kristof,Ullian,Senior Engineer,1999-08-13,9999-01-01
45033,Sivanarayana,Bernardeschi,Engineer,1997-03-13,1997-04-19
45059,Lillian,Tagansky,Engineer,1995-01-26,2002-01-26
45059,Lillian,Tagansky,Senior Engineer,2002-01-26,9999-01-01
45068,Mariangiola,Straney,Engineer,1999-10-06,9999-01-01
45081,Phillip,Coors,Engineer,1997-09-18,9999-01-01
45132,Holgard,Tagansky,Engineer,1992-05-02,1997-05-02
45132,Holgard,Tagansky,Senior Engineer,1997-05-02,9999-01-01
45168,Shushma,Gargeya,Assistant Engineer,1988-07-06,1995-07-07
45168,Shushma,Gargeya,Engineer,1995-07-07,2002-07-07
45168,Shushma,Gargeya,Senior Engineer,2002-07-07,9999-01-01
45178,Sibyl,Bail,Engineer,1990-03-24,1995-03-24
45178,Sibyl,Bail,Senior Engineer,1995-03-24,9999-01-01
45181,Danel,Khamsi,Senior Engineer,1996-02-09,1996-03-15
45185,Rimli,Kroll,Assistant Engineer,1994-09-18,1999-09-18
45185,Rimli,Kroll,Engineer,1999-09-18,9999-01-01
45234,Giordano,Zambonelli,Senior Staff,1996-04-04,9999-01-01
45234,Giordano,Zambonelli,Staff,1990-04-06,1996-04-04
45243,Greger,Stentiford,Senior Staff,1994-01-26,9999-01-01
45243,Greger,Stentiford,Staff,1989-01-26,1994-01-26
45257,Luerbio,Benveniste,Senior Engineer,1987-10-19,9999-01-01
45259,Mingsen,Ramras,Senior Staff,1998-03-05,9999-01-01
45259,Mingsen,Ramras,Staff,1990-03-05,1998-03-05
45265,Salvador,Standera,Senior Engineer,1985-04-08,1991-05-27
45280,Nalini,Bardell,Staff,1994-09-08,9999-01-01
45294,Sailaja,Nanard,Senior Engineer,1986-05-04,9999-01-01
45302,Miquel,Demke,Staff,1995-10-05,9999-01-01
45328,Garnet,Vecchi,Senior Staff,1997-10-21,9999-01-01
45334,Gopalakrishnan,Belinskaya,Engineer,1992-10-01,1993-08-23
45372,Eckart,Sudbeck,Technique Leader,1992-06-21,1992-09-23
45405,Changho,Clemencon,Senior Staff,1996-04-15,9999-01-01
45405,Changho,Clemencon,Staff,1989-04-15,1996-04-15
45413,Hongzhu,Wixon,Engineer,1986-01-24,1993-01-24
45413,Hongzhu,Wixon,Senior Engineer,1993-01-24,2001-07-14
45414,Divier,Wissmann,Engineer,1994-10-06,9999-01-01
45454,Yolla,Zeleznik,Senior Staff,1995-02-09,9999-01-01
45486,Izaskun,Constantine,Technique Leader,1990-06-26,9999-01-01
45489,Hongzue,Zweizig,Engineer,1995-02-11,2001-02-10
45489,Hongzue,Zweizig,Senior Engineer,2001-02-10,9999-01-01
45490,Shan,Otillio,Senior Staff,1991-09-22,9999-01-01
45509,Leszek,Schreiter,Engineer,1989-06-14,1997-06-14
45509,Leszek,Schreiter,Senior Engineer,1997-06-14,9999-01-01
45587,Uinam,Puppe,Staff,1999-03-02,9999-01-01
45628,Basim,Weisert,Senior Engineer,1989-11-27,9999-01-01
45663,Stepehn,Zaumen,Staff,1994-07-15,1997-03-26
45668,Joydip,Kuszyk,Senior Staff,1986-08-27,1997-06-16
45684,Demos,Valiente,Technique Leader,1994-08-10,9999-01-01
45686,Zhaofang,Vernadat,Engineer,1997-11-27,9999-01-01
45692,Lucien,Malabarba,Staff,1997-04-30,9999-01-01
45696,Hercules,Slaats,Senior Engineer,1991-09-09,1999-10-20
45697,Stamatina,Walstra,Senior Staff,1993-02-03,9999-01-01
45697,Stamatina,Walstra,Staff,1987-02-04,1993-02-03
45761,Guozhong,Ballarin,Engineer,1994-05-26,1998-08-03
45771,Huai,Mitsuhashi,Engineer,1992-11-18,1997-11-04
45777,Guiseppe,DeMori,Engineer,1993-03-29,1998-03-29
45777,Guiseppe,DeMori,Senior Engineer,1998-03-29,9999-01-01
45784,Georg,Zaumen,Staff,2000-01-17,2002-01-20
45791,Yechezkel,Loncour,Senior Staff,2000-06-17,9999-01-01
45791,Yechezkel,Loncour,Staff,1995-06-18,2000-06-17
45822,Juichirou,Baak,Senior Engineer,1999-12-19,9999-01-01
45840,Ziya,Flanders,Senior Staff,2000-07-18,9999-01-01
45840,Ziya,Flanders,Staff,1992-07-18,2000-07-18
45849,Khue,Laurillard,Engineer,1996-02-19,2002-02-18
45849,Khue,Laurillard,Senior Engineer,2002-02-18,9999-01-01
45862,Saniya,Pietrzykowski,Senior Staff,1995-10-13,9999-01-01
45862,Saniya,Pietrzykowski,Staff,1988-10-12,1995-10-13
45866,Fei,Wynblatt,Engineer,1999-03-29,1999-05-16
45868,Youpyo,Taubman,Senior Staff,1994-10-11,9999-01-01
45869,Adil,Ozeri,Engineer,1994-04-07,1999-04-07
45869,Adil,Ozeri,Senior Engineer,1999-04-07,9999-01-01
45885,Florian,Cappelli,Senior Staff,1993-11-22,9999-01-01
45913,Karsten,Badache,Staff,1999-08-06,9999-01-01
45922,Aria,Vigier,Senior Staff,1995-04-11,1998-10-15
45922,Aria,Vigier,Staff,1987-04-11,1995-04-11
45940,Kensyu,Parfitt,Staff,1998-02-08,9999-01-01
45983,Elvia,Fontan,Senior Staff,2001-12-17,2002-05-19
45983,Elvia,Fontan,Staff,1995-12-18,2001-12-17
45994,Jouni,Morrin,Engineer,1998-07-30,9999-01-01
45999,Arie,Sigstam,Technique Leader,1995-08-23,9999-01-01
46001,Yagil,Savasere,Senior Engineer,1985-09-10,1999-09-14
46009,Kyoichi,Axelband,Assistant Engineer,1991-08-24,1996-08-23
46009,Kyoichi,Axelband,Engineer,1996-08-23,2001-08-23
46009,Kyoichi,Axelband,Senior Engineer,2001-08-23,9999-01-01
46014,Gro,Cheshire,Engineer,1991-01-24,2000-01-24
46014,Gro,Cheshire,Senior Engineer,2000-01-24,9999-01-01
46021,Ziya,Barriga,Senior Staff,1997-05-10,9999-01-01
46021,Ziya,Barriga,Staff,1991-05-11,1997-05-10
46024,Vojin,Lieblein,Engineer,1986-04-10,1994-04-10
46024,Vojin,Lieblein,Senior Engineer,1994-04-10,9999-01-01
46045,Bodo,Zhiwei,Senior Staff,1996-09-11,9999-01-01
46045,Bodo,Zhiwei,Staff,1989-09-11,1996-09-11
46046,Gou,Lowrie,Staff,1986-03-20,1992-11-01
46056,Hongzhu,Spinelli,Senior Staff,1985-10-21,9999-01-01
46064,Yongmao,Lindenbaum,Engineer,1993-02-07,2002-02-07
46064,Yongmao,Lindenbaum,Senior Engineer,2002-02-07,9999-01-01
46082,Chaitali,Shigei,Senior Staff,1985-02-15,9999-01-01
46111,Margareta,Sommen,Senior Engineer,1987-12-04,9999-01-01
46143,Yannik,Itzigehl,Engineer,1986-06-21,1994-06-21
46143,Yannik,Itzigehl,Senior Engineer,1994-06-21,9999-01-01
46144,Jessie,Range,Engineer,1985-06-22,1991-06-22
46144,Jessie,Range,Senior Engineer,1991-06-22,9999-01-01
46154,Heekeun,Baezner,Engineer,1994-01-05,2001-01-05
46154,Heekeun,Baezner,Senior Engineer,2001-01-05,9999-01-01
46169,Shrikanth,Mitina,Engineer,1997-07-03,9999-01-01
46182,Hatim,Rosca,Engineer,1995-06-17,9999-01-01
46184,Supot,Vidya,Senior Engineer,1985-08-15,9999-01-01
46185,Berhard,Quadeer,Engineer,1986-05-11,1991-05-11
46185,Berhard,Quadeer,Senior Engineer,1991-05-11,9999-01-01
46194,Khalid,Kropp,Engineer,1994-06-14,9999-01-01
46207,Bernice,Juneja,Senior Staff,2000-06-14,9999-01-01
46207,Bernice,Juneja,Staff,1995-06-15,2000-06-14
46214,Masaru,Schmittgen,Engineer,1995-10-24,1996-12-23
46220,Genta,Cusworth,Senior Staff,1997-07-18,9999-01-01
46225,Shaw,Falby,Engineer,1994-06-20,2002-06-20
46225,Shaw,Falby,Senior Engineer,2002-06-20,9999-01-01
46242,Jiakeng,Berendt,Engineer,1987-11-11,1995-11-11
46242,Jiakeng,Berendt,Senior Engineer,1995-11-11,9999-01-01
46284,Demin,Staelin,Engineer,1986-04-28,1993-04-28
46284,Demin,Staelin,Senior Engineer,1993-04-28,9999-01-01
46285,Yannik,Georgakopoulos,Engineer,1994-06-19,1999-06-19
46285,Yannik,Georgakopoulos,Senior Engineer,1999-06-19,9999-01-01
46290,Yinghua,Erie,Staff,1997-10-01,9999-01-01
46291,Hisao,Attimonelli,Engineer,1989-12-28,1998-12-28
46291,Hisao,Attimonelli,Senior Engineer,1998-12-28,2000-04-17
46296,Mani,Kemmerer,Engineer,1985-02-25,1992-02-26
46296,Mani,Kemmerer,Senior Engineer,1992-02-26,9999-01-01
46307,Jeanna,Braccini,Staff,1996-12-04,9999-01-01
46320,Kellyn,Koyama,Technique Leader,1988-07-15,1997-07-21
46336,Aiman,Suppi,Staff,1986-05-04,1990-08-08
46378,Martins,Pell,Engineer,1992-11-07,2001-11-07
46378,Martins,Pell,Senior Engineer,2001-11-07,9999-01-01
46389,Susumu,Chelton,Engineer,1989-07-12,1994-07-12
46389,Susumu,Chelton,Senior Engineer,1994-07-12,9999-01-01
46399,Foong,Radwan,Senior Engineer,1992-02-19,9999-01-01
46420,Nigel,Kropf,Technique Leader,1985-10-23,9999-01-01
46432,Manibrata,Ermel,Senior Staff,1997-11-03,9999-01-01
46432,Manibrata,Ermel,Staff,1989-11-03,1997-11-03
46435,Apostol,Matzen,Staff,1995-09-11,9999-01-01
46458,Tooru,Ozeki,Technique Leader,1989-05-02,1993-03-12
46473,Irena,Valtorta,Engineer,1996-02-10,2002-02-09
46473,Irena,Valtorta,Senior Engineer,2002-02-09,9999-01-01
46479,Achilleas,Cangellaris,Senior Staff,2000-03-31,9999-01-01
46479,Achilleas,Cangellaris,Staff,1995-04-01,2000-03-31
46486,Rance,Tiemann,Engineer,1992-10-25,2000-10-25
46486,Rance,Tiemann,Senior Engineer,2000-10-25,9999-01-01
46515,Masali,Szmurlo,Staff,1995-11-09,9999-01-01
46517,Tonia,Perly,Senior Engineer,1999-02-07,9999-01-01
46524,Geoffrey,Provine,Staff,1999-04-23,9999-01-01
46540,Uli,Fendler,Engineer,1998-12-02,9999-01-01
46544,Yucai,Milicia,Senior Staff,1998-05-18,9999-01-01
46544,Yucai,Milicia,Staff,1991-05-18,1998-05-18
46545,Remko,Cummings,Staff,1987-12-19,1988-05-24
46555,Djelloul,Jiafu,Senior Staff,2002-07-02,9999-01-01
46555,Djelloul,Jiafu,Staff,1994-07-02,2002-07-02
46558,Kokou,Polajnar,Engineer,1997-05-08,9999-01-01
46559,Serge,Bahi,Engineer,1998-05-05,9999-01-01
46564,Emdad,Pews,Engineer,1986-03-26,1992-03-25
46564,Emdad,Pews,Senior Engineer,1992-03-25,1994-04-25
46572,Rimli,Uchoa,Technique Leader,1999-09-10,9999-01-01
46594,Sadegh,Chimia,Senior Staff,1997-02-20,9999-01-01
46599,Eckart,Kilgour,Engineer,1994-11-30,1999-11-30
46599,Eckart,Kilgour,Senior Engineer,1999-11-30,2000-11-10
46600,Christ,Binkley,Engineer,1996-11-20,9999-01-01
46624,Kwangho,Pauthner,Assistant Engineer,1998-02-21,2000-03-23
46652,Yishai,Radhakrishnan,Engineer,1995-07-19,2002-07-19
46652,Yishai,Radhakrishnan,Senior Engineer,2002-07-19,9999-01-01
46658,Unal,Binding,Senior Staff,1986-06-02,1988-01-27
46694,Matk,Aingworth,Senior Staff,1988-08-29,9999-01-01
46744,Jacqueline,Cannane,Staff,1997-06-17,9999-01-01
46769,Heejo,Pero,Senior Staff,1997-06-06,9999-01-01
46769,Heejo,Pero,Staff,1989-06-06,1997-06-06
46793,Heather,Pintelas,Senior Staff,2000-06-14,9999-01-01
46793,Heather,Pintelas,Staff,1992-06-14,2000-06-14
46802,Aamer,Peral,Senior Staff,1994-11-24,1997-05-09
46825,Freyja,Clemencon,Senior Engineer,1992-05-06,9999-01-01
46827,Sachin,Talmon,Senior Staff,1997-05-28,9999-01-01
46827,Sachin,Talmon,Staff,1988-05-28,1997-05-28
46835,Djenana,Birta,Staff,1996-12-15,9999-01-01
46836,Xinyu,Kowalchuk,Senior Staff,1994-03-18,9999-01-01
46836,Xinyu,Kowalchuk,Staff,1989-03-18,1994-03-18
46868,Roselyn,Warwick,Senior Staff,1999-09-04,9999-01-01
46876,Remmert,Gargeya,Technique Leader,1998-11-19,1999-04-06
46923,Tesuya,Cichocki,Engineer,1992-02-05,2000-02-05
46923,Tesuya,Cichocki,Senior Engineer,2000-02-05,9999-01-01
46944,Jackson,Kranzdorf,Assistant Engineer,1997-11-22,9999-01-01
46950,Yechiam,Erdmenger,Senior Staff,1999-06-25,9999-01-01
46950,Yechiam,Erdmenger,Staff,1990-06-25,1999-06-25
46962,Gully,Furudate,Senior Engineer,1987-07-11,9999-01-01
46969,Shigeichiro,Kampfer,Senior Staff,1995-11-26,9999-01-01
46969,Shigeichiro,Kampfer,Staff,1988-11-25,1995-11-26
46971,Guttorm,Thorelli,Senior Staff,1998-06-17,1998-11-14
46987,Mostafa,Lupu,Senior Engineer,1998-11-14,9999-01-01
47002,King,Nannarelli,Engineer,1985-07-28,1994-07-28
47002,King,Nannarelli,Senior Engineer,1994-07-28,9999-01-01
47076,Cordelia,Legleitner,Engineer,1996-05-31,2001-05-31
47076,Cordelia,Legleitner,Senior Engineer,2001-05-31,9999-01-01
47091,Mostafa,Nollmann,Senior Engineer,1991-05-24,9999-01-01
47108,Christoper,Taneja,Engineer,1990-12-21,1991-10-31
47112,Randi,Sullins,Senior Staff,1998-03-21,9999-01-01
47112,Randi,Sullins,Staff,1991-03-21,1998-03-21
47113,Xumin,Kumaresan,Engineer,1998-04-06,1999-03-25
47121,Mong,Hiyoshi,Senior Staff,1999-05-21,9999-01-01
47121,Mong,Hiyoshi,Staff,1994-05-21,1999-05-21
47141,Shuho,Kornatzky,Staff,1989-01-16,1989-01-16
47147,Avishai,Brodie,Engineer,1986-05-10,1992-05-09
47147,Avishai,Brodie,Senior Engineer,1992-05-09,9999-01-01
47151,Isamu,Osgood,Senior Engineer,1999-08-14,9999-01-01
47152,Gererd,Thiran,Senior Staff,1995-08-19,9999-01-01
47152,Gererd,Thiran,Staff,1988-08-18,1995-08-19
47172,IEEE,Raney,Engineer,1998-01-18,9999-01-01
47184,Weiyi,Bael,Senior Staff,1992-11-02,9999-01-01
47184,Weiyi,Bael,Staff,1985-11-02,1992-11-02
47209,Almudena,Kamber,Senior Staff,1990-05-20,9999-01-01
47223,Aluzio,Lemarechal,Senior Staff,1995-04-16,9999-01-01
47223,Aluzio,Lemarechal,Staff,1989-04-16,1995-04-16
47248,Jianhui,Muhling,Engineer,1990-02-12,1991-01-01
47256,Takahiro,DuBourdieux,Staff,1999-09-18,9999-01-01
47268,Yechiam,Spelt,Senior Staff,1997-10-01,1998-12-14
47269,Radhia,Klassen,Assistant Engineer,1987-10-06,1995-10-06
47269,Radhia,Klassen,Engineer,1995-10-06,9999-01-01
47276,Khoa,Bauknecht,Engineer,1988-03-11,1994-03-11
47276,Khoa,Bauknecht,Senior Engineer,1994-03-11,9999-01-01
47289,Krisda,Crelier,Engineer,1985-05-06,1992-05-06
47289,Krisda,Crelier,Senior Engineer,1992-05-06,9999-01-01
47297,Bedrich,Wuwongse,Engineer,1995-09-14,2001-09-13
47297,Bedrich,Wuwongse,Senior Engineer,2001-09-13,9999-01-01
47302,Vugranam,Waterhouse,Senior Staff,1990-09-29,9999-01-01
47302,Vugranam,Waterhouse,Staff,1985-09-29,1990-09-29
47307,Padma,Hinsberger,Senior Staff,2001-02-14,9999-01-01
47307,Padma,Hinsberger,Staff,1994-02-14,2001-02-14
47310,Karoline,Kropatsch,Technique Leader,1993-02-25,1995-01-01
47326,Suzette,Gyimothy,Engineer,1987-05-06,1996-05-05
47326,Suzette,Gyimothy,Senior Engineer,1996-05-05,9999-01-01
47333,Kwangyoen,Brattka,Engineer,2000-01-12,9999-01-01
47334,Gaurav,Heping,Engineer,1986-02-23,1991-02-23
47334,Gaurav,Heping,Senior Engineer,1991-02-23,9999-01-01
47357,Jagoda,Grabner,Engineer,1998-12-03,9999-01-01
47360,Billie,Falco,Engineer,1992-02-22,1998-02-21
47360,Billie,Falco,Senior Engineer,1998-02-21,9999-01-01
47363,Guoxiang,Sigstam,Engineer,1988-10-03,1993-10-03
47363,Guoxiang,Sigstam,Senior Engineer,1993-10-03,9999-01-01
47375,Sadok,Chorvat,Engineer,1994-03-11,1999-03-11
47375,Sadok,Chorvat,Senior Engineer,1999-03-11,9999-01-01
47378,Christ,Jeansoulin,Senior Engineer,1991-07-27,9999-01-01
47380,Lein,Schmittgen,Staff,1998-04-23,9999-01-01
47388,Leah,Rossi,Senior Staff,1999-06-22,9999-01-01
47388,Leah,Rossi,Staff,1992-06-21,1999-06-22
47400,Kristin,Heystek,Engineer,1994-12-11,1998-01-02
47413,Nirmal,Comyn,Senior Staff,1992-05-10,9999-01-01
47413,Nirmal,Comyn,Staff,1986-05-11,1992-05-10
47421,Phuoc,Khalid,Engineer,1995-01-28,9999-01-01
47427,Divier,Gerteisen,Staff,1993-02-05,1994-01-02
47433,Kazuhira,Rosen,Staff,1995-07-31,1996-11-08
47460,Hitofumi,Kieras,Engineer,1994-04-12,1999-04-12
47460,Hitofumi,Kieras,Senior Engineer,1999-04-12,9999-01-01
47465,Mayuri,Kirkerud,Senior Engineer,1999-02-19,2002-07-14
47475,Hiroyasu,Pehl,Senior Staff,1993-02-09,9999-01-01
47475,Hiroyasu,Pehl,Staff,1985-02-09,1993-02-09
47520,Jiong,Munck,Engineer,1993-03-30,2002-03-30
47520,Jiong,Munck,Senior Engineer,2002-03-30,9999-01-01
47521,Denny,Srimani,Engineer,1989-12-01,1991-08-18
47525,Luigi,Ellozy,Technique Leader,1986-07-18,1988-09-30
47527,Honesty,Swan,Engineer,1993-08-24,2001-05-27
47528,Kazuhisa,Baumann,Technique Leader,1997-04-03,9999-01-01
47549,Rasiah,Krupka,Senior Engineer,1987-10-24,9999-01-01
47555,Hiroyasu,Quittner,Staff,1998-04-20,9999-01-01
47570,Alexius,Boudaillier,Senior Staff,1997-09-12,2000-04-28
47570,Alexius,Boudaillier,Staff,1988-09-12,1997-09-12
47579,Dhritiman,Undy,Engineer,1990-05-30,1995-05-30
47579,Dhritiman,Undy,Senior Engineer,1995-05-30,2000-08-23
47591,Rildo,Cummings,Engineer,1991-05-26,2000-05-25
47591,Rildo,Cummings,Senior Engineer,2000-05-25,9999-01-01
47608,Aloke,Steinauer,Senior Staff,1999-11-20,9999-01-01
47608,Aloke,Steinauer,Staff,1993-11-20,1999-11-20
47629,Shahab,Stiles,Staff,1989-12-29,1994-01-29
47633,Mabhin,Jiafu,Staff,1996-02-10,1999-01-21
47643,JoAnne,Ramaiah,Engineer,1992-06-04,1998-06-04
47643,JoAnne,Ramaiah,Senior Engineer,1998-06-04,9999-01-01
47649,Toshimori,Zlotek,Senior Staff,1997-05-03,2000-11-28
47659,Kazuhiko,Tagansky,Engineer,1993-03-26,1999-03-26
47659,Kazuhiko,Tagansky,Senior Engineer,1999-03-26,9999-01-01
47673,Shuzo,Wiegley,Technique Leader,1998-12-21,9999-01-01
47682,Stepehn,Mullainathan,Engineer,1995-11-24,2000-08-23
47701,Rosalyn,Mapelli,Engineer,1993-06-02,2000-06-02
47701,Rosalyn,Mapelli,Senior Engineer,2000-06-02,9999-01-01
47721,Boalin,Milicia,Senior Staff,1986-12-03,9999-01-01
47749,Filipp,Radivojevic,Engineer,1999-04-15,9999-01-01
47751,Dharmaraja,Larfeldt,Senior Staff,1991-04-02,1996-09-13
47762,Abdelwaheb,Marchegay,Engineer,1992-01-06,1999-01-06
47762,Abdelwaheb,Marchegay,Senior Engineer,1999-01-06,9999-01-01
47784,Tadanori,Fasbender,Engineer,1989-07-18,1997-07-18
47784,Tadanori,Fasbender,Senior Engineer,1997-07-18,9999-01-01
47789,Slavian,Simkin,Assistant Engineer,1992-06-17,2000-06-17
47789,Slavian,Simkin,Engineer,2000-06-17,9999-01-01
47860,Shim,Oppitz,Engineer,1997-08-27,9999-01-01
47880,Van,Rousseau,Senior Engineer,1995-11-20,9999-01-01
47884,Richard,Kavraki,Assistant Engineer,1994-08-29,2001-08-29
47884,Richard,Kavraki,Engineer,2001-08-29,9999-01-01
47888,Chenye,Dayang,Staff,1993-06-25,1999-05-11
47891,Denis,Rodiger,Technique Leader,1995-07-17,9999-01-01
47898,Duri,Mahnke,Engineer,1992-02-09,2000-02-09
47898,Duri,Mahnke,Senior Engineer,2000-02-09,9999-01-01
47908,Khalil,Bolsens,Engineer,1989-09-16,1994-09-16
47908,Khalil,Bolsens,Senior Engineer,1994-09-16,9999-01-01
47916,Kamran,Azulay,Senior Staff,2001-01-16,9999-01-01
47916,Kamran,Azulay,Staff,1994-01-16,2001-01-16
47927,Tooru,Gladwell,Engineer,1990-05-15,1996-01-15
47939,Zsolt,Bultermann,Senior Staff,2001-05-26,9999-01-01
47939,Zsolt,Bultermann,Staff,1993-05-26,2001-05-26
47951,Marek,Roisin,Staff,1995-09-08,9999-01-01
47966,Masasuke,Auyong,Assistant Engineer,1990-11-24,1995-11-24
47966,Masasuke,Auyong,Engineer,1995-11-24,2000-11-23
47966,Masasuke,Auyong,Senior Engineer,2000-11-23,9999-01-01
47967,Kousuke,Guardalben,Staff,1995-07-12,1998-12-19
47978,Xiahua,Whitcomb,Senior Staff,1985-07-18,9999-01-01
47979,Armond,Seghrouchni,Engineer,1996-06-21,2001-06-21
47979,Armond,Seghrouchni,Senior Engineer,2001-06-21,9999-01-01
48000,Arun,Scallan,Senior Staff,1993-01-31,9999-01-01
48007,Chinhyun,Jording,Senior Engineer,1986-03-12,9999-01-01
48014,Jordanka,Chorvat,Engineer,1996-10-07,1999-10-06
48038,Duri,Sigstam,Senior Engineer,1988-02-20,9999-01-01
48040,Branimir,Tasistro,Engineer,1999-12-24,9999-01-01
48056,Yifei,Schieder,Senior Engineer,1997-06-05,2002-07-29
48061,Jaideep,Schlenzig,Senior Staff,1987-02-08,9999-01-01
48064,Navid,Georgatos,Senior Staff,1999-08-01,9999-01-01
48064,Navid,Georgatos,Staff,1991-08-01,1999-08-01
48086,Xudong,Chandrasekhar,Engineer,1993-11-10,9999-01-01
48096,Mori,Hockney,Engineer,1989-09-06,1995-09-06
48096,Mori,Hockney,Senior Engineer,1995-09-06,9999-01-01
48104,Gennady,Peac,Senior Staff,1993-05-07,2001-10-04
48104,Gennady,Peac,Staff,1988-05-07,1993-05-07
48125,Bowen,Mitzlaff,Senior Engineer,1987-11-13,9999-01-01
48147,Valeska,Potthoff,Senior Engineer,1990-01-19,9999-01-01
48155,Sachar,Riesenhuber,Staff,1998-02-26,9999-01-01
48159,Divier,Czap,Engineer,1993-08-08,2000-08-08
48159,Divier,Czap,Senior Engineer,2000-08-08,9999-01-01
48170,Lorien,Luon,Senior Engineer,1999-12-23,9999-01-01
48174,Oldrich,Sinitsyn,Engineer,1997-04-22,1997-07-11
48178,Radhakrishnan,Snedden,Staff,1999-12-10,2000-12-23
48182,Anneke,Jansen,Engineer,1985-10-20,1991-10-20
48182,Anneke,Jansen,Senior Engineer,1991-10-20,1992-03-18
48184,Krister,Zyda,Technique Leader,1997-04-22,9999-01-01
48188,Kellyn,Khalid,Senior Staff,1997-01-29,9999-01-01
48188,Kellyn,Khalid,Staff,1990-01-29,1997-01-29
48211,Xumin,Manderick,Engineer,1999-03-10,9999-01-01
48229,Visit,Sidou,Engineer,1998-07-23,9999-01-01
48231,Demin,Heering,Assistant Engineer,1988-10-16,1993-10-16
48231,Demin,Heering,Engineer,1993-10-16,1998-10-16
48231,Demin,Heering,Senior Engineer,1998-10-16,9999-01-01
48297,Breannda,Birge,Engineer,1990-01-02,1995-01-02
48297,Breannda,Birge,Senior Engineer,1995-01-02,9999-01-01
48310,Yechiam,Bierman,Staff,1999-03-21,9999-01-01
48349,Toong,Bultermann,Staff,1998-05-05,9999-01-01
48356,Alenka,Pfau,Senior Engineer,1987-09-15,9999-01-01
48357,Doowon,Masada,Engineer,1989-08-09,1995-08-09
48357,Doowon,Masada,Senior Engineer,1995-08-09,9999-01-01
48378,Moty,McFarlin,Senior Staff,1994-03-22,9999-01-01
48394,Jianhua,Siegrist,Senior Staff,1998-02-11,9999-01-01
48394,Jianhua,Siegrist,Staff,1992-02-12,1998-02-11
48402,Pascal,Imataki,Engineer,1996-06-17,1996-08-09
48410,Macha,Saoudi,Staff,1997-03-26,9999-01-01
48434,Valter,Zykh,Senior Engineer,1999-03-24,9999-01-01
48450,Noritoshi,Karnin,Engineer,1999-08-05,9999-01-01
48496,Susuma,Antonisse,Engineer,1997-06-12,9999-01-01
48509,Denny,Dehkordi,Senior Engineer,1989-01-14,1990-02-28
48515,Arvin,Marchesini,Assistant Engineer,1991-02-08,1996-02-08
48515,Arvin,Marchesini,Engineer,1996-02-08,2001-02-07
48515,Arvin,Marchesini,Senior Engineer,2001-02-07,9999-01-01
48536,Stabislas,Ouhyoung,Senior Staff,1993-09-26,9999-01-01
48536,Stabislas,Ouhyoung,Staff,1985-09-26,1993-09-26
48555,Wonhee,Herber,Staff,1998-07-05,9999-01-01
48560,Khun,Bierbaum,Senior Staff,1996-01-13,9999-01-01
48573,Wojceich,Trelles,Senior Staff,1996-09-08,9999-01-01
48573,Wojceich,Trelles,Staff,1988-09-08,1996-09-08
48596,Peternela,Barinka,Senior Staff,1994-12-26,9999-01-01
48600,Candida,McAlpine,Staff,1997-10-17,2002-06-07
48607,Phuoc,Mikschl,Senior Staff,2002-07-01,9999-01-01
48607,Phuoc,Mikschl,Staff,1993-07-01,2002-07-01
48608,Gal,Koprowski,Engineer,1987-12-27,1996-12-26
48608,Gal,Koprowski,Senior Engineer,1996-12-26,9999-01-01
48610,Sanjit,Gill,Engineer,1999-12-28,2001-02-17
48612,Atreyi,Biran,Engineer,1990-04-27,1998-04-27
48612,Atreyi,Biran,Senior Engineer,1998-04-27,9999-01-01
48615,Akemi,Danecki,Senior Staff,1999-02-23,9999-01-01
48622,Shahab,Kossowski,Engineer,1997-12-21,9999-01-01
48647,Khatoun,Bergere,Senior Staff,2000-04-07,9999-01-01
48647,Khatoun,Bergere,Staff,1995-04-08,2000-04-07
48664,Steve,Vickson,Staff,1995-07-19,9999-01-01
48665,Fayez,Schaad,Engineer,1994-09-26,2000-09-25
48665,Fayez,Schaad,Senior Engineer,2000-09-25,9999-01-01
48712,Elvia,Anido,Senior Engineer,1998-09-11,1999-01-03
48721,Mayumi,Gustavson,Senior Engineer,1986-09-17,9999-01-01
48748,Mooi,Kalafatis,Senior Staff,2002-07-11,9999-01-01
48748,Mooi,Kalafatis,Staff,1993-07-11,2002-07-11
48750,Lakshmi,Sidou,Engineer,1986-09-12,1992-09-11
48750,Lakshmi,Sidou,Senior Engineer,1992-09-11,9999-01-01
48764,Subbu,Pellegrinelli,Staff,1997-08-10,9999-01-01
48773,Mikhail,Felder,Senior Engineer,1991-06-25,1993-09-18
48774,Kish,Varman,Senior Engineer,1990-04-17,9999-01-01
48788,Zejun,Percebois,Senior Staff,1996-08-31,9999-01-01
48805,Shunichi,Schach,Engineer,1996-03-10,2002-03-10
48805,Shunichi,Schach,Senior Engineer,2002-03-10,9999-01-01
48842,Manu,Gischer,Staff,1996-10-07,9999-01-01
48853,Danae,Vecchio,Staff,1998-09-14,9999-01-01
48855,Elgin,Rossi,Senior Staff,1999-06-15,9999-01-01
48855,Elgin,Rossi,Staff,1993-06-15,1999-06-15
48865,Shigeo,Debuse,Engineer,1995-05-07,2001-05-06
48865,Shigeo,Debuse,Senior Engineer,2001-05-06,9999-01-01
48867,Akeno,Kaelbling,Senior Engineer,1985-03-15,9999-01-01
48916,Christoper,Rahimi,Engineer,1990-09-01,1998-09-01
48916,Christoper,Rahimi,Senior Engineer,1998-09-01,9999-01-01
49006,Ashish,Rosay,Senior Staff,2001-05-29,9999-01-01
49006,Ashish,Rosay,Staff,1992-05-29,2001-05-29
49012,Marla,Bakhtari,Senior Staff,1994-09-28,9999-01-01
49012,Marla,Bakhtari,Staff,1987-09-28,1994-09-28
49032,Arnd,Giarratana,Senior Engineer,1994-07-08,9999-01-01
49037,Sumant,Merlo,Engineer,1991-07-24,1997-07-23
49037,Sumant,Merlo,Senior Engineer,1997-07-23,9999-01-01
49039,Mountaz,Huttel,Senior Staff,1995-10-11,9999-01-01
49039,Mountaz,Huttel,Staff,1986-10-11,1995-10-11
49064,Roddy,Kossowski,Senior Staff,1997-06-03,9999-01-01
49064,Roddy,Kossowski,Staff,1992-06-03,1997-06-03
49074,Jacqueline,Escriba,Senior Staff,1989-01-05,9999-01-01
49085,Isaac,Mitchem,Senior Staff,1998-10-23,9999-01-01
49085,Isaac,Mitchem,Staff,1993-10-23,1998-10-23
49089,Alain,Eastman,Senior Staff,1993-09-13,9999-01-01
49089,Alain,Eastman,Staff,1988-09-13,1993-09-13
49094,Lihong,Jiang,Staff,1998-08-09,9999-01-01
49118,Mitsuyuki,Kitsuregawa,Engineer,1989-09-03,1995-09-03
49118,Mitsuyuki,Kitsuregawa,Senior Engineer,1995-09-03,9999-01-01
49120,Aamod,Gire,Engineer,1989-11-03,1996-11-03
49120,Aamod,Gire,Senior Engineer,1996-11-03,1998-08-13
49135,Bedrich,Jenevein,Engineer,1991-06-18,1996-06-17
49135,Bedrich,Jenevein,Senior Engineer,1996-06-17,9999-01-01
49193,Radhika,Armand,Engineer,1997-01-01,1999-10-07
49201,Wonhee,Yurek,Senior Staff,1995-09-12,9999-01-01
49201,Wonhee,Yurek,Staff,1987-09-12,1995-09-12
49203,Vasilii,Billawala,Senior Staff,1987-01-19,9999-01-01
49215,Tomofumi,Brandsma,Staff,1997-05-14,9999-01-01
49243,Doowon,Krohn,Senior Staff,1991-06-12,9999-01-01
49243,Doowon,Krohn,Staff,1985-06-12,1991-06-12
49254,Leah,Coors,Engineer,1989-06-18,1995-06-18
49254,Leah,Coors,Senior Engineer,1995-06-18,9999-01-01
49259,Gina,Remmers,Senior Engineer,1999-11-04,9999-01-01
49288,Shigehiro,Riesenhuber,Engineer,1995-07-12,2000-07-11
49288,Shigehiro,Riesenhuber,Senior Engineer,2000-07-11,9999-01-01
49311,Hatsukazu,Peron,Engineer,1992-07-03,1998-07-03
49311,Hatsukazu,Peron,Senior Engineer,1998-07-03,9999-01-01
49323,Yuqun,Takkinen,Engineer,1991-11-24,1996-11-23
49323,Yuqun,Takkinen,Senior Engineer,1996-11-23,9999-01-01
49336,Ebru,Diderrich,Engineer,1995-07-20,9999-01-01
49360,Paris,Vakili,Engineer,1988-04-16,1993-04-16
49360,Paris,Vakili,Senior Engineer,1993-04-16,9999-01-01
49364,Khalil,Openshaw,Senior Staff,1991-01-06,1992-10-17
49372,Domenick,Zschoche,Senior Staff,1998-11-03,9999-01-01
49372,Domenick,Zschoche,Staff,1990-11-03,1998-11-03
49405,Gila,Birge,Senior Staff,2002-04-28,9999-01-01
49405,Gila,Birge,Staff,1996-04-28,2002-04-28
49415,Shigeu,Poupard,Senior Staff,1990-03-11,9999-01-01
49443,Rance,McDermid,Engineer,1985-11-23,1994-11-23
49443,Rance,McDermid,Senior Engineer,1994-11-23,9999-01-01
49446,Hitofumi,Raczkowsky,Technique Leader,1993-02-14,9999-01-01
49447,Gianluca,Wallrath,Engineer,1990-01-01,1993-10-28
49452,Gill,Shobatake,Senior Staff,1996-07-03,9999-01-01
49452,Gill,Shobatake,Staff,1990-07-04,1996-07-03
49475,Ranga,Slobodova,Staff,1997-03-28,9999-01-01
49481,Bogdan,Pouyioutas,Senior Staff,1997-03-11,9999-01-01
49481,Bogdan,Pouyioutas,Staff,1988-03-11,1997-03-11
49487,Hatim,Cunliffe,Senior Staff,1997-03-08,9999-01-01
49489,Clyde,Bade,Engineer,1997-06-03,9999-01-01
49523,Garnik,Heuser,Senior Staff,2001-10-09,9999-01-01
49523,Garnik,Heuser,Staff,1996-10-09,2001-10-09
49539,Douadi,Menyhert,Engineer,1995-03-10,9999-01-01
49543,Evgueni,Chachaty,Engineer,1985-05-18,1992-05-18
49543,Evgueni,Chachaty,Senior Engineer,1992-05-18,9999-01-01
49563,Patricia,Gulla,Assistant Engineer,1985-09-02,1992-09-02
49563,Patricia,Gulla,Engineer,1992-09-02,1995-06-15
49567,Alexius,Mundy,Engineer,1995-08-06,2000-08-05
49567,Alexius,Mundy,Senior Engineer,2000-08-05,9999-01-01
49569,Jinya,Levergood,Senior Staff,1985-08-13,1987-06-21
49591,Apostol,Miculan,Senior Staff,1992-07-20,9999-01-01
49603,Qingxiang,Schmezko,Staff,2000-01-04,9999-01-01
49609,Palash,Dalphin,Senior Engineer,1988-05-06,9999-01-01
49611,Shai,Delgrange,Staff,1985-10-05,1987-09-01
49615,Ennio,McAffer,Senior Staff,1997-09-02,9999-01-01
49615,Ennio,McAffer,Staff,1991-09-03,1997-09-02
49631,Huan,Furudate,Engineer,1999-02-01,9999-01-01
49645,Heon,Passino,Engineer,1996-05-20,1997-05-29
49649,Valery,Viele,Engineer,1992-08-24,2001-08-24
49649,Valery,Viele,Senior Engineer,2001-08-24,9999-01-01
49658,Hirochika,Garnick,Senior Staff,1999-12-03,9999-01-01
49677,Ranan,Luga,Senior Staff,2000-07-29,2002-07-05
49677,Ranan,Luga,Staff,1991-07-30,2000-07-29
49683,Mizuhito,Janocha,Engineer,1992-11-08,1998-11-08
49683,Mizuhito,Janocha,Senior Engineer,1998-11-08,1999-11-02
49738,Kiyomitsu,Lammel,Engineer,1991-03-09,2000-03-08
49738,Kiyomitsu,Lammel,Senior Engineer,2000-03-08,9999-01-01
49744,Narain,Thimonier,Technique Leader,1989-12-02,2001-11-04
49759,Arvind,Miake,Engineer,1995-07-25,2002-07-25
49759,Arvind,Miake,Senior Engineer,2002-07-25,9999-01-01
49760,Kristen,Munch,Assistant Engineer,1987-09-09,1992-09-08
49760,Kristen,Munch,Engineer,1992-09-08,1997-09-08
49760,Kristen,Munch,Senior Engineer,1997-09-08,9999-01-01
49764,Magdalena,Munos,Staff,1993-05-17,1994-12-13
49765,Vasiliy,Lorho,Assistant Engineer,1999-09-16,9999-01-01
49773,Chaoyi,Demizu,Engineer,1996-08-25,9999-01-01
49780,Ayakannu,Vendrig,Senior Staff,1995-02-16,9999-01-01
49780,Ayakannu,Vendrig,Staff,1988-02-16,1995-02-16
49782,Barna,Milicia,Senior Staff,2000-04-27,9999-01-01
49782,Barna,Milicia,Staff,1991-04-28,2000-04-27
49797,Kristof,Ariola,Engineer,1989-08-29,1995-08-29
49797,Kristof,Ariola,Senior Engineer,1995-08-29,9999-01-01
49851,Gunilla,Carrere,Senior Staff,1991-01-28,1997-01-13
49879,Hugo,Walstra,Engineer,1986-03-03,1991-03-03
49879,Hugo,Walstra,Senior Engineer,1991-03-03,9999-01-01
49913,Sudhanshu,Krogh,Senior Staff,1999-04-27,9999-01-01
49913,Sudhanshu,Krogh,Staff,1990-04-27,1999-04-27
49929,Jeong,Khalil,Assistant Engineer,1989-05-13,1994-05-13
49929,Jeong,Khalil,Engineer,1994-05-13,1999-05-13
49929,Jeong,Khalil,Senior Engineer,1999-05-13,9999-01-01
49935,Mayuko,Hartvigsen,Engineer,1992-10-15,1998-10-15
49935,Mayuko,Hartvigsen,Senior Engineer,1998-10-15,9999-01-01
49956,Ung,Kalloufi,Technique Leader,1985-11-06,9999-01-01
49970,Prodip,Bultermann,Engineer,1991-06-29,2000-06-28
49970,Prodip,Bultermann,Senior Engineer,2000-06-28,9999-01-01
49990,Christoph,Gyimothy,Engineer,1998-12-27,2000-11-08
49995,Uri,Perin,Engineer,1987-08-31,1992-08-30
49995,Uri,Perin,Senior Engineer,1992-08-30,9999-01-01
50000,Nakhoon,Mandelberg,Engineer,1994-02-20,1999-02-20
50000,Nakhoon,Mandelberg,Senior Engineer,1999-02-20,9999-01-01
50008,Mantis,Tyugu,Engineer,1994-09-01,1999-09-01
50008,Mantis,Tyugu,Senior Engineer,1999-09-01,9999-01-01
50023,Aksel,Shinomoto,Senior Engineer,1987-11-15,9999-01-01
50032,Sudharsan,Anily,Engineer,1996-07-26,2001-07-30
50035,Tzvetan,Lupu,Senior Staff,1993-10-21,9999-01-01
50035,Tzvetan,Lupu,Staff,1987-10-22,1993-10-21
50049,Vasiliy,Rahimi,Senior Engineer,1993-04-29,9999-01-01
50050,Nectarios,Kalloufi,Technique Leader,1996-08-12,9999-01-01
50066,Fayez,Vandervoorde,Senior Engineer,1998-11-24,9999-01-01
50070,Anneke,Schlumberger,Senior Staff,1998-02-17,9999-01-01
50070,Anneke,Schlumberger,Staff,1992-02-18,1998-02-17
50082,Mabhin,Tsukuda,Senior Staff,1985-07-15,9999-01-01
50086,Jolita,Dechter,Staff,1998-04-12,2001-06-02
50097,Mamdouh,Angiulli,Engineer,1998-04-18,9999-01-01
50105,Conor,Coors,Engineer,1999-01-14,9999-01-01
50120,Mingsen,Parveen,Senior Staff,1999-12-23,9999-01-01
50124,Yinlin,Zultner,Engineer,1992-10-25,1998-10-25
50124,Yinlin,Zultner,Senior Engineer,1998-10-25,9999-01-01
50143,Domenick,Tokunaga,Engineer,1996-10-26,1999-08-09
50146,Premsyl,Panienski,Engineer,1995-06-14,9999-01-01
50160,Danny,Begiun,Engineer,1997-04-03,2000-02-26
50180,Rafols,Gecsei,Senior Staff,2000-01-26,9999-01-01
50180,Rafols,Gecsei,Staff,1991-01-26,2000-01-26
50181,Jagoda,Ratnaker,Assistant Engineer,1994-12-03,1998-06-18
50184,Samphel,Cesareni,Senior Engineer,1990-12-10,9999-01-01
50193,Chenyi,Babb,Senior Staff,1987-11-20,9999-01-01
50196,Samphel,Ferretti,Engineer,1993-03-07,1997-09-08
50216,Mingsen,Hagimont,Senior Staff,2000-05-07,9999-01-01
50216,Mingsen,Hagimont,Staff,1995-05-08,2000-05-07
50219,Sadok,Koblitz,Senior Staff,1994-08-08,9999-01-01
50219,Sadok,Koblitz,Staff,1986-08-08,1994-08-08
50222,Stein,Juneja,Engineer,1990-10-23,1995-10-23
50222,Stein,Juneja,Senior Engineer,1995-10-23,9999-01-01
50249,Lech,Coorg,Engineer,1998-10-24,9999-01-01
50283,Nadjib,Ginneken,Engineer,1989-12-29,1994-12-29
50283,Nadjib,Ginneken,Senior Engineer,1994-12-29,9999-01-01
50317,Boalin,Siksek,Senior Engineer,1992-08-25,9999-01-01
50328,Oddvar,Rikino,Engineer,1988-06-15,1995-06-16
50328,Oddvar,Rikino,Senior Engineer,1995-06-16,9999-01-01
50347,Manohar,Smeets,Staff,1995-03-23,2001-08-12
50402,Hideo,Neimat,Engineer,1990-02-23,1996-02-23
50402,Hideo,Neimat,Senior Engineer,1996-02-23,9999-01-01
50412,Marsha,Berztiss,Staff,1995-01-10,1995-09-06
50425,Steen,Yoshizawa,Senior Staff,1999-08-28,9999-01-01
50425,Steen,Yoshizawa,Staff,1991-08-28,1999-08-28
50459,Alois,Marquardt,Engineer,1994-05-30,2001-05-30
50459,Alois,Marquardt,Senior Engineer,2001-05-30,9999-01-01
50461,Susuma,Wegerle,Staff,1998-03-03,2001-02-27
50468,Vishv,Kragelund,Engineer,1999-10-23,9999-01-01
50473,Toshimo,Gini,Senior Engineer,1992-04-03,9999-01-01
50480,Subhankar,Billingsley,Senior Staff,1996-04-05,9999-01-01
50480,Subhankar,Billingsley,Staff,1991-04-06,1996-04-05
50481,Danel,Kobuchi,Engineer,1985-04-03,1990-04-03
50481,Danel,Kobuchi,Senior Engineer,1990-04-03,9999-01-01
50500,Aiman,Beidas,Senior Staff,1996-08-27,9999-01-01
50500,Aiman,Beidas,Staff,1991-08-28,1996-08-27
50502,Sadegh,Ramamoorthy,Staff,1990-11-28,1993-05-03
50511,Chiradeep,Tchuente,Staff,1986-06-17,1994-07-18
50550,Raimond,Sewelson,Engineer,1994-12-04,1999-12-04
50550,Raimond,Sewelson,Senior Engineer,1999-12-04,9999-01-01
50552,Arunachalam,Marchegay,Senior Engineer,1994-08-13,9999-01-01
50559,Krister,McClure,Engineer,1997-04-25,9999-01-01
50568,Weiru,Ulupinar,Engineer,1993-10-26,2000-10-26
50568,Weiru,Ulupinar,Senior Engineer,2000-10-26,2001-01-25
50601,LiMin,Uhrik,Engineer,1986-08-06,1992-08-05
50601,LiMin,Uhrik,Senior Engineer,1992-08-05,9999-01-01
50617,Dzung,Schaap,Engineer,2000-01-02,9999-01-01
50628,Gretta,Joslin,Engineer,1992-12-29,1999-12-30
50628,Gretta,Joslin,Senior Engineer,1999-12-30,9999-01-01
50638,Hatim,Prochazka,Engineer,1985-06-21,1994-06-21
50638,Hatim,Prochazka,Senior Engineer,1994-06-21,9999-01-01
50665,Vishwani,Hatcliff,Engineer,1986-02-19,1995-02-19
50665,Vishwani,Hatcliff,Senior Engineer,1995-02-19,9999-01-01
50685,Jackson,Beausoleil,Staff,1989-02-17,1992-06-12
50698,Shalesh,Taubman,Senior Engineer,1991-09-29,9999-01-01
50700,Souichi,Berendt,Staff,1996-07-25,2001-10-18
50723,Geraldo,Leijenhorst,Senior Staff,1999-04-24,9999-01-01
50723,Geraldo,Leijenhorst,Staff,1991-04-24,1999-04-24
50737,Mori,Nitta,Senior Staff,1992-11-07,9999-01-01
50761,Waiman,Redmiles,Senior Staff,1997-11-09,9999-01-01
50761,Waiman,Redmiles,Staff,1989-11-09,1997-11-09
50763,Subbu,Murthy,Staff,1999-02-04,9999-01-01
50784,Vitaly,Penttonen,Senior Staff,1993-08-13,9999-01-01
50784,Vitaly,Penttonen,Staff,1986-08-13,1993-08-13
50789,Rajmohan,Lipner,Senior Staff,2002-04-29,9999-01-01
50789,Rajmohan,Lipner,Staff,1996-04-29,2002-04-29
50800,Berhard,Ambroszkiewicz,Senior Staff,1991-03-07,9999-01-01
50800,Berhard,Ambroszkiewicz,Staff,1985-03-07,1991-03-07
50889,Taisook,Cronan,Senior Staff,1995-10-07,9999-01-01
50889,Taisook,Cronan,Staff,1986-10-07,1995-10-07
50910,Huai,Shumilov,Engineer,1986-04-19,1992-04-18
50910,Huai,Shumilov,Senior Engineer,1992-04-18,1999-05-18
50949,Renny,Harllee,Engineer,1993-07-06,2002-07-06
50949,Renny,Harllee,Senior Engineer,2002-07-06,9999-01-01
50966,Mang,Kalafatis,Senior Staff,1992-10-30,9999-01-01
50966,Mang,Kalafatis,Staff,1985-10-30,1992-10-30
50989,Bojan,Llado,Staff,1998-02-18,9999-01-01
51006,Mooi,Theuretzbacher,Engineer,1991-07-04,1996-07-03
51006,Mooi,Theuretzbacher,Senior Engineer,1996-07-03,9999-01-01
51040,Gian,Morrey,Senior Staff,1993-09-01,9999-01-01
51040,Gian,Morrey,Staff,1985-09-01,1993-09-01
51042,Mariangiola,Sidje,Staff,1996-06-27,9999-01-01
51047,Seshu,Matteis,Senior Staff,1995-06-15,9999-01-01
51047,Seshu,Matteis,Staff,1986-06-15,1995-06-15
51052,Mayuko,Bahk,Engineer,1994-12-28,2000-12-27
51052,Mayuko,Bahk,Senior Engineer,2000-12-27,9999-01-01
51071,Goetz,Schade,Staff,1999-11-06,9999-01-01
51116,Moni,Gelosh,Senior Engineer,1994-05-11,9999-01-01
51119,Douadi,Gire,Staff,1999-10-22,9999-01-01
51182,Jinpo,Falco,Staff,1991-03-24,1992-04-26
51192,Vidar,Luef,Engineer,1996-02-02,9999-01-01
51196,Krisda,Spelt,Staff,1998-08-28,9999-01-01
51204,Baziley,Otillio,Senior Staff,2000-10-22,2001-08-06
51204,Baziley,Otillio,Staff,1995-10-23,2000-10-22
51245,Eldridge,Coombs,Senior Staff,1990-09-14,9999-01-01
51245,Eldridge,Coombs,Staff,1985-09-14,1990-09-14
51246,Mara,Schaft,Staff,1989-05-01,1992-09-13
51247,Shushma,Snyers,Engineer,1994-11-23,9999-01-01
51265,Jagoda,Binkley,Technique Leader,1999-11-27,2000-01-12
51267,Deniz,Improta,Senior Staff,1991-10-20,9999-01-01
51271,Eishiro,Fordan,Senior Engineer,1994-08-23,9999-01-01
51275,Sanjoy,Pavlopoulou,Technique Leader,1989-05-25,9999-01-01
51295,Tonia,Lorie,Technique Leader,1985-08-31,9999-01-01
51297,Zhiwei,Usdin,Technique Leader,2000-01-17,9999-01-01
51304,Yoshinari,Bugrara,Engineer,1996-01-28,1996-03-17
51337,Bedrich,Lichtner,Senior Engineer,1989-04-03,1990-07-20
51339,Gino,Otillio,Senior Staff,1991-11-25,9999-01-01
51359,Theron,DuBourdieux,Engineer,1985-09-02,1989-02-12
51367,Martine,Peron,Staff,1998-05-03,9999-01-01
51375,Sanjeeva,Merkl,Senior Engineer,1998-05-05,9999-01-01
51388,Nathalie,Fendler,Engineer,1990-12-14,1996-12-13
51388,Nathalie,Fendler,Senior Engineer,1996-12-13,9999-01-01
51389,Taisook,Chachaty,Engineer,1989-06-09,1998-06-09
51389,Taisook,Chachaty,Senior Engineer,1998-06-09,9999-01-01
51444,Huei,Danner,Engineer,1987-03-05,1995-03-05
51444,Huei,Danner,Senior Engineer,1995-03-05,9999-01-01
51449,Duri,Thorelli,Senior Staff,1996-10-25,9999-01-01
51449,Duri,Thorelli,Staff,1991-10-26,1996-10-25
51464,Kristian,Daescu,Engineer,1994-04-18,9999-01-01
51479,Kankanahalli,Zhiwei,Senior Staff,1992-09-04,9999-01-01
51479,Kankanahalli,Zhiwei,Staff,1987-09-05,1992-09-04
51484,Shaunak,Mattern,Senior Staff,1997-03-20,2001-07-14
51484,Shaunak,Mattern,Staff,1989-03-20,1997-03-20
51488,Dhritiman,Mitsuhashi,Senior Engineer,1994-04-11,9999-01-01
51505,Unal,Malinowski,Senior Staff,1997-07-15,2002-06-15
51505,Unal,Malinowski,Staff,1989-07-15,1997-07-15
51514,Sanjoy,Chepyzhov,Senior Engineer,1998-04-14,2001-05-16
51523,Goetz,Pettit,Technique Leader,1997-06-16,2002-03-26
51530,Claude,Rohrbach,Engineer,1992-10-23,1999-10-24
51530,Claude,Rohrbach,Senior Engineer,1999-10-24,9999-01-01
51536,Kokou,Birrer,Engineer,1998-09-25,9999-01-01
51569,Chinhyun,Plotkin,Engineer,1986-06-16,1993-06-16
51569,Chinhyun,Plotkin,Senior Engineer,1993-06-16,9999-01-01
51583,Jaber,Willoner,Staff,1994-12-28,9999-01-01
51604,Sreekrishna,Yurek,Senior Staff,1996-01-31,9999-01-01
51604,Sreekrishna,Yurek,Staff,1991-01-31,1996-01-31
51605,Martijn,Nannarelli,Senior Staff,1994-03-02,9999-01-01
51605,Martijn,Nannarelli,Staff,1985-03-02,1994-03-02
51607,Moheb,Denna,Senior Staff,1989-03-22,9999-01-01
51613,Kristinn,Marquardt,Senior Staff,1992-01-21,9999-01-01
51613,Kristinn,Marquardt,Staff,1986-01-21,1992-01-21
51624,Francoise,Selenyi,Assistant Engineer,1997-05-29,1998-02-28
51627,Mart,Huhdanpaa,Staff,1996-06-15,9999-01-01
51631,Gao,Unno,Senior Staff,1996-06-28,9999-01-01
51631,Gao,Unno,Staff,1991-06-29,1996-06-28
51636,Mooi,Jenevein,Technique Leader,1993-07-31,2001-04-18
51655,Nectarios,Lipner,Staff,1998-12-12,1999-08-08
51661,Arnould,Candan,Engineer,1993-05-25,1999-05-25
51661,Arnould,Candan,Senior Engineer,1999-05-25,2001-07-31
51676,Erzsebet,Rattan,Senior Staff,1993-02-21,9999-01-01
51814,Ohad,Ghalwash,Senior Engineer,1991-06-16,1998-11-11
51817,Arup,McAlpine,Senior Engineer,1996-09-10,9999-01-01
51834,Maja,Rahier,Assistant Engineer,1997-09-04,9999-01-01
51837,Jiakeng,Vadhan,Staff,1995-08-26,1998-03-24
51907,Zeljko,Auria,Senior Staff,1992-02-21,9999-01-01
51921,Mingdong,Thiran,Staff,1996-05-06,9999-01-01
51965,Beshir,Dulay,Engineer,1989-01-04,1995-01-04
51965,Beshir,Dulay,Senior Engineer,1995-01-04,9999-01-01
52004,Mihalis,Birjandi,Engineer,1994-11-24,9999-01-01
52017,Radhakrishnan,Peot,Senior Staff,1985-09-16,9999-01-01
52064,Erzsebet,Heuser,Engineer,1996-12-12,2001-12-12
52064,Erzsebet,Heuser,Senior Engineer,2001-12-12,9999-01-01
52074,Paris,Jakobus,Assistant Engineer,1998-10-14,1999-01-21
52087,Fabrizio,Sethi,Engineer,1988-07-23,1995-07-24
52087,Fabrizio,Sethi,Senior Engineer,1995-07-24,9999-01-01
52125,Suebskul,Mitzlaff,Senior Staff,1992-04-24,9999-01-01
52125,Suebskul,Mitzlaff,Staff,1986-04-25,1992-04-24
52158,Byong,Gustavson,Senior Engineer,1998-12-11,9999-01-01
52162,Phule,Falck,Senior Staff,1994-10-17,9999-01-01
52162,Phule,Falck,Staff,1987-10-17,1994-10-17
52206,Jasminko,Rehfuss,Senior Engineer,1985-10-17,9999-01-01
52238,Gino,Nitsch,Engineer,1996-01-30,1996-02-02
52258,Bernt,Takanami,Senior Staff,1991-08-26,9999-01-01
52258,Bernt,Takanami,Staff,1986-08-26,1991-08-26
52275,Garnik,Flowers,Senior Engineer,1996-04-08,2001-02-17
52277,Rance,Facello,Assistant Engineer,1988-05-18,1996-05-18
52277,Rance,Facello,Engineer,1996-05-18,9999-01-01
52282,Saeed,Levasseur,Assistant Engineer,1999-11-06,9999-01-01
52298,Feixiong,Schueller,Engineer,1992-10-22,2001-10-22
52298,Feixiong,Schueller,Senior Engineer,2001-10-22,9999-01-01
52301,Lokesh,Auyong,Senior Engineer,1997-06-27,9999-01-01
52331,Haldon,Vesel,Engineer,1993-10-31,1994-05-15
52337,Zejun,Merli,Senior Staff,1999-03-02,9999-01-01
52363,Navin,Perly,Assistant Engineer,1993-05-20,1998-05-20
52363,Navin,Perly,Engineer,1998-05-20,9999-01-01
52366,Arvin,Krichel,Senior Engineer,1995-04-09,9999-01-01
52374,Gou,Lindenbaum,Engineer,1991-12-26,2000-12-25
52374,Gou,Lindenbaum,Senior Engineer,2000-12-25,9999-01-01
52387,Udi,Antonakopoulos,Engineer,1990-10-12,1999-10-12
52387,Udi,Antonakopoulos,Senior Engineer,1999-10-12,9999-01-01
52402,Basant,Rettelbach,Senior Staff,2001-11-17,9999-01-01
52402,Basant,Rettelbach,Staff,1994-11-17,2001-11-17
52416,Shaibal,Verspoor,Senior Staff,1992-08-31,9999-01-01
52416,Shaibal,Verspoor,Staff,1985-08-31,1992-08-31
52435,Kerhong,Munos,Senior Staff,1998-07-23,2002-04-17
52440,Becky,Saoudi,Engineer,1993-03-07,2000-03-07
52440,Becky,Saoudi,Senior Engineer,2000-03-07,9999-01-01
52446,Yunming,Rabehasaina,Senior Staff,1991-08-12,9999-01-01
52464,Dietrich,Walstra,Engineer,1986-07-24,1993-07-24
52464,Dietrich,Walstra,Senior Engineer,1993-07-24,9999-01-01
52468,Torsten,Selvestrel,Technique Leader,1987-03-08,9999-01-01
52489,Suvo,Ibel,Senior Engineer,1987-08-15,9999-01-01
52493,Masamitsu,Thorelli,Senior Staff,1986-05-09,1993-07-02
52496,Nahum,Chinen,Senior Engineer,1998-01-31,9999-01-01
52512,Dmitry,Solovay,Engineer,1997-07-26,2002-01-26
52513,Elvis,Mungall,Senior Staff,1994-08-09,9999-01-01
52513,Elvis,Mungall,Staff,1987-08-09,1994-08-09
52521,Valter,Kilgore,Assistant Engineer,1988-04-14,1997-04-14
52521,Valter,Kilgore,Engineer,1997-04-14,9999-01-01
52525,Denis,Salvesen,Engineer,1997-01-12,2000-07-10
52558,Lubomir,Chimia,Staff,1995-01-28,9999-01-01
52605,Nevin,Irland,Senior Engineer,1985-12-23,9999-01-01
52624,Rafael,Benzmuller,Engineer,1989-07-15,1996-07-15
52624,Rafael,Benzmuller,Senior Engineer,1996-07-15,9999-01-01
52645,Karsten,Aumann,Senior Staff,1995-05-27,9999-01-01
52645,Karsten,Aumann,Staff,1989-05-27,1995-05-27
52656,Jeanne,Mahmud,Assistant Engineer,1999-04-04,9999-01-01
52663,Gadiel,Steenbeek,Senior Staff,1989-10-20,9999-01-01
52665,Mayuri,McConalogue,Assistant Engineer,1999-07-13,9999-01-01
52669,Abdelghani,Domenig,Senior Engineer,1986-01-31,9999-01-01
52681,Jaana,Besselaar,Senior Staff,1991-06-05,9999-01-01
52708,Makato,Escriba,Senior Staff,1995-01-13,9999-01-01
52708,Makato,Escriba,Staff,1986-01-13,1995-01-13
52711,Geoffrey,Shackel,Staff,1995-07-04,9999-01-01
52718,Subhash,Basawa,Senior Staff,1999-06-24,9999-01-01
52718,Subhash,Basawa,Staff,1993-06-24,1999-06-24
52719,Nobuyoshi,Demir,Senior Engineer,1993-08-31,9999-01-01
52724,Boutros,Luck,Senior Staff,1999-01-07,9999-01-01
52724,Boutros,Luck,Staff,1991-01-07,1999-01-07
52735,Gererd,Ranft,Senior Staff,1992-11-01,9999-01-01
52735,Gererd,Ranft,Staff,1987-11-02,1992-11-01
52747,Wuxu,Eugenio,Technique Leader,1998-03-27,9999-01-01
52756,Dharmaraja,dAstous,Staff,1997-06-27,9999-01-01
52774,Spyrose,Aingworth,Senior Staff,1996-11-09,1997-12-11
52774,Spyrose,Aingworth,Staff,1987-11-10,1996-11-09
52777,Takahira,Schiper,Senior Staff,1998-07-10,9999-01-01
52777,Takahira,Schiper,Staff,1991-07-10,1998-07-10
52779,Ortrun,Karner,Senior Engineer,1989-09-11,9999-01-01
52800,Manton,Veldwijk,Technique Leader,1996-11-19,9999-01-01
52804,Nikolaus,Streit,Staff,1998-09-13,2000-12-09
52825,Constantino,Cappelli,Engineer,1986-06-22,1992-06-21
52825,Constantino,Cappelli,Senior Engineer,1992-06-21,9999-01-01
52829,Ayakannu,Puppo,Senior Staff,1995-03-26,9999-01-01
52829,Ayakannu,Puppo,Staff,1988-03-25,1995-03-26
52832,Erzsebet,Barriga,Engineer,1988-07-13,1993-07-13
52832,Erzsebet,Barriga,Senior Engineer,1993-07-13,1998-07-18
52865,Takushi,Pramanik,Senior Staff,1995-08-26,9999-01-01
52865,Takushi,Pramanik,Staff,1988-08-25,1995-08-26
52866,Renee,Flanders,Engineer,1990-04-14,1995-04-14
52866,Renee,Flanders,Senior Engineer,1995-04-14,9999-01-01
52875,Irena,Simmel,Staff,1997-07-19,9999-01-01
52887,Golgen,Pearson,Engineer,1999-11-25,9999-01-01
52895,Zvonko,Assaf,Engineer,1996-01-17,2001-01-16
52895,Zvonko,Assaf,Senior Engineer,2001-01-16,9999-01-01
52900,Xiadong,Stenning,Senior Staff,1999-01-12,9999-01-01
52900,Xiadong,Stenning,Staff,1990-01-12,1999-01-12
52906,Jacqueline,Bouloucos,Engineer,1998-11-13,9999-01-01
52910,Maja,Luke,Senior Engineer,1987-10-07,9999-01-01
52921,Ramya,Puppe,Senior Staff,1996-10-22,9999-01-01
52921,Ramya,Puppe,Staff,1990-10-23,1996-10-22
52925,Yurii,Rusmann,Staff,1998-04-08,1998-05-02
52957,Kazuhira,Dalphin,Senior Staff,1986-02-13,9999-01-01
52960,Jungsoon,Swist,Engineer,1992-03-01,2001-03-01
52960,Jungsoon,Swist,Senior Engineer,2001-03-01,9999-01-01
52973,Tetsurou,Smailagic,Senior Staff,1990-04-28,9999-01-01
52973,Tetsurou,Smailagic,Staff,1985-04-28,1990-04-28
52994,Maik,Pargas,Senior Staff,1994-09-15,9999-01-01
52994,Maik,Pargas,Staff,1988-09-15,1994-09-15
52997,Barton,Waleschkowski,Senior Staff,1998-04-19,9999-01-01
52997,Barton,Waleschkowski,Staff,1989-04-19,1998-04-19
53010,Leah,Ghalwash,Assistant Engineer,1990-11-01,1999-11-01
53010,Leah,Ghalwash,Engineer,1999-11-01,9999-01-01
53047,Bogdan,Michaels,Senior Engineer,1993-10-27,9999-01-01
53060,Lidong,Vigier,Senior Engineer,1999-10-25,9999-01-01
53070,Chiradeep,Neimat,Engineer,1987-02-22,1990-02-10
53077,Martins,Madeira,Engineer,1987-01-12,1995-01-12
53077,Martins,Madeira,Senior Engineer,1995-01-12,9999-01-01
53078,Kirk,Luce,Engineer,1999-06-30,9999-01-01
53097,Gor,Birdsall,Engineer,1998-02-12,2001-11-18
53121,Filipp,Moffat,Engineer,1993-06-01,2002-06-01
53121,Filipp,Moffat,Senior Engineer,2002-06-01,9999-01-01
53128,Mong,Ibel,Senior Engineer,1999-05-22,9999-01-01
53136,Moheb,Vidal,Staff,1996-09-16,9999-01-01
53161,Mechthild,Rothenberg,Technique Leader,1985-07-20,1986-12-23
53166,Marsja,Schneeberger,Engineer,1994-06-16,1999-06-16
53166,Marsja,Schneeberger,Senior Engineer,1999-06-16,9999-01-01
53168,Yunming,Ohori,Senior Staff,1999-10-11,9999-01-01
53168,Yunming,Ohori,Staff,1993-10-11,1999-10-11
53173,Premsyl,Rabejac,Senior Staff,1991-10-06,9999-01-01
53173,Premsyl,Rabejac,Staff,1986-10-06,1991-10-06
53181,Jiann,Silva,Engineer,1989-06-10,1994-06-10
53181,Jiann,Silva,Senior Engineer,1994-06-10,9999-01-01
53190,Troy,Taubman,Senior Staff,1998-10-03,2001-11-11
53190,Troy,Taubman,Staff,1989-10-03,1998-10-03
53191,Tomoyuki,Sluis,Senior Engineer,1998-06-02,9999-01-01
53209,Weiye,Heering,Engineer,1986-09-01,1991-09-01
53209,Weiye,Heering,Senior Engineer,1991-09-01,9999-01-01
53210,Odoardo,Kalloufi,Senior Staff,1996-09-03,1996-10-13
53233,Masako,Khalid,Engineer,1988-04-30,1994-04-30
53233,Masako,Khalid,Senior Engineer,1994-04-30,1996-05-21
53242,Satoru,Garnham,Senior Engineer,1993-11-15,2001-03-26
53244,Zeljko,Chaudhuri,Senior Engineer,1992-09-22,9999-01-01
53255,Uma,Stenning,Assistant Engineer,1988-10-19,1996-10-19
53255,Uma,Stenning,Engineer,1996-10-19,9999-01-01
53268,Hiroyasu,Nishimukai,Senior Staff,2001-09-10,9999-01-01
53268,Hiroyasu,Nishimukai,Staff,1992-09-10,2001-09-10
53270,Pascal,Isaak,Senior Engineer,1997-07-10,9999-01-01
53295,Xiaoqiu,Setia,Engineer,1997-08-27,1999-03-02
53309,Aleksandar,Picht,Senior Staff,1999-02-01,9999-01-01
53309,Aleksandar,Picht,Staff,1993-02-01,1999-02-01
53333,Mingsen,Luon,Senior Staff,1986-04-08,9999-01-01
53341,Nahum,Prenel,Engineer,1992-01-04,1998-01-03
53341,Nahum,Prenel,Senior Engineer,1998-01-03,9999-01-01
53347,Barun,Schicker,Senior Staff,1994-10-07,9999-01-01
53356,Collette,Schach,Engineer,1996-02-25,2001-02-24
53356,Collette,Schach,Senior Engineer,2001-02-24,9999-01-01
53366,Irena,Ecklund,Engineer,1989-01-30,1994-01-30
53366,Irena,Ecklund,Senior Engineer,1994-01-30,9999-01-01
53373,Jiang,Takanami,Engineer,1998-10-08,9999-01-01
53395,Abdelkader,Bauknecht,Senior Engineer,1999-01-13,9999-01-01
53405,Karlis,Hegner,Senior Engineer,1986-03-11,9999-01-01
53423,Xianlong,Walstra,Senior Staff,1993-09-29,9999-01-01
53429,Jianhui,Harllee,Engineer,1993-05-07,2001-05-07
53429,Jianhui,Harllee,Senior Engineer,2001-05-07,9999-01-01
53448,Hilari,Ertl,Staff,1998-06-29,2002-03-18
53452,Shuichi,Laurillard,Engineer,1988-12-08,1996-12-08
53452,Shuichi,Laurillard,Senior Engineer,1996-12-08,2000-09-29
53453,Jaques,Plessier,Engineer,1997-03-08,9999-01-01
53471,Rosita,Makinen,Assistant Engineer,1986-02-20,1991-02-20
53471,Rosita,Makinen,Engineer,1991-02-20,1996-02-20
53471,Rosita,Makinen,Senior Engineer,1996-02-20,9999-01-01
53476,Bikash,Krybus,Engineer,1996-08-11,2000-05-15
53486,Aiichiro,Menyhert,Senior Staff,2001-04-24,9999-01-01
53486,Aiichiro,Menyhert,Staff,1995-04-25,2001-04-24
53505,Becky,Bierbaum,Engineer,1991-04-15,1997-04-14
53505,Becky,Bierbaum,Senior Engineer,1997-04-14,2002-04-30
53523,Nidapan,Foote,Senior Staff,1996-09-27,9999-01-01
53523,Nidapan,Foote,Staff,1991-09-28,1996-09-27
53529,Kshitij,Nivat,Engineer,1992-05-21,1998-05-21
53529,Kshitij,Nivat,Senior Engineer,1998-05-21,9999-01-01
53542,Alagu,Fiutem,Technique Leader,1986-07-30,9999-01-01
53547,Sachin,Heystek,Staff,1994-12-14,9999-01-01
53555,Elgin,Alpay,Senior Staff,1997-09-25,1999-07-30
53555,Elgin,Alpay,Staff,1989-09-25,1997-09-25
53557,Gianluca,Aingworth,Staff,1998-01-16,1999-09-28
53570,Syozo,Pelz,Technique Leader,1992-08-18,1997-07-11
53584,Uinam,Mitzlaff,Senior Staff,1994-11-11,1995-11-21
53586,Anyuan,Babu,Engineer,1993-05-12,2002-05-12
53586,Anyuan,Babu,Senior Engineer,2002-05-12,9999-01-01
53588,Divier,Budinsky,Senior Staff,2000-06-12,9999-01-01
53588,Divier,Budinsky,Staff,1993-06-12,2000-06-12
53599,Chuanti,Parfitt,Engineer,1992-05-13,1999-05-14
53599,Chuanti,Parfitt,Senior Engineer,1999-05-14,9999-01-01
53602,Stabislas,Rosch,Engineer,1985-10-07,1994-10-07
53602,Stabislas,Rosch,Senior Engineer,1994-10-07,9999-01-01
53604,Denny,Gilg,Engineer,1991-12-05,2000-12-04
53604,Denny,Gilg,Senior Engineer,2000-12-04,9999-01-01
53606,Aloke,Alencar,Technique Leader,1997-12-19,9999-01-01
53619,Iara,Condotta,Senior Staff,1999-12-25,9999-01-01
53619,Iara,Condotta,Staff,1990-12-25,1999-12-25
53628,Elliott,Puoti,Engineer,1990-12-03,1996-12-02
53628,Elliott,Puoti,Senior Engineer,1996-12-02,9999-01-01
53636,Nirmal,Grandbois,Senior Staff,1992-11-27,9999-01-01
53637,Morris,Kamber,Engineer,1987-08-06,1994-08-06
53637,Morris,Kamber,Senior Engineer,1994-08-06,9999-01-01
53644,Shai,Nollmann,Senior Engineer,1986-08-18,9999-01-01
53649,Satoru,Crabtree,Senior Staff,2001-08-09,9999-01-01
53649,Satoru,Crabtree,Staff,1993-08-09,2001-08-09
53697,Fumitake,Ozery,Staff,1998-11-27,9999-01-01
53758,Dannz,Krzyzanowski,Senior Staff,2000-02-08,9999-01-01
53758,Dannz,Krzyzanowski,Staff,1995-02-08,2000-02-08
53770,Oguz,Hennebert,Engineer,1988-03-13,1996-03-13
53770,Oguz,Hennebert,Senior Engineer,1996-03-13,9999-01-01
53790,Chinho,Cochrane,Staff,1996-11-03,9999-01-01
53793,Mabhin,Colorni,Senior Staff,1999-05-06,9999-01-01
53793,Mabhin,Colorni,Staff,1992-05-05,1999-05-06
53802,Khaled,Poupard,Senior Engineer,1995-11-24,1997-02-02
53803,Odinaldo,Penz,Senior Staff,1993-01-10,9999-01-01
53803,Odinaldo,Penz,Staff,1987-01-11,1993-01-10
53809,Arvin,Andreotta,Senior Staff,1993-10-22,9999-01-01
53809,Arvin,Andreotta,Staff,1988-10-22,1993-10-22
53826,Bodo,Meriste,Assistant Engineer,1999-10-02,9999-01-01
53849,Youjian,Shackell,Senior Engineer,1988-06-04,9999-01-01
53867,Eishiro,Rabejac,Engineer,1996-09-07,1998-07-30
53870,Jiong,Ozeki,Senior Staff,1994-08-18,9999-01-01
53870,Jiong,Ozeki,Staff,1988-08-18,1994-08-18
53893,Kwan,Rajaraman,Senior Engineer,1996-04-08,9999-01-01
53894,Shalesh,Bahl,Engineer,1986-06-04,1991-06-04
53894,Shalesh,Bahl,Senior Engineer,1991-06-04,9999-01-01
53904,Snehasis,Cyne,Engineer,1996-06-24,9999-01-01
53936,Fusako,Milicic,Staff,1994-12-27,9999-01-01
53939,Shen,Zobel,Senior Staff,1999-07-08,9999-01-01
53939,Shen,Zobel,Staff,1992-07-07,1999-07-08
53960,Roded,Kroft,Engineer,1994-04-13,2001-04-13
53960,Roded,Kroft,Senior Engineer,2001-04-13,9999-01-01
53966,Lobel,Ventosa,Senior Staff,1987-08-04,9999-01-01
53986,Nirmal,Plotkin,Engineer,1999-07-10,2001-03-06
53988,Lunjin,Cooman,Engineer,1987-10-25,1996-10-24
53988,Lunjin,Cooman,Senior Engineer,1996-10-24,9999-01-01
53995,Sajjan,Petereit,Senior Engineer,1994-06-19,1999-02-02
54006,Valdiodio,Hoogerwoord,Staff,1985-12-21,1988-06-15
54012,Boalin,Danner,Engineer,1990-12-28,1995-03-20
54013,Arie,Crelier,Senior Staff,2002-07-21,9999-01-01
54013,Arie,Crelier,Staff,1994-07-21,2002-07-21
54027,Yonghong,Katzenelson,Engineer,1986-09-14,1993-09-14
54027,Yonghong,Katzenelson,Senior Engineer,1993-09-14,1996-08-24
54072,Khalil,Pargas,Senior Staff,1993-05-03,9999-01-01
54072,Khalil,Pargas,Staff,1987-05-04,1993-05-03
54084,Ramachenga,Vendrig,Engineer,1996-05-31,2000-07-13
54095,Jeanne,Swan,Senior Engineer,1988-01-12,9999-01-01
54097,Shuho,Ibel,Senior Staff,2001-06-08,9999-01-01
54097,Shuho,Ibel,Staff,1992-06-08,2001-06-08
54098,Sigeru,Wynblatt,Engineer,1991-02-27,1996-06-30
54108,Diederik,Demke,Senior Staff,1997-04-22,9999-01-01
54108,Diederik,Demke,Staff,1991-04-23,1997-04-22
54141,Zhanqiu,Hoogerwoord,Engineer,1987-04-27,1995-04-27
54141,Zhanqiu,Hoogerwoord,Senior Engineer,1995-04-27,9999-01-01
54160,Basant,Yamaashi,Staff,1993-07-15,1994-03-22
54168,Maren,Maksimenko,Senior Staff,1989-09-10,9999-01-01
54171,Steen,Leppanen,Engineer,1988-06-12,1993-06-12
54171,Steen,Leppanen,Senior Engineer,1993-06-12,9999-01-01
54185,Akemi,Boreale,Assistant Engineer,1994-05-02,9999-01-01
54189,Kellyn,Sifakis,Senior Staff,1988-06-27,9999-01-01
54205,Yucel,Maliniak,Engineer,1985-06-19,1991-06-19
54205,Yucel,Maliniak,Senior Engineer,1991-06-19,2001-04-27
54208,Qingxiang,Tempesti,Assistant Engineer,1990-11-14,1998-11-14
54208,Qingxiang,Tempesti,Engineer,1998-11-14,9999-01-01
54214,Phillip,Grospietsch,Assistant Engineer,1992-08-26,1998-08-26
54214,Phillip,Grospietsch,Engineer,1998-08-26,9999-01-01
54218,Dipayan,Zumaque,Engineer,1999-04-22,9999-01-01
54224,Leah,Sigstam,Senior Engineer,1996-03-10,9999-01-01
54243,Bokyung,Magalhaes,Engineer,1993-02-23,1998-02-23
54243,Bokyung,Magalhaes,Senior Engineer,1998-02-23,9999-01-01
54255,Mariusz,Wilharm,Staff,1998-02-07,2001-03-19
54260,Lucien,Bamford,Senior Staff,2002-01-13,9999-01-01
54260,Lucien,Bamford,Staff,1996-01-14,2002-01-13
54264,Hironobu,Conia,Staff,1998-11-22,1999-12-24
54277,Phule,Pettit,Staff,2000-01-05,9999-01-01
54291,Hein,Staudhammer,Senior Staff,2001-03-18,9999-01-01
54291,Hein,Staudhammer,Staff,1993-03-18,2001-03-18
54319,Chaoyi,Butner,Engineer,1988-04-28,1996-04-28
54319,Chaoyi,Butner,Senior Engineer,1996-04-28,9999-01-01
54346,Sudhanshu,Avouris,Senior Engineer,1997-04-28,9999-01-01
54367,Leen,Poehlman,Senior Staff,1994-07-07,9999-01-01
54367,Leen,Poehlman,Staff,1985-07-07,1994-07-07
54370,Yinlin,Chiodo,Engineer,1991-04-29,1996-04-28
54370,Yinlin,Chiodo,Senior Engineer,1996-04-28,1999-03-17
54393,Qunsheng,Vasanthakumar,Senior Staff,2001-03-20,9999-01-01
54393,Qunsheng,Vasanthakumar,Staff,1996-03-20,2001-03-20
54412,Ghassan,Uludag,Senior Staff,1990-03-22,9999-01-01
54417,Danny,Sadowsky,Senior Staff,1990-08-24,2002-06-26
54444,Sadok,Ranft,Staff,1998-06-15,9999-01-01
54459,Fumitaka,Yeung,Engineer,1988-04-19,1994-04-19
54459,Fumitaka,Yeung,Senior Engineer,1994-04-19,9999-01-01
54461,Satoru,Masaki,Senior Staff,1998-04-27,9999-01-01
54461,Satoru,Masaki,Staff,1993-04-27,1998-04-27
54468,Golgen,Ghelli,Technique Leader,1988-03-18,9999-01-01
54481,Larisa,Perfilyeva,Technique Leader,1999-08-25,9999-01-01
54487,Goetz,Assaf,Senior Staff,1998-10-29,9999-01-01
54487,Goetz,Assaf,Staff,1990-10-29,1998-10-29
54499,Palash,Yurek,Senior Staff,1997-04-05,9999-01-01
54499,Palash,Yurek,Staff,1990-04-06,1997-04-05
54507,Aleksander,Pusterhofer,Engineer,1996-05-05,1997-04-26
54519,Fun,Zaccaria,Assistant Engineer,1988-12-25,1994-12-25
54519,Fun,Zaccaria,Engineer,1994-12-25,1995-11-16
54530,Uno,Badr,Senior Engineer,1995-05-07,9999-01-01
54549,Makato,Kakkad,Senior Staff,1992-04-12,9999-01-01
54549,Makato,Kakkad,Staff,1987-04-13,1992-04-12
54575,Xiaocheng,Hambrick,Engineer,1998-02-06,9999-01-01
54576,Charlene,Isaak,Senior Staff,1990-08-09,1992-06-10
54576,Charlene,Isaak,Staff,1985-08-09,1990-08-09
54577,Kristian,Pelc,Engineer,1992-08-20,2001-08-20
54577,Kristian,Pelc,Senior Engineer,2001-08-20,9999-01-01
54580,Filipe,Nergos,Engineer,1993-10-12,2001-10-12
54580,Filipe,Nergos,Senior Engineer,2001-10-12,9999-01-01
54602,Diederik,Lortz,Staff,1994-12-14,1999-08-17
54643,Leon,Lueh,Senior Staff,2002-02-27,9999-01-01
54643,Leon,Lueh,Staff,1995-02-27,2002-02-27
54659,Mohd,Ranon,Senior Staff,1989-10-26,9999-01-01
54668,Chenyi,Mitchem,Engineer,1988-09-10,1995-09-11
54668,Chenyi,Mitchem,Senior Engineer,1995-09-11,9999-01-01
54682,Dante,Grabner,Senior Staff,2001-11-06,9999-01-01
54682,Dante,Grabner,Staff,1994-11-06,2001-11-06
54711,Peternela,Wursthorn,Senior Staff,1988-07-14,9999-01-01
54714,Hercules,Rissland,Assistant Engineer,1987-06-12,1996-06-11
54714,Hercules,Rissland,Engineer,1996-06-11,9999-01-01
54717,Mohammad,Servieres,Staff,1999-05-18,2000-08-11
54721,Ger,Cooley,Senior Engineer,1997-01-20,9999-01-01
54722,Vitaly,Michaels,Engineer,1998-09-30,9999-01-01
54743,Nishit,Baalen,Senior Staff,1992-12-25,9999-01-01
54747,Ramachenga,Dusink,Engineer,1986-08-05,1992-08-04
54747,Ramachenga,Dusink,Senior Engineer,1992-08-04,9999-01-01
54748,Taizo,Showalter,Senior Staff,1991-07-28,9999-01-01
54748,Taizo,Showalter,Staff,1986-07-28,1991-07-28
54778,Toshiko,Hettesheimer,Staff,1989-05-31,1994-04-10
54781,Chinho,Leaver,Engineer,1986-02-20,1992-09-02
54804,Mohammed,Tomescu,Assistant Engineer,1998-09-10,9999-01-01
54807,Isaac,Docker,Technique Leader,1989-11-26,9999-01-01
54854,Nakhoon,Marakhovsky,Staff,1998-02-19,2000-11-16
54860,Toshiko,Terkki,Staff,1998-04-06,9999-01-01
54882,Honglan,Zaiane,Engineer,1991-05-02,1998-05-02
54882,Honglan,Zaiane,Senior Engineer,1998-05-02,9999-01-01
54895,Yongmin,Erman,Assistant Engineer,1990-09-19,1995-03-16
54898,Zorica,Pileggi,Assistant Engineer,1986-12-04,1990-11-02
54908,Apostol,Ritcey,Engineer,1988-04-05,1996-04-04
54908,Apostol,Ritcey,Senior Engineer,1996-04-04,1996-07-10
54936,Taisook,Hardjono,Senior Staff,2000-07-15,9999-01-01
54936,Taisook,Hardjono,Staff,1991-07-16,2000-07-15
54949,Taizo,Cesareni,Engineer,1998-06-17,9999-01-01
54970,Jouni,Fordan,Senior Staff,1999-09-27,9999-01-01
54970,Jouni,Fordan,Staff,1994-09-27,1999-09-27
54983,Shaibal,Yeung,Staff,1989-06-08,1993-11-01
54992,Shin,Polajnar,Assistant Engineer,1999-09-07,2001-12-16
55007,Jaroslava,Thummel,Engineer,1989-06-18,1997-06-18
55007,Jaroslava,Thummel,Senior Engineer,1997-06-18,9999-01-01
55030,Menkae,Hutton,Staff,1998-10-21,2001-11-11
55056,Lein,Erez,Senior Staff,1995-11-04,9999-01-01
55056,Lein,Erez,Staff,1989-11-04,1995-11-04
55057,Freyja,Detkin,Senior Staff,1997-07-18,9999-01-01
55057,Freyja,Detkin,Staff,1990-07-18,1997-07-18
55058,Pascal,Varley,Engineer,1986-08-27,1992-08-26
55058,Pascal,Varley,Senior Engineer,1992-08-26,9999-01-01
55060,Shem,Sifakis,Staff,1997-01-14,9999-01-01
55096,Sudhanshu,Szilard,Senior Engineer,1991-05-02,1998-01-28
55102,Masamitsu,Zhang,Senior Staff,1988-08-08,9999-01-01
55104,Younwoo,Cyre,Engineer,1995-10-18,9999-01-01
55106,Zdislav,Pusterhofer,Senior Staff,1996-11-04,9999-01-01
55106,Zdislav,Pusterhofer,Staff,1989-11-04,1996-11-04
55128,Shuho,Riefers,Engineer,1996-11-16,9999-01-01
55138,Sachar,Ritzmann,Assistant Engineer,1986-09-28,1995-09-28
55138,Sachar,Ritzmann,Engineer,1995-09-28,9999-01-01
55142,Anoosh,Talmon,Engineer,1997-02-10,9999-01-01
55216,Jaques,Michaeli,Senior Engineer,1993-04-21,9999-01-01
55220,Khun,Coullard,Engineer,1994-11-24,1997-04-30
55221,Youssef,Gimarc,Engineer,1993-03-20,2000-03-20
55221,Youssef,Gimarc,Senior Engineer,2000-03-20,9999-01-01
55233,Kwangjo,Cichocki,Engineer,1994-09-10,2000-09-09
55233,Kwangjo,Cichocki,Senior Engineer,2000-09-09,2000-12-17
55335,Vasilii,Cronau,Senior Staff,1997-03-29,9999-01-01
55335,Vasilii,Cronau,Staff,1990-03-29,1997-03-29
55351,Fuqing,Koshino,Engineer,1998-06-18,9999-01-01
55355,Sreenivas,Thorelli,Staff,1994-07-13,1998-05-04
55364,Arch,Rosiles,Engineer,1991-10-14,1998-10-02
55380,Adil,Keohane,Technique Leader,1992-06-05,9999-01-01
55383,Junsik,Lampe,Engineer,1986-11-17,1994-11-17
55383,Junsik,Lampe,Senior Engineer,1994-11-17,1998-01-25
55392,Ziya,Mansanne,Staff,1995-04-10,9999-01-01
55406,Uta,Guenter,Engineer,1988-08-03,1988-09-25
55418,Pramod,Basagni,Senior Staff,1993-12-06,9999-01-01
55418,Pramod,Basagni,Staff,1985-12-06,1993-12-06
55426,Seshu,Camarinopoulos,Staff,1999-09-12,9999-01-01
55433,Sajjad,Strandh,Staff,1998-11-24,2001-08-30
55468,Magy,Maquelin,Assistant Engineer,1991-10-17,2000-10-16
55468,Magy,Maquelin,Engineer,2000-10-16,9999-01-01
55477,Arno,Viele,Senior Staff,1996-04-16,9999-01-01
55477,Arno,Viele,Staff,1991-04-17,1996-04-16
55484,Gilbert,Bednarek,Staff,1999-02-07,9999-01-01
55502,Zvonko,Lamparter,Engineer,1988-07-24,1993-07-24
55502,Zvonko,Lamparter,Senior Engineer,1993-07-24,9999-01-01
55507,Janalee,Zlotek,Assistant Engineer,1998-03-20,9999-01-01
55519,Ranga,Matzke,Engineer,1999-08-25,9999-01-01
55530,Zdislav,Gniady,Engineer,1993-04-12,1998-04-12
55530,Zdislav,Gniady,Senior Engineer,1998-04-12,9999-01-01
55532,Beshir,Brobst,Staff,1999-05-27,9999-01-01
55544,Troy,Piazza,Senior Staff,1988-04-24,9999-01-01
55559,Shmuel,Pocchiola,Staff,1995-05-04,9999-01-01
55570,Hironoby,Litvinov,Staff,1996-03-06,9999-01-01
55572,Nishit,Rothenberg,Senior Staff,1996-10-31,9999-01-01
55572,Nishit,Rothenberg,Staff,1990-11-01,1996-10-31
55574,Phule,Vrecion,Staff,1994-07-04,9999-01-01
55576,Licheng,Demizu,Assistant Engineer,1997-12-17,1998-11-25
55580,Nagui,Pashtan,Senior Staff,1993-09-23,9999-01-01
55580,Nagui,Pashtan,Staff,1987-09-24,1993-09-23
55583,Dzung,Sooriamurthi,Senior Engineer,1985-10-11,9999-01-01
55585,Isamu,Asser,Senior Staff,2001-11-03,9999-01-01
55585,Isamu,Asser,Staff,1996-11-03,2001-11-03
55599,Kwok,Cooman,Staff,1998-06-24,9999-01-01
55609,Heon,Lieberherr,Senior Staff,1997-01-31,9999-01-01
55609,Heon,Lieberherr,Staff,1989-01-31,1997-01-31
55625,Halsur,Muhling,Senior Staff,1992-01-11,9999-01-01
55625,Halsur,Muhling,Staff,1987-01-11,1992-01-11
55626,Conor,Wolniewicz,Engineer,1995-04-25,2001-04-24
55626,Conor,Wolniewicz,Senior Engineer,2001-04-24,9999-01-01
55633,Mariusz,Gopalakrishnan,Engineer,1985-05-09,1992-05-09
55633,Mariusz,Gopalakrishnan,Senior Engineer,1992-05-09,9999-01-01
55649,Georgi,Facello,Senior Engineer,1993-07-02,1995-04-27
55650,Boaz,Kumaresan,Technique Leader,1997-05-27,9999-01-01
55654,Adas,Suppi,Staff,1999-12-29,9999-01-01
55660,Masoud,Keirsey,Senior Engineer,1997-02-10,9999-01-01
55662,Arvin,Pettey,Senior Staff,1988-10-23,1992-05-03
55664,Jungsoon,Haraldson,Technique Leader,1992-08-22,9999-01-01
55680,Achilleas,Gini,Engineer,1987-02-13,1994-02-13
55680,Achilleas,Gini,Senior Engineer,1994-02-13,9999-01-01
55700,Arch,Ladret,Senior Staff,1986-03-03,1995-02-07
55724,Moty,Matzke,Engineer,1996-12-06,9999-01-01
55741,Vasilii,Conde,Senior Staff,1995-03-28,9999-01-01
55741,Vasilii,Conde,Staff,1990-03-28,1995-03-28
55746,Satyanarayana,Perri,Assistant Engineer,1996-09-19,1996-12-04
55748,Masato,Swick,Senior Staff,1996-03-16,2000-03-04
55772,King,Foong,Engineer,1986-04-30,1993-04-30
55772,King,Foong,Senior Engineer,1993-04-30,9999-01-01
55788,Ger,Reeker,Technique Leader,1993-06-03,9999-01-01
55790,Nakhoon,Perly,Engineer,1985-12-30,1990-12-30
55790,Nakhoon,Perly,Senior Engineer,1990-12-30,9999-01-01
55808,Garnik,Narlikar,Senior Staff,1996-02-09,9999-01-01
55808,Garnik,Narlikar,Staff,1989-02-08,1996-02-09
55814,Huican,Lowrie,Senior Staff,1997-11-28,9999-01-01
55814,Huican,Lowrie,Staff,1991-11-29,1997-11-28
55818,Sasan,Seuren,Senior Staff,2001-06-21,9999-01-01
55818,Sasan,Seuren,Staff,1994-06-21,2001-06-21
55833,Arie,Fabrizio,Senior Engineer,1995-11-25,9999-01-01
55844,Sampalli,Bernini,Senior Staff,1994-03-02,9999-01-01
55844,Sampalli,Bernini,Staff,1986-03-02,1994-03-02
55854,Reuven,Coorg,Assistant Engineer,1992-07-19,1997-07-19
55854,Reuven,Coorg,Engineer,1997-07-19,2002-07-19
55854,Reuven,Coorg,Senior Engineer,2002-07-19,9999-01-01
55887,Paris,Swift,Senior Staff,1986-04-05,9999-01-01
55890,Dulce,Peha,Senior Engineer,1996-11-29,9999-01-01
55921,Luerbio,Azevdeo,Engineer,1999-07-08,2000-07-11
55951,Marsja,Wendorf,Engineer,1989-02-10,1994-04-28
55952,Ramalingam,Chenney,Senior Staff,1990-02-19,9999-01-01
55955,Shawna,Nastansky,Senior Staff,2001-02-23,9999-01-01
55955,Shawna,Nastansky,Staff,1995-02-24,2001-02-23
55958,Kamran,Kambil,Senior Staff,1995-09-01,9999-01-01
55958,Kamran,Kambil,Staff,1986-09-01,1995-09-01
55959,Mana,Neiman,Staff,1998-05-06,9999-01-01
55978,Sumali,Sanella,Senior Staff,1997-11-26,9999-01-01
55978,Sumali,Sanella,Staff,1990-11-26,1997-11-26
55993,Christophe,Argence,Engineer,1994-08-01,9999-01-01
55995,Domenick,Erie,Engineer,1993-06-20,2001-06-20
55995,Domenick,Erie,Senior Engineer,2001-06-20,9999-01-01
56009,Maik,Shobatake,Engineer,1990-06-26,1999-06-14
56013,Hiroyasu,Lanphier,Engineer,1992-09-13,2001-04-23
56015,Lijia,Parhami,Engineer,1989-04-23,1994-04-23
56015,Lijia,Parhami,Senior Engineer,1994-04-23,9999-01-01
56044,Rosalie,Baek,Senior Staff,2000-01-22,9999-01-01
56044,Rosalie,Baek,Staff,1992-01-22,2000-01-22
56056,Uma,Perng,Staff,1994-05-04,1996-05-29
56083,Howell,Breugel,Senior Staff,2000-11-14,9999-01-01
56083,Howell,Breugel,Staff,1995-11-15,2000-11-14
56088,Mabry,Rodiger,Staff,1996-07-30,2000-05-18
56107,Zejun,Slutz,Engineer,1988-06-11,1996-06-11
56107,Zejun,Slutz,Senior Engineer,1996-06-11,9999-01-01
56123,Serap,Erdi,Senior Staff,1992-05-12,9999-01-01
56123,Serap,Erdi,Staff,1985-05-12,1992-05-12
56137,Stepehn,Ellozy,Staff,1996-10-23,9999-01-01
56154,Vitali,Angelopoulos,Staff,1998-02-26,9999-01-01
56172,Mariangiola,Anily,Staff,1996-04-03,9999-01-01
56179,Jaideep,Hasenauer,Senior Engineer,1988-04-08,9999-01-01
56196,Quingbo,Whitcomb,Engineer,1991-07-16,1998-07-16
56196,Quingbo,Whitcomb,Senior Engineer,1998-07-16,9999-01-01
56207,Troy,Perng,Engineer,1999-12-02,2001-09-09
56238,Hsiangchu,Frijda,Engineer,1990-06-08,1999-06-08
56238,Hsiangchu,Frijda,Senior Engineer,1999-06-08,2000-04-01
56250,Shridhar,McClurg,Staff,1996-09-14,1997-07-02
56265,Gad,Broomell,Engineer,1999-05-23,9999-01-01
56269,Mikhail,Boguraev,Engineer,1988-01-19,1997-01-18
56269,Mikhail,Boguraev,Senior Engineer,1997-01-18,9999-01-01
56280,Satosi,Irland,Senior Staff,1985-10-28,9999-01-01
56287,Salvador,Lienhardt,Senior Staff,1990-12-10,9999-01-01
56287,Salvador,Lienhardt,Staff,1985-12-10,1990-12-10
56330,Avishai,Tsukuda,Engineer,1986-04-06,1990-08-18
56341,Shigehiro,Milicic,Engineer,1991-10-11,2000-10-10
56341,Shigehiro,Milicic,Senior Engineer,2000-10-10,9999-01-01
56352,Pragnesh,Lenart,Engineer,1988-01-05,1989-04-02
56353,Mang,Schurmann,Engineer,1992-01-12,2001-01-11
56353,Mang,Schurmann,Senior Engineer,2001-01-11,9999-01-01
56358,Leon,Masada,Senior Engineer,1992-07-23,1996-07-14
56365,Kamakshi,Lunn,Assistant Engineer,1996-06-04,9999-01-01
56379,Mohd,Kilgour,Engineer,1994-06-17,9999-01-01
56401,Adin,Cusworth,Assistant Engineer,1991-11-07,1998-11-07
56401,Adin,Cusworth,Engineer,1998-11-07,9999-01-01
56425,Shih,Erde,Senior Staff,1994-01-06,9999-01-01
56425,Shih,Erde,Staff,1986-01-06,1994-01-06
56446,Huei,Erdmenger,Senior Staff,1999-01-23,9999-01-01
56446,Huei,Erdmenger,Staff,1990-01-23,1999-01-23
56472,Herbert,Sooriamurthi,Engineer,1998-02-01,9999-01-01
56473,Stepehn,Penn,Engineer,1992-11-13,2001-11-13
56473,Stepehn,Penn,Senior Engineer,2001-11-13,9999-01-01
56479,Arup,Seuren,Senior Staff,1998-05-18,9999-01-01
56479,Arup,Seuren,Staff,1989-05-18,1998-05-18
56491,Lein,Butner,Engineer,1990-06-01,1999-06-01
56491,Lein,Butner,Senior Engineer,1999-06-01,9999-01-01
56508,Hatim,Lammel,Assistant Engineer,1992-03-14,2000-03-14
56508,Hatim,Lammel,Engineer,2000-03-14,9999-01-01
56516,Billur,Axelband,Engineer,1993-06-16,1998-06-16
56516,Billur,Axelband,Senior Engineer,1998-06-16,9999-01-01
56521,Shaibal,Rajcani,Engineer,1985-12-04,1992-12-04
56521,Shaibal,Rajcani,Senior Engineer,1992-12-04,9999-01-01
56544,Elzbieta,Gecsei,Senior Engineer,1994-05-08,9999-01-01
56566,Jiong,Stellhorn,Engineer,1990-01-30,1995-05-23
56568,Masamitsu,Demeyer,Staff,1997-05-20,9999-01-01
56594,Arie,Norsworthy,Senior Staff,1996-06-06,9999-01-01
56594,Arie,Norsworthy,Staff,1991-06-07,1996-06-06
56614,Padma,Kalorkoti,Engineer,1996-01-02,9999-01-01
56622,Moni,Katzenelson,Assistant Engineer,1993-11-08,1998-09-28
56656,Greger,Carrera,Senior Engineer,1995-12-13,9999-01-01
56668,Jianhua,Conia,Senior Staff,1998-02-05,9999-01-01
56668,Jianhua,Conia,Staff,1992-02-06,1998-02-05
56674,Fei,Pokrovskii,Senior Staff,2001-09-15,9999-01-01
56674,Fei,Pokrovskii,Staff,1995-09-16,2001-09-15
56685,Hinrich,Luks,Staff,1992-11-09,2000-04-03
56703,Angus,England,Senior Staff,1990-12-03,9999-01-01
56707,Hideyuki,Plesums,Engineer,1994-07-19,2000-07-18
56707,Hideyuki,Plesums,Senior Engineer,2000-07-18,2001-02-17
56720,Maia,Gammage,Engineer,1994-12-22,9999-01-01
56731,Malu,Haddadi,Senior Staff,1993-11-26,1995-01-31
56777,Paloma,Heping,Senior Staff,1998-06-22,9999-01-01
56777,Paloma,Heping,Staff,1991-06-22,1998-06-22
56779,Lansing,Slobodova,Senior Staff,1994-02-03,9999-01-01
56779,Lansing,Slobodova,Staff,1988-02-04,1994-02-03
56789,Abdulla,Schlenzig,Senior Engineer,1998-03-21,9999-01-01
56791,Ohad,Iacovou,Senior Staff,1998-06-22,9999-01-01
56791,Ohad,Iacovou,Staff,1990-06-22,1998-06-22
56797,Shaowen,Hainaut,Engineer,1986-12-21,1995-12-21
56797,Shaowen,Hainaut,Senior Engineer,1995-12-21,9999-01-01
56802,Bowen,Feldhoffer,Assistant Engineer,1993-02-09,1999-02-09
56802,Bowen,Feldhoffer,Engineer,1999-02-09,9999-01-01
56812,Ohad,Merli,Senior Staff,1986-08-31,9999-01-01
56827,Takushi,Dusink,Staff,1998-08-30,9999-01-01
56866,Inderjeet,Ohori,Technique Leader,1991-09-22,9999-01-01
56885,Sachin,Tempesti,Senior Staff,1998-08-18,9999-01-01
56885,Sachin,Tempesti,Staff,1993-08-18,1998-08-18
56889,Nirmal,Rabejac,Engineer,1990-08-28,1999-08-28
56889,Nirmal,Rabejac,Senior Engineer,1999-08-28,9999-01-01
56902,JoAnne,Fadgyas,Senior Staff,1995-12-02,9999-01-01
56902,JoAnne,Fadgyas,Staff,1989-12-02,1995-12-02
56908,Krisda,Makinen,Assistant Engineer,1990-12-11,1992-04-26
56930,Aimee,Khamsi,Engineer,1995-08-23,9999-01-01
56962,Macha,Melton,Engineer,1987-01-14,1996-01-14
56962,Macha,Melton,Senior Engineer,1996-01-14,9999-01-01
56963,Ramya,Morrey,Engineer,1991-05-12,2000-05-11
56963,Ramya,Morrey,Senior Engineer,2000-05-11,9999-01-01
56966,Herbert,Khalid,Senior Staff,1992-12-16,9999-01-01
56973,Bernd,Ossenbruggen,Staff,2000-01-14,9999-01-01
56999,Udi,Wiegley,Engineer,1985-09-26,1992-09-26
56999,Udi,Wiegley,Senior Engineer,1992-09-26,9999-01-01
57010,Oldrich,Wielonsky,Engineer,1990-08-05,1995-08-05
57010,Oldrich,Wielonsky,Senior Engineer,1995-08-05,9999-01-01
57033,Fuqing,Rubsam,Engineer,1988-04-13,1994-04-13
57033,Fuqing,Rubsam,Senior Engineer,1994-04-13,9999-01-01
57037,Rosalie,Murtagh,Staff,1989-08-07,1996-01-14
57058,Fumiya,Cooman,Senior Staff,1995-10-20,9999-01-01
57058,Fumiya,Cooman,Staff,1988-10-19,1995-10-20
57066,Olivera,Solovay,Senior Engineer,1991-03-22,9999-01-01
57085,Hercules,Georg,Engineer,1994-12-23,9999-01-01
57102,Chaoyi,Porotnikoff,Engineer,1995-12-27,9999-01-01
57103,Hugo,Stranks,Assistant Engineer,1994-02-08,2002-02-08
57103,Hugo,Stranks,Engineer,2002-02-08,9999-01-01
57104,Tonny,Nastansky,Senior Staff,1993-08-07,9999-01-01
57104,Tonny,Nastansky,Staff,1985-08-07,1993-08-07
57128,Rance,Chartres,Senior Staff,1989-07-19,9999-01-01
57142,Abdulla,Yamaashi,Engineer,1987-11-18,1996-11-17
57142,Abdulla,Yamaashi,Senior Engineer,1996-11-17,9999-01-01
57143,Toshimitsu,dAstous,Assistant Engineer,1991-07-17,1998-07-17
57143,Toshimitsu,dAstous,Engineer,1998-07-17,9999-01-01
57158,Fumitaka,Biros,Engineer,1993-08-31,1999-08-31
57158,Fumitaka,Biros,Senior Engineer,1999-08-31,9999-01-01
57160,Kendra,Collette,Senior Staff,1996-11-17,9999-01-01
57160,Kendra,Collette,Staff,1988-11-17,1996-11-17
57175,Kristin,Falco,Engineer,1987-05-21,1996-05-20
57175,Kristin,Falco,Senior Engineer,1996-05-20,9999-01-01
57185,Babette,Ponthieu,Staff,1994-07-25,9999-01-01
57186,Lena,Chepyzhov,Senior Engineer,1991-02-19,9999-01-01
57192,Matk,Reeken,Senior Staff,1997-02-18,9999-01-01
57192,Matk,Reeken,Staff,1990-02-18,1997-02-18
57197,Jeong,Lindqvist,Senior Staff,1996-10-05,9999-01-01
57197,Jeong,Lindqvist,Staff,1991-10-06,1996-10-05
57200,Steen,Swift,Senior Engineer,1996-10-29,9999-01-01
57214,Marjo,Bridgland,Senior Staff,1995-04-20,9999-01-01
57221,Sachio,McAffer,Senior Staff,1996-07-28,9999-01-01
57221,Sachio,McAffer,Staff,1989-07-28,1996-07-28
57227,Shahab,Gire,Senior Staff,2000-08-09,9999-01-01
57227,Shahab,Gire,Staff,1995-08-10,2000-08-09
57231,Elgin,Kushner,Senior Staff,1997-10-09,9999-01-01
57244,Randi,Bernardinello,Senior Staff,1996-02-18,1996-06-20
57249,Tiina,Simmel,Technique Leader,1990-04-26,9999-01-01
57258,Gudjon,Matheson,Technique Leader,1992-07-04,1994-05-09
57280,Uma,Plessier,Senior Staff,1997-01-05,9999-01-01
57280,Uma,Plessier,Staff,1991-01-06,1997-01-05
57282,Kazuhira,Eppinger,Staff,1996-05-30,9999-01-01
57287,Bluma,Radhakrishnan,Staff,1990-12-12,1992-12-11
57306,Taegyun,Sudkamp,Senior Staff,1988-11-28,9999-01-01
57317,Patricio,Dulay,Engineer,1989-08-31,1996-08-31
57317,Patricio,Dulay,Senior Engineer,1996-08-31,9999-01-01
57318,Arie,Pulkowski,Senior Staff,2000-12-20,9999-01-01
57318,Arie,Pulkowski,Staff,1993-12-20,2000-12-20
57364,Vincent,Quaggetto,Engineer,1999-10-08,9999-01-01
57370,Rance,Tramer,Senior Staff,1988-03-15,1989-09-23
57375,Zhensheng,Peng,Senior Staff,2000-12-26,9999-01-01
57375,Zhensheng,Peng,Staff,1993-12-26,2000-12-26
57414,Genevieve,Thibadeau,Engineer,1998-07-24,9999-01-01
57422,Tetsushi,Schiettecatte,Engineer,1989-02-22,1996-02-23
57422,Tetsushi,Schiettecatte,Senior Engineer,1996-02-23,9999-01-01
57425,Prasadram,Meszaros,Senior Engineer,1997-02-05,2001-02-11
57432,Stafford,Facello,Engineer,1990-08-02,1998-08-02
57432,Stafford,Facello,Senior Engineer,1998-08-02,9999-01-01
57445,Mototsugu,Trystram,Senior Staff,1992-10-01,9999-01-01
57456,Jackson,DasSarma,Senior Staff,2000-04-23,9999-01-01
57456,Jackson,DasSarma,Staff,1993-04-23,2000-04-23
57466,Pranay,Rijsenbrij,Engineer,1992-03-02,1999-03-03
57466,Pranay,Rijsenbrij,Senior Engineer,1999-03-03,9999-01-01
57479,Heng,Vernadat,Engineer,1993-06-02,2001-06-02
57479,Heng,Vernadat,Senior Engineer,2001-06-02,9999-01-01
57498,Goetz,Kakkar,Senior Staff,1998-01-17,9999-01-01
57498,Goetz,Kakkar,Staff,1989-01-17,1998-01-17
57502,Weicheng,Pillow,Engineer,1998-06-02,9999-01-01
57505,Giap,Gadepally,Technique Leader,1995-06-14,9999-01-01
57523,Tsvetan,Remmers,Engineer,1993-09-23,2001-09-23
57523,Tsvetan,Remmers,Senior Engineer,2001-09-23,9999-01-01
57550,Zongyan,Gihr,Senior Staff,1997-06-10,9999-01-01
57550,Zongyan,Gihr,Staff,1988-06-10,1997-06-10
57554,Moie,Anandan,Senior Staff,1992-03-26,9999-01-01
57558,Fumiya,Frolund,Technique Leader,1993-08-03,9999-01-01
57569,Marco,Jahnichen,Senior Staff,1995-10-09,9999-01-01
57569,Marco,Jahnichen,Staff,1987-10-09,1995-10-09
57594,Ekawit,Pena,Engineer,1994-10-17,9999-01-01
57597,Huican,Hettesheimer,Engineer,1992-06-09,2000-06-09
57597,Huican,Hettesheimer,Senior Engineer,2000-06-09,9999-01-01
57617,Mohd,Boudaillier,Senior Staff,1995-07-17,9999-01-01
57617,Mohd,Boudaillier,Staff,1990-07-17,1995-07-17
57625,DAIDA,Mikschl,Staff,1998-06-10,9999-01-01
57630,Reinhold,Velardi,Senior Staff,1999-08-06,9999-01-01
57631,Hidde,Lortz,Staff,1995-03-17,1997-12-12
57645,Nakhoon,Kavanagh,Engineer,1985-07-14,1992-07-14
57645,Nakhoon,Kavanagh,Senior Engineer,1992-07-14,9999-01-01
57714,Aleksandar,Brodie,Staff,1997-01-23,2001-12-04
57736,Marsha,Vasanthakumar,Senior Engineer,1990-03-02,9999-01-01
57750,Qiwen,Anguita,Senior Staff,2001-04-09,9999-01-01
57750,Qiwen,Anguita,Staff,1993-04-09,2001-04-09
57762,Zhilian,Ruther,Staff,1992-12-02,1993-01-21
57779,Gadiel,Xiaoshan,Engineer,1987-11-24,1996-11-23
57779,Gadiel,Xiaoshan,Senior Engineer,1996-11-23,9999-01-01
57801,Shim,Ravishankar,Assistant Engineer,1991-08-23,1998-08-23
57801,Shim,Ravishankar,Engineer,1998-08-23,9999-01-01
57842,Sachio,Samarati,Senior Staff,2002-04-25,9999-01-01
57842,Sachio,Samarati,Staff,1994-04-25,2002-04-25
57849,Neven,Georgakopoulos,Senior Staff,1997-10-03,9999-01-01
57859,Gererd,Merlo,Senior Engineer,1989-07-08,9999-01-01
57878,Froduald,Noriega,Staff,1996-04-13,2001-05-30
57879,Poornachandra,Orsini,Engineer,1986-05-12,1991-05-12
57879,Poornachandra,Orsini,Senior Engineer,1991-05-12,9999-01-01
57889,Maia,Hanabata,Engineer,1985-02-08,1994-02-08
57889,Maia,Hanabata,Senior Engineer,1994-02-08,9999-01-01
57890,Uta,Haddadi,Engineer,1997-10-08,9999-01-01
57916,Tsuneo,Sevcikova,Technique Leader,1985-11-15,9999-01-01
57931,Jianhui,Reutenauer,Engineer,1997-11-13,9999-01-01
57975,Masaru,Kawashima,Staff,1996-11-23,2000-09-08
57993,Abdelaziz,Pehl,Senior Staff,1990-10-13,9999-01-01
57993,Abdelaziz,Pehl,Staff,1985-10-13,1990-10-13
58008,Jessie,Delgrossi,Senior Engineer,1985-12-02,1990-12-06
58015,Shunichi,Lally,Senior Staff,1999-02-16,9999-01-01
58015,Shunichi,Lally,Staff,1990-02-16,1999-02-16
58023,Theirry,Cooman,Staff,1997-07-11,9999-01-01
58058,Hugh,Oxenboll,Senior Staff,1999-04-17,9999-01-01
58058,Hugh,Oxenboll,Staff,1993-04-17,1999-04-17
58076,Sham,Pleszkun,Engineer,1987-02-25,1992-02-25
58076,Sham,Pleszkun,Senior Engineer,1992-02-25,9999-01-01
58081,Chikara,Champarnaud,Engineer,1996-05-29,1998-11-09
58120,Uwe,Kugler,Staff,1997-11-16,9999-01-01
58124,Lijie,Stifter,Engineer,1997-11-08,9999-01-01
58140,DAIDA,Lakshmanan,Engineer,1997-05-22,9999-01-01
58160,Xinglin,Zhiwei,Senior Staff,1999-04-02,9999-01-01
58160,Xinglin,Zhiwei,Staff,1993-04-02,1999-04-02
58173,Zhanqiu,England,Senior Staff,1992-02-06,9999-01-01
58173,Zhanqiu,England,Staff,1987-02-06,1992-02-06
58175,Denis,Schaad,Engineer,1992-08-19,1997-08-19
58175,Denis,Schaad,Senior Engineer,1997-08-19,9999-01-01
58186,Vesna,Morrey,Staff,2000-01-26,9999-01-01
58190,Sham,Pargaonkar,Engineer,1987-04-16,1995-04-16
58190,Sham,Pargaonkar,Senior Engineer,1995-04-16,9999-01-01
58229,Shigeaki,Jakobus,Staff,1994-08-15,9999-01-01
58235,Francoise,Jayawardene,Technique Leader,1992-09-06,1998-12-24
58236,Ramalingam,Botman,Senior Engineer,1992-12-08,9999-01-01
58240,Tokuyasu,Wursthorn,Staff,1998-01-09,9999-01-01
58252,Barton,Danlos,Engineer,1992-01-28,1999-01-28
58252,Barton,Danlos,Senior Engineer,1999-01-28,9999-01-01
58257,Toshimitsu,Scharstein,Engineer,1996-01-13,2001-01-12
58257,Toshimitsu,Scharstein,Senior Engineer,2001-01-12,9999-01-01
58269,Panayotis,Bresenham,Assistant Engineer,1988-10-30,1997-10-29
58269,Panayotis,Bresenham,Engineer,1997-10-29,9999-01-01
58276,Moie,Esteva,Senior Engineer,1995-01-16,9999-01-01
58278,Nikolaus,Stentiford,Assistant Engineer,1989-04-04,1996-04-03
58278,Nikolaus,Stentiford,Engineer,1996-04-03,9999-01-01
58279,Lene,Michaeli,Senior Staff,1992-07-29,9999-01-01
58279,Lene,Michaeli,Staff,1986-07-30,1992-07-29
58281,Kamakshi,England,Senior Engineer,1985-06-19,9999-01-01
58285,Kamakshi,Morrow,Engineer,1986-04-17,1994-04-17
58285,Kamakshi,Morrow,Senior Engineer,1994-04-17,9999-01-01
58296,Przemyslawa,Camurati,Engineer,1990-08-03,1996-08-02
58296,Przemyslawa,Camurati,Senior Engineer,1996-08-02,9999-01-01
58314,Dinah,Gruenwald,Engineer,1987-05-04,1993-05-03
58314,Dinah,Gruenwald,Senior Engineer,1993-05-03,9999-01-01
58397,Khun,Cusworth,Senior Engineer,1991-11-24,9999-01-01
58424,Anneli,Babu,Assistant Engineer,1991-05-25,1994-11-27
58428,Dung,Barbanera,Staff,1996-02-26,9999-01-01
58449,Geoffry,Kadhim,Senior Staff,1996-03-30,9999-01-01
58451,Lansing,Gimarc,Staff,1997-02-21,9999-01-01
58459,Arlette,Heystek,Senior Staff,1998-11-09,1999-11-30
58459,Arlette,Heystek,Staff,1991-11-09,1998-11-09
58486,Sandeepan,Mandelberg,Engineer,1994-08-13,2002-04-11
58502,Piyawadee,Terwilliger,Assistant Engineer,1988-01-09,1996-01-09
58502,Piyawadee,Terwilliger,Engineer,1996-01-09,9999-01-01
58505,Takushi,Nyrup,Senior Staff,1995-02-19,9999-01-01
58505,Takushi,Nyrup,Staff,1987-02-19,1995-02-19
58555,Navid,Weedon,Engineer,1985-03-19,1993-03-19
58555,Navid,Weedon,Senior Engineer,1993-03-19,9999-01-01
58560,Shigeu,Merel,Senior Staff,1990-09-27,9999-01-01
58560,Shigeu,Merel,Staff,1985-09-27,1990-09-27
58563,Hongzhu,Bahi,Senior Staff,2001-07-24,9999-01-01
58563,Hongzhu,Bahi,Staff,1992-07-24,2001-07-24
58566,Taizo,Klyachko,Senior Staff,2002-06-06,9999-01-01
58566,Taizo,Klyachko,Staff,1996-06-06,2002-06-06
58585,Boriana,Levergood,Senior Staff,1988-04-01,9999-01-01
58588,Piyush,Kakkad,Engineer,1998-10-21,9999-01-01
58614,Ayonca,Manders,Senior Engineer,1992-09-19,1999-07-27
58621,Weidon,Moffat,Senior Engineer,1985-11-04,9999-01-01
58622,Malu,Kaelbling,Senior Staff,1995-02-07,9999-01-01
58622,Malu,Kaelbling,Staff,1987-02-07,1995-02-07
58638,Gadiel,Wiegley,Engineer,1992-10-15,1997-10-15
58638,Gadiel,Wiegley,Senior Engineer,1997-10-15,9999-01-01
58643,Jaber,Granlund,Engineer,1993-08-30,2001-08-30
58643,Jaber,Granlund,Senior Engineer,2001-08-30,9999-01-01
58650,Boriana,Suppi,Engineer,1987-03-26,1994-03-26
58650,Boriana,Suppi,Senior Engineer,1994-03-26,9999-01-01
58664,Teiji,Dalphin,Senior Staff,1989-07-25,9999-01-01
58676,Mitsuyuki,Nittel,Senior Staff,1991-02-23,1998-10-13
58676,Mitsuyuki,Nittel,Staff,1986-02-23,1991-02-23
58707,Jaroslava,Syang,Engineer,1994-01-12,9999-01-01
58715,Valery,Schwartzburd,Senior Engineer,1996-04-04,9999-01-01
58716,Josyula,Unni,Senior Staff,1994-02-18,9999-01-01
58718,Gadiel,Gopalakrishnan,Staff,1995-08-13,9999-01-01
58756,Odoardo,Zuberek,Engineer,1999-10-29,9999-01-01
58762,Rosita,Pell,Senior Engineer,1994-01-28,1999-05-21
58766,Valter,Stellhorn,Senior Staff,1994-10-01,9999-01-01
58782,Giordano,Greenaway,Senior Engineer,1985-09-26,9999-01-01
58786,Zhiguo,Thimonier,Staff,1995-08-05,2001-11-06
58792,Georgy,Bahl,Engineer,1998-02-05,9999-01-01
58827,Marko,Salvesen,Senior Staff,1996-02-02,9999-01-01
58827,Marko,Salvesen,Staff,1988-02-02,1996-02-02
58854,Zhonghui,Butner,Assistant Engineer,1986-05-13,1986-06-24
58856,Nikolaus,Ozeri,Engineer,1988-09-25,1997-09-25
58856,Nikolaus,Ozeri,Senior Engineer,1997-09-25,9999-01-01
58863,Hatsukazu,Itzigehl,Senior Engineer,1993-02-27,9999-01-01
58870,Sushant,Litzler,Technique Leader,1995-09-15,9999-01-01
58882,Ung,Suessmith,Engineer,1998-04-08,9999-01-01
58883,Mario,Georgakopoulos,Senior Engineer,1990-04-27,1994-01-18
58884,Danil,McDermid,Senior Staff,1987-05-26,9999-01-01
58887,Lansing,Heyers,Engineer,1989-02-22,1996-02-23
58887,Lansing,Heyers,Senior Engineer,1996-02-23,9999-01-01
58898,Howell,Veeraraghavan,Senior Staff,2000-11-04,9999-01-01
58898,Howell,Veeraraghavan,Staff,1994-11-05,2000-11-04
58969,Richara,Aloisi,Engineer,1988-08-09,1997-08-09
58969,Richara,Aloisi,Senior Engineer,1997-08-09,9999-01-01
58985,Kensyu,Bratsberg,Engineer,2000-01-20,9999-01-01
58989,Gaetan,Walston,Senior Staff,1993-05-19,9999-01-01
58989,Gaetan,Walston,Staff,1985-05-19,1993-05-19
59006,Gina,Ramsak,Engineer,1987-06-27,1995-06-27
59006,Gina,Ramsak,Senior Engineer,1995-06-27,9999-01-01
59036,Marke,Conry,Engineer,1988-03-11,1997-03-11
59036,Marke,Conry,Senior Engineer,1997-03-11,9999-01-01
59054,Willard,Willoner,Staff,1996-01-06,9999-01-01
59055,Mansur,Hambrick,Staff,1997-06-06,9999-01-01
59057,Shalesh,Kading,Staff,1995-04-01,2000-05-18
59062,Chaitali,Jiang,Senior Staff,1994-03-08,9999-01-01
59062,Chaitali,Jiang,Staff,1986-03-08,1994-03-08
59069,Marie,Broomell,Senior Staff,1997-09-15,9999-01-01
59069,Marie,Broomell,Staff,1992-09-15,1997-09-15
59075,Stamatina,McClurg,Engineer,1990-11-24,1999-11-24
59075,Stamatina,McClurg,Senior Engineer,1999-11-24,9999-01-01
59081,Masako,Loncour,Senior Staff,1997-06-02,9999-01-01
59081,Masako,Loncour,Staff,1991-06-03,1997-06-02
59083,Stella,Vitiello,Senior Engineer,1992-04-02,1998-02-03
59086,Jessie,Ruther,Senior Staff,1998-05-18,9999-01-01
59120,Masako,Hitomi,Technique Leader,1992-12-18,9999-01-01
59132,Sanjay,Pappas,Senior Engineer,1988-06-30,1994-10-14
59156,Neelam,Vigier,Engineer,1986-10-28,1995-10-28
59156,Neelam,Vigier,Senior Engineer,1995-10-28,9999-01-01
59178,Satosi,Khalid,Senior Staff,1996-02-11,9999-01-01
59178,Satosi,Khalid,Staff,1990-02-11,1996-02-11
59222,Xiaoheng,Chinal,Assistant Engineer,1992-11-27,1999-11-28
59222,Xiaoheng,Chinal,Engineer,1999-11-28,9999-01-01
59231,Oddvar,Beausoleil,Staff,1998-11-19,9999-01-01
59239,Weidon,Masaki,Engineer,1997-03-03,2002-05-29
59254,Bedrich,Rosen,Engineer,1985-06-20,1993-06-20
59254,Bedrich,Rosen,Senior Engineer,1993-06-20,9999-01-01
59263,Troy,Vendrig,Staff,1996-06-17,1999-01-06
59274,Lena,Argence,Engineer,1996-07-04,2002-07-04
59274,Lena,Argence,Senior Engineer,2002-07-04,9999-01-01
59280,Wilmer,Gniady,Staff,1999-10-01,9999-01-01
59284,Mohammad,Cyre,Senior Engineer,1986-08-04,9999-01-01
59291,Geoff,Marshall,Senior Staff,1997-06-06,9999-01-01
59296,Irene,Brendel,Engineer,1998-06-03,2000-04-28
59314,Taisook,Lunn,Engineer,1988-03-27,1996-03-27
59314,Taisook,Lunn,Senior Engineer,1996-03-27,9999-01-01
59320,Kersti,Strehl,Senior Staff,1999-04-07,9999-01-01
59330,Filipe,Ebeling,Senior Staff,1993-02-06,9999-01-01
59343,Dinkar,Junet,Engineer,1997-02-10,9999-01-01
59347,Demin,Montemayor,Engineer,1992-12-29,2000-12-29
59347,Demin,Montemayor,Senior Engineer,2000-12-29,9999-01-01
59350,Murthy,Aseltine,Senior Staff,1996-05-14,9999-01-01
59350,Murthy,Aseltine,Staff,1991-05-15,1996-05-14
59365,Iara,Kohling,Engineer,1996-09-07,9999-01-01
59366,Marjo,Walston,Assistant Engineer,1989-09-17,1997-09-17
59366,Marjo,Walston,Engineer,1997-09-17,9999-01-01
59372,Arch,Luga,Engineer,1994-01-16,2001-01-16
59372,Arch,Luga,Senior Engineer,2001-01-16,9999-01-01
59377,Sumali,Rosin,Senior Staff,1995-08-30,9999-01-01
59377,Sumali,Rosin,Staff,1987-08-30,1995-08-30
59386,Mrinalini,Karlin,Assistant Engineer,1994-06-25,2001-06-25
59386,Mrinalini,Karlin,Engineer,2001-06-25,9999-01-01
59431,Ulf,Zeidenstein,Engineer,1988-06-27,1993-06-27
59431,Ulf,Zeidenstein,Senior Engineer,1993-06-27,9999-01-01
59438,Kwangho,Pavlopoulou,Engineer,1992-09-24,1999-09-25
59438,Kwangho,Pavlopoulou,Senior Engineer,1999-09-25,9999-01-01
59440,Pranav,Gajiwala,Senior Staff,2001-05-09,9999-01-01
59440,Pranav,Gajiwala,Staff,1993-05-09,2001-05-09
59459,Dekang,Bolotov,Senior Engineer,1989-05-23,9999-01-01
59473,Chinhyun,Mitsuhashi,Senior Engineer,1994-10-25,9999-01-01
59479,Fumiyo,Wolniewicz,Engineer,1997-02-14,9999-01-01
59491,Elgin,Peir,Engineer,1990-11-24,1996-11-23
59491,Elgin,Peir,Senior Engineer,1996-11-23,9999-01-01
59517,Masadi,Ghelli,Senior Staff,1997-12-26,9999-01-01
59517,Masadi,Ghelli,Staff,1992-12-26,1997-12-26
59524,Goa,Chenney,Technique Leader,1994-05-18,9999-01-01
59534,Jinya,Boreale,Assistant Engineer,1996-01-25,1997-02-28
59536,Yunming,Czap,Engineer,1993-07-05,2000-07-05
59536,Yunming,Czap,Senior Engineer,2000-07-05,9999-01-01
59546,Nathan,Zolotykh,Technique Leader,1992-08-17,9999-01-01
59563,Werner,Kranzdorf,Engineer,1996-03-03,2001-03-03
59563,Werner,Kranzdorf,Senior Engineer,2001-03-03,9999-01-01
59564,Basim,Zockler,Senior Staff,2002-04-25,9999-01-01
59564,Basim,Zockler,Staff,1993-04-25,2002-04-25
59576,George,Copas,Assistant Engineer,1998-10-04,9999-01-01
59607,Billur,Piazza,Senior Staff,1993-11-06,9999-01-01
59607,Billur,Piazza,Staff,1985-11-06,1993-11-06
59623,Pantung,Staudhammer,Staff,1999-09-09,9999-01-01
59653,Ramzi,Marrakchi,Senior Staff,2002-01-23,9999-01-01
59653,Ramzi,Marrakchi,Staff,1994-01-23,2002-01-23
59664,Zhongwei,Norsworthy,Engineer,1997-01-23,9999-01-01
59681,Matk,Scallan,Senior Engineer,1992-01-15,2001-06-27
59706,Doowon,Businaro,Technique Leader,1999-09-05,9999-01-01
59715,Doowon,Marquardt,Senior Staff,1992-08-22,9999-01-01
59721,Mototsugu,Piveteau,Staff,1996-02-18,9999-01-01
59736,Udi,Soicher,Engineer,1986-02-09,1995-02-09
59736,Udi,Soicher,Senior Engineer,1995-02-09,9999-01-01
59758,Doowon,Ladret,Engineer,1990-05-02,1991-06-01
59776,Chaitali,Weedman,Engineer,1987-09-01,1996-08-31
59776,Chaitali,Weedman,Senior Engineer,1996-08-31,9999-01-01
59789,Neven,Schapiro,Engineer,1997-10-25,1999-07-28
59819,Demin,Yavatkar,Engineer,1999-07-28,2002-03-09
59844,Danco,Jiafu,Senior Staff,1991-07-17,9999-01-01
59844,Danco,Jiafu,Staff,1986-07-17,1991-07-17
59847,Naftaly,Janocha,Senior Staff,1998-06-07,9999-01-01
59847,Naftaly,Janocha,Staff,1992-06-07,1998-06-07
59856,Tzu,Fabrizio,Technique Leader,1991-07-14,9999-01-01
59862,Jiang,Radhakrishnan,Staff,1998-10-13,9999-01-01
59871,Reuven,Wroclawski,Engineer,1997-03-29,1998-11-19
59872,Almudena,Paciorek,Senior Engineer,1995-09-07,9999-01-01
59876,Moriyoshi,Tischendorf,Senior Staff,1991-06-06,9999-01-01
59888,Martial,Brookman,Staff,1997-09-05,1999-09-17
59892,Nadjib,Marrakchi,Engineer,1992-04-01,1997-04-01
59892,Nadjib,Marrakchi,Senior Engineer,1997-04-01,9999-01-01
59895,Baruch,Szilard,Senior Staff,1997-05-12,1999-07-18
59901,Leon,Rotem,Engineer,1992-08-27,2001-08-27
59901,Leon,Rotem,Senior Engineer,2001-08-27,9999-01-01
59910,Bikash,Lund,Assistant Engineer,1994-05-24,1999-05-24
59910,Bikash,Lund,Engineer,1999-05-24,9999-01-01
59943,Duke,Orsini,Assistant Engineer,1998-09-16,2000-08-05
59948,Fen,Grabner,Senior Staff,1994-01-13,9999-01-01
59948,Fen,Grabner,Staff,1988-01-14,1994-01-13
59949,Honesty,Kopetz,Engineer,1992-03-11,1999-03-12
59949,Honesty,Kopetz,Senior Engineer,1999-03-12,9999-01-01
59965,Leon,Speek,Senior Staff,1999-10-13,9999-01-01
59965,Leon,Speek,Staff,1994-10-13,1999-10-13
59991,Kristen,Yoshimura,Engineer,1986-03-20,1991-03-20
59991,Kristen,Yoshimura,Senior Engineer,1991-03-20,9999-01-01
60026,Nakhoon,Thisen,Senior Engineer,1997-11-09,1999-05-20
60033,Arie,Ashish,Engineer,1985-06-19,1992-06-19
60033,Arie,Ashish,Senior Engineer,1992-06-19,9999-01-01
60037,Haldon,Vidal,Assistant Engineer,1990-01-13,1996-01-13
60037,Haldon,Vidal,Engineer,1996-01-13,2002-01-12
60037,Haldon,Vidal,Senior Engineer,2002-01-12,9999-01-01
60044,Ewing,Sury,Senior Engineer,1999-09-26,9999-01-01
60059,Tze,Gire,Technique Leader,1986-12-01,9999-01-01
60074,Goetz,Assaf,Engineer,1992-10-12,1999-10-13
60074,Goetz,Assaf,Senior Engineer,1999-10-13,9999-01-01
60076,Khue,Junot,Engineer,1999-08-17,9999-01-01
60082,Masasuke,Straney,Staff,1996-01-22,2001-10-05
60090,Noritoshi,Stasinski,Senior Staff,1998-03-29,9999-01-01
60090,Noritoshi,Stasinski,Staff,1989-03-29,1998-03-29
60106,Saniya,Homond,Staff,1987-08-20,1994-09-07
60112,Zhanqiu,Ecklund,Engineer,1987-11-27,1993-11-26
60112,Zhanqiu,Ecklund,Senior Engineer,1993-11-26,9999-01-01
60126,Alair,Orsini,Senior Staff,1994-04-14,9999-01-01
60126,Alair,Orsini,Staff,1987-04-14,1994-04-14
60129,Changho,Radwan,Engineer,1999-11-15,9999-01-01
60163,Fumino,Liesche,Staff,1997-10-26,9999-01-01
60181,Bodo,Hebert,Senior Staff,1999-01-28,9999-01-01
60182,Shietung,Pocchiola,Engineer,1996-05-10,9999-01-01
60194,Vidar,Fiebach,Staff,1996-05-23,9999-01-01
60214,Arnd,Ghazalie,Technique Leader,1987-12-29,9999-01-01
60223,Ung,Vecchi,Staff,2000-01-19,9999-01-01
60228,Sergi,Gluchowski,Staff,1996-11-01,2000-08-08
60237,Raimond,Ratzlaff,Senior Staff,1992-08-26,9999-01-01
60237,Raimond,Ratzlaff,Staff,1985-08-26,1992-08-26
60277,Takahiro,Botman,Engineer,1985-07-20,1990-07-20
60277,Takahiro,Botman,Senior Engineer,1990-07-20,9999-01-01
60283,Huiqun,Leslie,Senior Staff,1988-03-18,9999-01-01
60292,Surveyors,Vieth,Senior Engineer,1985-09-08,9999-01-01
60294,Arup,Godskesen,Senior Engineer,1985-06-03,9999-01-01
60304,Erzsebet,Mawatari,Senior Staff,1989-04-13,1994-04-13
60306,Xinan,Poehlman,Senior Staff,1992-11-12,9999-01-01
60358,Arfst,Sudbeck,Senior Staff,1985-07-10,1988-03-21
60362,Shem,Serov,Engineer,1994-02-02,2000-02-02
60362,Shem,Serov,Senior Engineer,2000-02-02,9999-01-01
60370,Lidong,Suessmith,Senior Staff,2000-06-26,9999-01-01
60370,Lidong,Suessmith,Staff,1995-06-27,2000-06-26
60380,Wonhee,Janetzko,Technique Leader,1995-07-05,2000-03-16
60382,Yinghua,Mellouli,Staff,1996-11-27,9999-01-01
60410,Bedrich,Reeken,Engineer,1998-12-09,9999-01-01
60416,Elgin,Dymetman,Engineer,1992-05-23,2000-05-23
60416,Elgin,Dymetman,Senior Engineer,2000-05-23,9999-01-01
60438,Gennady,Acton,Engineer,1992-05-19,1997-07-16
60473,Shounak,Weedon,Staff,1999-05-31,9999-01-01
60481,Owen,Conta,Engineer,1999-05-21,9999-01-01
60489,Syozo,Rebaine,Senior Staff,1996-05-02,9999-01-01
60507,Subhankar,Mamelak,Senior Staff,1991-07-27,9999-01-01
60523,Avishai,Angot,Engineer,1987-07-27,1994-07-27
60523,Avishai,Angot,Senior Engineer,1994-07-27,9999-01-01
60538,Mariangiola,Bonifati,Engineer,1998-02-21,9999-01-01
60554,Kasidit,Menyhert,Engineer,1993-05-24,1998-07-27
60569,Masoud,Butner,Senior Engineer,1995-02-03,9999-01-01
60581,Jiann,Antonisse,Senior Staff,1991-05-19,9999-01-01
60581,Jiann,Antonisse,Staff,1985-05-19,1991-05-19
60588,Leif,Vilarrasa,Senior Staff,1997-07-13,9999-01-01
60588,Leif,Vilarrasa,Staff,1991-07-14,1997-07-13
60590,Juyoung,Minakawa,Technique Leader,1990-10-18,9999-01-01
60592,Jeanne,Rotem,Senior Staff,1997-02-18,9999-01-01
60592,Jeanne,Rotem,Staff,1989-02-18,1997-02-18
60596,Honesty,Litecky,Technique Leader,1988-12-02,1993-03-29
60601,Franziska,Jahnichen,Staff,1998-11-16,9999-01-01
60617,Shaibal,Ishibashi,Senior Engineer,1994-10-02,2001-04-26
60632,Tadanori,Madeira,Engineer,1985-10-07,1991-10-07
60632,Tadanori,Madeira,Senior Engineer,1991-10-07,9999-01-01
60663,Ronghao,Klerer,Senior Staff,1997-01-27,9999-01-01
60696,Sachio,Gluchowski,Senior Engineer,1997-12-19,9999-01-01
60716,Tiina,Rosar,Engineer,1987-04-26,1994-04-26
60716,Tiina,Rosar,Senior Engineer,1994-04-26,2001-08-28
60761,Rasiah,Merks,Senior Staff,1992-04-28,9999-01-01
60761,Rasiah,Merks,Staff,1987-04-29,1992-04-28
60776,Sungwon,Nyanchama,Engineer,1990-11-17,1997-11-17
60776,Sungwon,Nyanchama,Senior Engineer,1997-11-17,9999-01-01
60787,Volkmar,Bolotov,Senior Engineer,1990-10-07,9999-01-01
60799,Elliott,Zykh,Technique Leader,1995-03-28,9999-01-01
60801,Roded,Sethi,Engineer,1986-06-10,1994-06-10
60801,Roded,Sethi,Senior Engineer,1994-06-10,9999-01-01
60806,Yoshimitsu,Erde,Senior Staff,2001-07-05,9999-01-01
60806,Yoshimitsu,Erde,Staff,1993-07-05,2001-07-05
60819,Huiqun,Brobst,Engineer,1998-03-19,9999-01-01
60827,Margareta,Barbanera,Assistant Engineer,1994-05-21,2002-05-21
60827,Margareta,Barbanera,Engineer,2002-05-21,9999-01-01
60844,Berhard,Krzyzanowski,Engineer,1992-01-01,1996-12-31
60844,Berhard,Krzyzanowski,Senior Engineer,1996-12-31,2000-10-26
60851,Mohit,Boguraev,Engineer,1986-10-19,1995-10-19
60851,Mohit,Boguraev,Senior Engineer,1995-10-19,9999-01-01
60863,Masako,Stemann,Engineer,1987-05-27,1996-05-26
60863,Masako,Stemann,Senior Engineer,1996-05-26,9999-01-01
60870,Raimond,Mawatari,Staff,1996-03-31,2002-07-22
60901,Hatem,Velasco,Senior Staff,1997-06-06,9999-01-01
60901,Hatem,Velasco,Staff,1988-06-06,1997-06-06
60909,Mani,Bail,Senior Staff,1996-03-11,9999-01-01
60909,Mani,Bail,Staff,1987-03-12,1996-03-11
60911,Alejandra,Nitto,Assistant Engineer,1987-05-20,1994-05-20
60911,Alejandra,Nitto,Engineer,1994-05-20,2001-05-20
60911,Alejandra,Nitto,Senior Engineer,2001-05-20,9999-01-01
60918,Lihong,Chinin,Staff,1996-08-21,9999-01-01
60961,Marla,DeMori,Staff,1998-11-20,9999-01-01
60962,Brewster,Gubsky,Staff,1995-02-22,9999-01-01
60966,Zhigen,Mandelberg,Assistant Engineer,1999-06-20,2001-03-28
60969,Mabo,Setiz,Senior Staff,1995-10-10,1999-12-06
60986,Barton,Snyers,Assistant Engineer,1987-02-12,1996-02-12
60986,Barton,Snyers,Engineer,1996-02-12,9999-01-01
60997,Kitty,Olano,Senior Staff,1990-07-11,1994-04-10
60997,Kitty,Olano,Staff,1985-07-11,1990-07-11
61002,Kaijung,Kolvik,Senior Staff,1998-02-01,9999-01-01
61002,Kaijung,Kolvik,Staff,1991-02-01,1998-02-01
61016,Shim,Kushner,Engineer,1990-08-02,1996-08-01
61016,Shim,Kushner,Senior Engineer,1996-08-01,9999-01-01
61020,Weidon,Gonthier,Technique Leader,1988-09-07,9999-01-01
61032,Aria,Masada,Senior Staff,2000-12-01,9999-01-01
61032,Aria,Masada,Staff,1992-12-01,2000-12-01
61036,Shimshon,Nergos,Engineer,1987-09-08,1993-09-07
61036,Shimshon,Nergos,Senior Engineer,1993-09-07,9999-01-01
61041,Ute,Millington,Senior Staff,1996-04-30,9999-01-01
61042,Elrique,Schicker,Staff,1988-06-23,1989-01-31
61053,Gaetan,Dratva,Senior Staff,1998-11-27,9999-01-01
61053,Gaetan,Dratva,Staff,1990-11-27,1998-11-27
61065,Mohan,Falck,Senior Engineer,1985-09-30,9999-01-01
61097,Kwangjo,Trelles,Engineer,1986-10-20,1992-10-19
61097,Kwangjo,Trelles,Senior Engineer,1992-10-19,9999-01-01
61100,Mokhtar,Willoner,Senior Staff,1995-03-28,9999-01-01
61100,Mokhtar,Willoner,Staff,1986-03-28,1995-03-28
61125,Bader,Gurbaxani,Engineer,2000-01-02,9999-01-01
61167,Zhigen,Weedon,Staff,1997-11-13,9999-01-01
61185,Aria,Zielinski,Senior Staff,1996-05-01,9999-01-01
61185,Aria,Zielinski,Staff,1990-05-02,1996-05-01
61217,Dannz,Masaki,Technique Leader,1992-07-30,1992-10-02
61218,Gou,Detkin,Engineer,1993-03-26,1998-03-26
61218,Gou,Detkin,Senior Engineer,1998-03-26,9999-01-01
61229,Shiv,Herber,Senior Staff,1998-04-04,9999-01-01
61229,Shiv,Herber,Staff,1990-04-05,1998-04-04
61233,Heeju,Backhouse,Engineer,1998-08-30,9999-01-01
61234,King,Kitsuregawa,Staff,1999-12-19,9999-01-01
61245,Neven,Kriebel,Senior Staff,1998-04-28,9999-01-01
61245,Neven,Kriebel,Staff,1992-04-28,1998-04-28
61268,Toshimi,Melton,Technique Leader,1986-03-31,9999-01-01
61277,Koichi,Kakkar,Senior Staff,1994-05-12,9999-01-01
61277,Koichi,Kakkar,Staff,1987-05-12,1994-05-12
61280,Anyuan,Kushnir,Senior Staff,2001-10-04,9999-01-01
61280,Anyuan,Kushnir,Staff,1994-10-04,2001-10-04
61283,Siamak,Vidya,Assistant Engineer,1991-06-03,1999-06-03
61283,Siamak,Vidya,Engineer,1999-06-03,9999-01-01
61290,Lokesh,Junot,Assistant Engineer,1997-12-01,9999-01-01
61312,Zito,Ranta,Senior Staff,2000-08-13,9999-01-01
61312,Zito,Ranta,Staff,1995-08-14,2000-08-13
61319,Sanjeeva,Covnot,Senior Staff,1997-02-07,9999-01-01
61319,Sanjeeva,Covnot,Staff,1992-02-08,1997-02-07
61334,Georgi,Winter,Senior Staff,2000-11-18,9999-01-01
61334,Georgi,Winter,Staff,1991-11-19,2000-11-18
61348,Val,Itzfeldt,Engineer,1995-01-18,2002-01-18
61348,Val,Itzfeldt,Senior Engineer,2002-01-18,9999-01-01
61359,Juichirou,Blokdijk,Senior Staff,1995-02-16,9999-01-01
61359,Juichirou,Blokdijk,Staff,1990-02-16,1995-02-16
61386,Stein,Sessa,Assistant Engineer,1997-10-30,2001-03-09
61396,Hairong,Nastansky,Senior Staff,1994-07-22,9999-01-01
61411,Subhash,Cappelli,Engineer,1999-05-24,2001-04-15
61433,Kazuhiko,Zhang,Engineer,1986-10-13,1995-10-13
61433,Kazuhiko,Zhang,Senior Engineer,1995-10-13,9999-01-01
61454,Doohun,Thisen,Senior Engineer,1987-04-18,9999-01-01
61455,Fumiyo,Kaiser,Technique Leader,1988-12-16,9999-01-01
61458,Yongmao,Lundstrom,Technique Leader,1997-06-29,9999-01-01
61479,Theirry,Godskesen,Staff,1998-10-04,2001-03-12
61488,Gritta,Homond,Staff,1986-01-30,1990-02-21
61496,Branimir,Benveniste,Engineer,1986-08-08,1994-08-08
61496,Branimir,Benveniste,Senior Engineer,1994-08-08,9999-01-01
61500,Bangqing,Soloway,Senior Engineer,1995-08-12,9999-01-01
61504,Xuejun,Compeau,Engineer,1995-11-14,2000-11-13
61504,Xuejun,Compeau,Senior Engineer,2000-11-13,9999-01-01
61507,Alois,Zizka,Engineer,1999-11-28,9999-01-01
61533,Marla,Guerreiro,Engineer,1991-11-09,1999-11-09
61533,Marla,Guerreiro,Senior Engineer,1999-11-09,9999-01-01
61540,Jolita,Comte,Assistant Engineer,1998-11-16,2000-05-23
61550,Jeanna,dAstous,Senior Engineer,1986-02-17,9999-01-01
61556,Mohan,Vecchio,Senior Staff,1994-10-13,9999-01-01
61562,Raimond,Wilharm,Engineer,1997-05-25,2002-04-16
61580,Yoshimitsu,Merey,Engineer,1993-12-22,1998-12-22
61580,Yoshimitsu,Merey,Senior Engineer,1998-12-22,9999-01-01
61587,Aral,Delgrange,Technique Leader,1991-04-17,9999-01-01
61599,Bedrich,Borstler,Engineer,1993-07-07,1999-07-07
61599,Bedrich,Borstler,Senior Engineer,1999-07-07,9999-01-01
61610,Younwoo,Coorg,Staff,1994-08-27,9999-01-01
61617,Hilary,Munawer,Engineer,1985-04-11,1989-09-24
61635,Narain,Sigstam,Senior Staff,1992-09-14,9999-01-01
61642,Lucien,Murtha,Senior Staff,1997-05-29,9999-01-01
61642,Lucien,Murtha,Staff,1990-05-29,1997-05-29
61668,Maia,Harbusch,Engineer,1988-07-05,1994-07-05
61668,Maia,Harbusch,Senior Engineer,1994-07-05,9999-01-01
61674,Yahiko,Copas,Engineer,1997-12-07,9999-01-01
61685,Cathie,Ghalwash,Assistant Engineer,1999-08-12,9999-01-01
61691,Breannda,Pellegrinelli,Assistant Engineer,1998-12-07,9999-01-01
61740,Aloys,Pappas,Senior Staff,1991-10-12,9999-01-01
61740,Aloys,Pappas,Staff,1986-10-12,1991-10-12
61745,Junichi,Garigliano,Engineer,1992-01-13,2000-01-13
61745,Junichi,Garigliano,Senior Engineer,2000-01-13,9999-01-01
61809,Percy,Mukaidono,Engineer,1985-05-09,1993-05-09
61809,Percy,Mukaidono,Senior Engineer,1993-05-09,9999-01-01
61810,Murthy,Collavizza,Senior Staff,1998-04-07,9999-01-01
61810,Murthy,Collavizza,Staff,1990-04-07,1998-04-07
61813,Tsvetan,Butner,Senior Engineer,1993-03-29,9999-01-01
61831,Feixiong,Guardalben,Senior Staff,1994-12-29,9999-01-01
61831,Feixiong,Guardalben,Staff,1986-12-29,1994-12-29
61857,Zhonghua,Ozeri,Engineer,1993-12-27,2001-12-27
61857,Zhonghua,Ozeri,Senior Engineer,2001-12-27,9999-01-01
61863,Kamakshi,Boyle,Technique Leader,1996-04-04,9999-01-01
61902,Zhenhua,Heydon,Engineer,1994-01-04,2001-01-04
61902,Zhenhua,Heydon,Senior Engineer,2001-01-04,9999-01-01
61903,Xiaopeng,Pell,Staff,1999-10-07,9999-01-01
61912,Kristof,Baca,Engineer,1995-02-08,2000-11-21
61916,Roddy,Eterovic,Senior Engineer,1990-10-12,9999-01-01
61933,Gina,Botman,Assistant Engineer,1992-02-08,1998-02-07
61933,Gina,Botman,Engineer,1998-02-07,9999-01-01
61945,Ingmar,Raczkowsky,Senior Staff,1999-08-08,9999-01-01
61945,Ingmar,Raczkowsky,Staff,1994-08-08,1999-08-08
61951,Marit,Streit,Engineer,1998-05-08,2001-04-29
61957,Souichi,Rabejac,Assistant Engineer,1993-12-16,1998-12-16
61957,Souichi,Rabejac,Engineer,1998-12-16,9999-01-01
62013,Krassimir,Butner,Technique Leader,1996-11-23,9999-01-01
62014,Angel,Ernst,Senior Staff,1992-10-28,2001-05-27
62030,Yaghout,Brodal,Senior Staff,1997-04-17,9999-01-01
62030,Yaghout,Brodal,Staff,1990-04-17,1997-04-17
62032,Ramya,Pavlopoulou,Assistant Engineer,1995-07-31,1996-06-11
62047,Jiang,Gihr,Engineer,1996-02-13,9999-01-01
62048,Susumu,Foote,Engineer,1986-05-21,1993-05-21
62048,Susumu,Foote,Senior Engineer,1993-05-21,2001-03-07
62052,Lihong,Stassinopoulos,Senior Staff,1991-11-14,9999-01-01
62052,Lihong,Stassinopoulos,Staff,1985-11-14,1991-11-14
62054,Isaac,Basart,Senior Engineer,1985-08-19,9999-01-01
62060,Manibrata,Delgrossi,Engineer,1993-02-02,2001-02-02
62060,Manibrata,Delgrossi,Senior Engineer,2001-02-02,9999-01-01
62078,Ult,Heystek,Engineer,1991-11-08,1993-11-19
62096,Supot,Pintelas,Senior Staff,1993-09-01,1993-10-07
62101,Yonghoan,Crooks,Senior Staff,1992-05-21,9999-01-01
62101,Yonghoan,Crooks,Staff,1985-05-21,1992-05-21
62119,Shigeo,Foote,Engineer,1992-03-25,2000-03-25
62119,Shigeo,Foote,Senior Engineer,2000-03-25,9999-01-01
62130,Yonghong,Mattern,Engineer,1990-03-07,1997-03-07
62130,Yonghong,Mattern,Senior Engineer,1997-03-07,1997-08-04
62141,Yagil,Apsitis,Senior Staff,1995-09-18,9999-01-01
62141,Yagil,Apsitis,Staff,1986-09-18,1995-09-18
62142,Pranav,Koprowski,Senior Staff,1999-01-27,9999-01-01
62142,Pranav,Koprowski,Staff,1992-01-27,1999-01-27
62172,Alois,Schaad,Senior Engineer,1987-10-04,9999-01-01
62176,Xiaopeng,Waeselynck,Engineer,1987-04-26,1996-04-25
62176,Xiaopeng,Waeselynck,Senior Engineer,1996-04-25,9999-01-01
62203,Slavian,Feldhoffer,Engineer,1987-10-09,1993-10-08
62203,Slavian,Feldhoffer,Senior Engineer,1993-10-08,9999-01-01
62217,Mario,Valiente,Staff,1995-04-25,9999-01-01
62220,Rasiah,Gornas,Senior Engineer,1993-08-26,9999-01-01
62230,Marjo,Makrucki,Senior Engineer,1990-04-25,1997-08-18
62247,Chaitali,Esteva,Technique Leader,1992-02-20,9999-01-01
62256,Paloma,Herbst,Staff,1996-07-28,9999-01-01
62262,Adam,Kemmerer,Senior Staff,1990-11-26,9999-01-01
62262,Adam,Kemmerer,Staff,1985-11-26,1990-11-26
62305,Berry,Narlikar,Engineer,1998-01-01,9999-01-01
62310,Kazuyasu,Marciano,Technique Leader,1999-11-13,2000-06-22
62312,Duro,Luks,Senior Staff,1996-04-08,9999-01-01
62312,Duro,Luks,Staff,1988-04-08,1996-04-08
62314,Pranjal,Farris,Staff,1997-06-08,9999-01-01
62316,Georg,Terkki,Engineer,1988-08-14,1994-08-14
62316,Georg,Terkki,Senior Engineer,1994-08-14,9999-01-01
62330,Mokhtar,Clemencon,Senior Staff,1995-08-29,9999-01-01
62330,Mokhtar,Clemencon,Staff,1986-08-29,1995-08-29
62335,Maya,Sinicrope,Engineer,1995-06-19,2001-06-18
62335,Maya,Sinicrope,Senior Engineer,2001-06-18,9999-01-01
62342,Guenter,Vingron,Engineer,1995-04-16,2000-04-15
62342,Guenter,Vingron,Senior Engineer,2000-04-15,9999-01-01
62348,Aria,Gyorkos,Staff,1998-09-17,9999-01-01
62353,Munehiko,Benveniste,Staff,1998-07-23,9999-01-01
62354,Jagoda,Lanzelotte,Engineer,1988-08-26,1996-08-26
62354,Jagoda,Lanzelotte,Senior Engineer,1996-08-26,9999-01-01
62358,Nahla,Harbusch,Engineer,1991-05-12,2000-05-11
62358,Nahla,Harbusch,Senior Engineer,2000-05-11,9999-01-01
62365,Garnet,Benzaken,Engineer,1986-04-24,1993-04-24
62365,Garnet,Benzaken,Senior Engineer,1993-04-24,9999-01-01
62376,Mayuri,Beutelspacher,Senior Engineer,1988-12-06,9999-01-01
62442,LiMin,Swist,Senior Staff,2002-02-09,9999-01-01
62442,LiMin,Swist,Staff,1997-02-09,2002-02-09
62457,Lein,Petersohn,Senior Engineer,1991-06-13,9999-01-01
62466,Constantino,Lorys,Senior Engineer,1990-10-15,9999-01-01
62474,Feixiong,Monkewich,Engineer,1985-08-29,1994-08-29
62474,Feixiong,Monkewich,Senior Engineer,1994-08-29,9999-01-01
62504,Roded,Rajcani,Senior Staff,1999-01-15,9999-01-01
62504,Roded,Rajcani,Staff,1994-01-15,1999-01-15
62510,Genki,Sanella,Engineer,1987-04-24,1992-04-23
62510,Genki,Sanella,Senior Engineer,1992-04-23,9999-01-01
62521,Indrajit,Krohm,Senior Staff,1991-06-19,9999-01-01
62521,Indrajit,Krohm,Staff,1986-06-19,1991-06-19
62526,Tokuyasu,Bail,Engineer,1990-07-16,1999-07-16
62526,Tokuyasu,Bail,Senior Engineer,1999-07-16,9999-01-01
62534,Yongqiao,Ananiadou,Engineer,1989-10-26,1994-10-26
62534,Yongqiao,Ananiadou,Senior Engineer,1994-10-26,9999-01-01
62540,Mohit,Qiwen,Senior Staff,2001-08-21,9999-01-01
62540,Mohit,Qiwen,Staff,1994-08-21,2001-08-21
62547,Arch,Camurati,Engineer,1986-08-14,1995-08-14
62547,Arch,Camurati,Senior Engineer,1995-08-14,9999-01-01
62568,Sandeepan,Asser,Staff,1997-04-16,9999-01-01
62578,Nevio,Narlikar,Engineer,1999-08-30,9999-01-01
62596,Tadahiro,Birke,Technique Leader,1989-04-26,9999-01-01
62598,Kazuhiro,Pavlopoulou,Engineer,1995-08-15,1999-09-05
62624,Kinh,Noriega,Staff,1995-08-07,1995-12-05
62628,Steen,Griswold,Staff,1999-03-06,9999-01-01
62643,Poornachandra,Skafidas,Staff,1999-02-01,2000-06-10
62647,Nagui,Munro,Senior Engineer,1989-07-30,9999-01-01
62649,Arno,Oaver,Engineer,1999-11-07,2000-12-16
62652,Huai,Baranowski,Engineer,1999-07-31,9999-01-01
62653,Ferdinand,Conta,Staff,1996-10-17,9999-01-01
62654,Bedir,Peek,Engineer,1992-02-25,2001-02-24
62654,Bedir,Peek,Senior Engineer,2001-02-24,9999-01-01
62681,Premal,Lueh,Engineer,1995-01-20,2001-01-19
62681,Premal,Lueh,Senior Engineer,2001-01-19,9999-01-01
62698,Anyuan,Azumi,Senior Staff,1985-05-01,9999-01-01
62712,Manohar,Rissland,Senior Staff,1995-07-21,1996-04-11
62717,Mohammed,Radhakrishnan,Technique Leader,1998-06-19,9999-01-01
62726,Uwe,Zweizig,Senior Staff,1989-09-19,9999-01-01
62739,Weiwu,Papsdorf,Technique Leader,1990-05-26,9999-01-01
62757,Premsyl,Casperson,Senior Staff,1992-11-04,1995-09-12
62757,Premsyl,Casperson,Staff,1986-11-05,1992-11-04
62761,Gil,Stellhorn,Assistant Engineer,1993-08-06,1999-11-20
62773,Shietung,Luga,Senior Staff,1996-10-18,2000-06-07
62773,Shietung,Luga,Staff,1990-10-19,1996-10-18
62820,Mechthild,Sadowski,Engineer,1988-11-09,1994-11-09
62820,Mechthild,Sadowski,Senior Engineer,1994-11-09,9999-01-01
62833,Pramod,Callaway,Staff,1997-10-17,9999-01-01
62845,Yahiko,Steenbeek,Senior Staff,1999-11-12,9999-01-01
62845,Yahiko,Steenbeek,Staff,1992-11-11,1999-11-12
62854,Paraskevi,Schnabel,Engineer,1985-12-27,1990-12-27
62854,Paraskevi,Schnabel,Senior Engineer,1990-12-27,1996-09-06
62856,Gil,Kaltofen,Engineer,1999-05-03,9999-01-01
62872,Kitty,Zwicker,Senior Engineer,1993-11-27,1998-03-18
62875,Genta,Auria,Assistant Engineer,1985-06-27,1992-06-27
62875,Genta,Auria,Engineer,1992-06-27,1999-06-28
62875,Genta,Auria,Senior Engineer,1999-06-28,9999-01-01
62896,Hilari,Rothe,Senior Staff,2001-12-05,9999-01-01
62896,Hilari,Rothe,Staff,1992-12-05,2001-12-05
62908,Tokuyasu,Journel,Engineer,1991-04-21,1997-04-20
62908,Tokuyasu,Journel,Senior Engineer,1997-04-20,9999-01-01
62917,Gunilla,Lalonde,Senior Staff,1994-03-18,9999-01-01
62917,Gunilla,Lalonde,Staff,1989-03-18,1994-03-18
62943,Shmuel,Chepyzhov,Engineer,1989-10-18,1995-10-18
62943,Shmuel,Chepyzhov,Senior Engineer,1995-10-18,9999-01-01
62948,Becky,Merey,Senior Staff,1995-03-29,9999-01-01
62953,Adhemar,Sgarro,Senior Staff,1997-02-19,9999-01-01
62961,Pranas,Hutton,Engineer,1996-03-18,2002-03-18
62961,Pranas,Hutton,Senior Engineer,2002-03-18,9999-01-01
62965,Kristinn,Joslin,Engineer,1994-07-10,2000-07-09
62965,Kristinn,Joslin,Senior Engineer,2000-07-09,9999-01-01
62972,Maya,Sinitsyn,Engineer,1988-09-26,1993-07-16
62979,Kien,Besancenot,Engineer,1999-11-25,2002-02-18
62980,Vasiliy,Socorro,Engineer,1987-10-06,1993-10-05
62980,Vasiliy,Socorro,Senior Engineer,1993-10-05,9999-01-01
63024,Wilmer,Schueller,Staff,1996-02-01,9999-01-01
63030,Achilleas,Zhiwei,Senior Staff,1997-06-13,9999-01-01
63030,Achilleas,Zhiwei,Staff,1988-06-13,1997-06-13
63043,Hyuncheol,Guenter,Engineer,1991-10-20,2000-10-19
63043,Hyuncheol,Guenter,Senior Engineer,2000-10-19,9999-01-01
63061,Girolamo,Cmelik,Senior Staff,1986-03-26,1993-06-09
63064,Chikara,Morrin,Senior Staff,2002-04-03,9999-01-01
63064,Chikara,Morrin,Staff,1994-04-04,2002-04-03
63080,Hironobu,Rosti,Senior Engineer,1988-07-25,9999-01-01
63110,Somnath,Kriebel,Senior Staff,1993-01-15,9999-01-01
63111,Zhiwei,Angiulli,Engineer,1998-01-24,9999-01-01
63113,Deniz,Bahl,Senior Staff,1990-04-27,9999-01-01
63121,Lobel,Ranai,Senior Staff,1989-06-21,9999-01-01
63160,Goncalo,Fraisse,Engineer,1996-09-03,1997-12-19
63192,Zvonko,Wielonsky,Engineer,1990-11-27,1998-11-27
63192,Zvonko,Wielonsky,Senior Engineer,1998-11-27,9999-01-01
63198,Thodoros,Boyle,Senior Engineer,1994-05-20,9999-01-01
63215,Nirmal,Hofting,Senior Staff,1998-10-02,9999-01-01
63216,Geoffrey,Berztiss,Senior Staff,1994-08-09,9999-01-01
63233,Monique,Munos,Technique Leader,1986-05-17,9999-01-01
63247,Seshu,Maraist,Senior Staff,1999-06-29,9999-01-01
63247,Seshu,Maraist,Staff,1993-06-29,1999-06-29
63262,Toshimo,Snyers,Engineer,1992-03-04,1995-12-03
63263,Masali,Hemaspaandra,Engineer,1993-12-24,1996-05-11
63265,Mayuri,Varman,Senior Staff,1998-08-13,9999-01-01
63265,Mayuri,Varman,Staff,1991-08-13,1998-08-13
63282,Deniz,Condotta,Engineer,1996-09-15,9999-01-01
63289,Arun,Bondorf,Engineer,1994-11-26,2001-11-26
63289,Arun,Bondorf,Senior Engineer,2001-11-26,9999-01-01
63296,Chenxi,Beidas,Assistant Engineer,1986-01-19,1991-01-19
63296,Chenxi,Beidas,Engineer,1991-01-19,1996-01-19
63296,Chenxi,Beidas,Senior Engineer,1996-01-19,9999-01-01
63302,Stella,Chandrasekhar,Senior Engineer,1992-09-16,2000-08-31
63306,Guttorm,Rusterholz,Staff,1998-09-12,9999-01-01
63325,Yongdong,Passino,Senior Staff,2000-11-13,9999-01-01
63325,Yongdong,Passino,Staff,1994-11-14,2000-11-13
63328,Duke,Valtorta,Staff,1993-12-17,9999-01-01
63359,Kiyotoshi,Cools,Senior Staff,1993-06-18,9999-01-01
63362,Jinpo,Kaelbling,Engineer,1990-04-03,1999-04-02
63362,Jinpo,Kaelbling,Senior Engineer,1999-04-02,9999-01-01
63375,Juichirou,Sury,Engineer,1987-12-09,1993-12-08
63375,Juichirou,Sury,Senior Engineer,1993-12-08,9999-01-01
63381,Val,Clouatre,Engineer,1993-07-26,2002-07-26
63381,Val,Clouatre,Senior Engineer,2002-07-26,9999-01-01
63382,Lunjin,Heyers,Senior Staff,1999-02-08,9999-01-01
63382,Lunjin,Heyers,Staff,1994-02-08,1999-02-08
63387,Anyuan,Lichtner,Engineer,1999-02-22,9999-01-01
63396,Lokesh,Lakshmanan,Engineer,1989-07-06,1997-07-06
63396,Lokesh,Lakshmanan,Senior Engineer,1997-07-06,9999-01-01
63404,Peternela,Suessmith,Senior Engineer,1986-01-11,9999-01-01
63423,Marco,Herbst,Senior Staff,2000-01-27,9999-01-01
63423,Marco,Herbst,Staff,1991-01-27,2000-01-27
63429,Akhilish,Driscoll,Senior Staff,1994-06-27,9999-01-01
63429,Akhilish,Driscoll,Staff,1988-06-27,1994-06-27
63439,Arno,Figueira,Engineer,1992-12-03,2000-12-03
63439,Arno,Figueira,Senior Engineer,2000-12-03,9999-01-01
63454,Alois,Erez,Senior Staff,2000-10-12,9999-01-01
63454,Alois,Erez,Staff,1992-10-12,2000-10-12
63518,Serge,Garnham,Engineer,1996-06-02,9999-01-01
63546,Nahid,Veevers,Senior Staff,1985-12-07,9999-01-01
63554,Ramya,Gerlach,Technique Leader,1987-06-18,9999-01-01
63557,Erzsebet,Cusworth,Assistant Engineer,1996-09-05,9999-01-01
63587,Jayson,Langford,Staff,1996-04-24,9999-01-01
63599,Akemi,Tyugu,Senior Staff,2001-12-24,9999-01-01
63599,Akemi,Tyugu,Staff,1995-12-25,2001-12-24
63637,Akemi,Pileggi,Senior Staff,1992-07-31,9999-01-01
63637,Akemi,Pileggi,Staff,1986-08-01,1992-07-31
63643,Mandell,Zeilberger,Senior Staff,1998-06-22,9999-01-01
63647,Aleksandar,DuCasse,Engineer,1990-02-03,1994-10-01
63652,Pascal,Raoux,Senior Staff,1994-05-24,9999-01-01
63652,Pascal,Raoux,Staff,1986-05-24,1994-05-24
63656,Rimli,Ishibashi,Senior Engineer,1988-09-08,9999-01-01
63663,Heon,Sidou,Engineer,1986-03-09,1995-03-09
63663,Heon,Sidou,Senior Engineer,1995-03-09,9999-01-01
63666,Adib,Paludetto,Staff,1998-06-02,2001-01-10
63680,Samphel,Brobst,Senior Staff,1996-04-16,9999-01-01
63682,Boguslaw,Erdi,Staff,1998-08-10,2001-04-18
63699,Feiyu,Markovitch,Senior Staff,1988-10-26,2001-02-17
63714,Richara,Pargas,Senior Staff,1997-10-22,9999-01-01
63714,Richara,Pargas,Staff,1988-10-22,1997-10-22
63719,Vitali,Setlzner,Engineer,1994-05-12,2002-05-12
63719,Vitali,Setlzner,Senior Engineer,2002-05-12,9999-01-01
63723,Yinghua,Rajaraman,Engineer,1992-08-11,2000-08-11
63723,Yinghua,Rajaraman,Senior Engineer,2000-08-11,9999-01-01
63730,Mabhin,Pollacia,Staff,1995-12-27,1999-08-09
63765,Haldun,Garigliano,Engineer,1988-03-19,1995-03-20
63765,Haldun,Garigliano,Senior Engineer,1995-03-20,9999-01-01
63768,Kazuhito,Joslin,Engineer,1999-11-03,9999-01-01
63780,Adam,Kabayashi,Senior Engineer,1990-05-02,9999-01-01
63797,Lena,Raney,Senior Staff,1994-11-14,9999-01-01
63797,Lena,Raney,Staff,1986-11-14,1994-11-14
63798,Xiaoqiang,Szilard,Senior Engineer,1987-06-19,9999-01-01
63802,Youngkon,Levergood,Staff,1988-11-17,1994-10-17
63807,Taizo,Cromarty,Senior Staff,1993-11-04,9999-01-01
63807,Taizo,Cromarty,Staff,1986-11-04,1993-11-04
63854,Baziley,Biros,Senior Staff,1994-02-10,9999-01-01
63854,Baziley,Biros,Staff,1985-02-10,1994-02-10
63862,Serif,Solares,Senior Engineer,1998-12-21,9999-01-01
63876,Mooi,Cannard,Engineer,1986-04-30,1995-04-30
63876,Mooi,Cannard,Senior Engineer,1995-04-30,2002-02-08
63881,Arto,Fargier,Senior Staff,1991-08-02,1994-08-24
63881,Arto,Fargier,Staff,1986-08-02,1991-08-02
63891,Gaurav,Oppitz,Engineer,1988-04-07,1994-04-07
63891,Gaurav,Oppitz,Senior Engineer,1994-04-07,2001-06-28
63892,Rance,Zuberek,Assistant Engineer,1998-12-04,2000-08-01
63913,Christ,Manders,Engineer,1992-06-13,1998-06-13
63913,Christ,Manders,Senior Engineer,1998-06-13,9999-01-01
63914,Danny,Klassen,Senior Staff,1995-05-10,9999-01-01
63914,Danny,Klassen,Staff,1988-05-09,1995-05-10
63915,Deborah,Ghelli,Senior Engineer,1993-02-10,1996-08-26
63948,Kazuhiro,Coorg,Engineer,1993-06-23,2001-06-23
63948,Kazuhiro,Coorg,Senior Engineer,2001-06-23,9999-01-01
63959,Hirochika,Conia,Senior Staff,1992-02-29,9999-01-01
63961,Bangqing,Rabejac,Engineer,1989-01-28,1995-01-28
63961,Bangqing,Rabejac,Senior Engineer,1995-01-28,9999-01-01
63969,Chenyi,Kavraki,Engineer,1999-06-25,9999-01-01
63972,Gil,Feinberg,Senior Staff,2002-05-30,9999-01-01
63972,Gil,Feinberg,Staff,1997-05-30,2002-05-30
63976,Przemyslawa,Maliniak,Staff,1998-11-17,9999-01-01
63981,Oscal,Leuchs,Senior Staff,1993-07-15,9999-01-01
63981,Oscal,Leuchs,Staff,1985-07-15,1993-07-15
63983,Ebru,McConalogue,Staff,1999-06-26,9999-01-01
63986,Bokyung,Piveteau,Senior Staff,1986-07-15,1989-07-20
63993,Mandell,Rohrbach,Engineer,1990-09-04,1997-12-05
64011,Xuejun,Isaak,Senior Staff,1995-02-21,1999-02-26
64012,Yuuichi,Hofting,Engineer,1999-05-24,9999-01-01
64019,Martien,Heinisuo,Assistant Engineer,1992-01-22,2001-01-21
64019,Martien,Heinisuo,Engineer,2001-01-21,9999-01-01
64020,Mariangiola,Babb,Senior Staff,1995-03-04,9999-01-01
64020,Mariangiola,Babb,Staff,1986-03-04,1995-03-04
64021,Eldridge,Colorni,Engineer,1991-07-03,1996-07-02
64021,Eldridge,Colorni,Senior Engineer,1996-07-02,9999-01-01
64028,Shuky,Lieblein,Engineer,1991-09-29,1998-09-29
64028,Shuky,Lieblein,Senior Engineer,1998-09-29,9999-01-01
64042,Toshimi,Bratten,Engineer,1990-03-24,1995-03-24
64042,Toshimi,Bratten,Senior Engineer,1995-03-24,9999-01-01
64064,Yuping,Pehl,Senior Engineer,1996-10-19,9999-01-01
64073,Christophe,Werthner,Senior Engineer,1995-08-02,9999-01-01
64109,Unal,Marquardt,Engineer,1987-01-16,1995-01-16
64109,Unal,Marquardt,Senior Engineer,1995-01-16,9999-01-01
64121,Annemarie,Zuberek,Staff,1996-03-11,2001-03-27
64140,Bilhanan,Mullainathan,Engineer,1987-07-12,1995-07-12
64140,Bilhanan,Mullainathan,Senior Engineer,1995-07-12,9999-01-01
64165,Divine,Kolinko,Engineer,1995-01-20,2000-01-20
64165,Divine,Kolinko,Senior Engineer,2000-01-20,9999-01-01
64167,Suzette,Lukaszewicz,Engineer,1996-07-26,9999-01-01
64183,Gonzalo,Norsworthy,Staff,1996-05-10,9999-01-01
64184,Ayonca,Cooke,Staff,1998-10-20,9999-01-01
64188,Henk,Ranze,Engineer,1990-06-13,1995-06-13
64188,Henk,Ranze,Senior Engineer,1995-06-13,9999-01-01
64205,Arto,Luck,Staff,1994-03-03,1994-08-11
64222,Tsz,Kieras,Engineer,1998-02-01,9999-01-01
64235,Teiji,Trelles,Senior Staff,1996-10-15,2000-08-12
64235,Teiji,Trelles,Staff,1990-10-16,1996-10-15
64262,Huan,Raoux,Senior Staff,1996-01-21,9999-01-01
64266,Sailaja,Ratnakar,Engineer,1994-11-26,2000-04-28
64270,Stevo,Angot,Engineer,1996-11-28,9999-01-01
64274,Nimmagadda,Roison,Engineer,1992-04-06,1999-11-29
64276,Shaowen,Farrag,Senior Staff,1994-03-06,9999-01-01
64276,Shaowen,Farrag,Staff,1986-03-06,1994-03-06
64285,Mabo,Rosenbaum,Senior Staff,1999-04-17,2001-02-14
64294,Otmar,Siprelle,Engineer,1985-06-25,1991-06-25
64294,Otmar,Siprelle,Senior Engineer,1991-06-25,9999-01-01
64321,Sadun,Mapelli,Engineer,1994-04-16,2001-04-16
64321,Sadun,Mapelli,Senior Engineer,2001-04-16,2002-06-19
64323,Khalid,Khamsi,Senior Staff,1992-06-18,9999-01-01
64323,Khalid,Khamsi,Staff,1985-06-18,1992-06-18
64324,Bedir,Bellmore,Staff,1986-06-26,1993-07-28
64346,Kazunori,Skogmar,Assistant Engineer,1988-10-23,1995-10-24
64346,Kazunori,Skogmar,Engineer,1995-10-24,9999-01-01
64348,Sanjay,Billawala,Engineer,1994-02-26,1999-02-26
64348,Sanjay,Billawala,Senior Engineer,1999-02-26,9999-01-01
64379,Chaitali,Heyers,Staff,1997-06-21,1997-12-18
64385,Lokesh,Poujol,Assistant Engineer,1988-03-29,1993-03-29
64385,Lokesh,Poujol,Engineer,1993-03-29,1998-03-29
64385,Lokesh,Poujol,Senior Engineer,1998-03-29,9999-01-01
64388,Mechthild,Gimarc,Senior Staff,1994-02-15,2001-09-25
64388,Mechthild,Gimarc,Staff,1988-02-16,1994-02-15
64407,Hongzhu,Sichman,Senior Engineer,1985-10-30,9999-01-01
64430,Nahum,Limongiello,Technique Leader,1991-03-17,9999-01-01
64441,Katsuyuki,Rusterholz,Staff,1986-06-16,1986-08-12
64446,Susanta,Liesche,Staff,1999-12-23,9999-01-01
64504,Kazuhisa,Menhoudj,Staff,1998-07-03,9999-01-01
64580,Yonghong,Tchuente,Technique Leader,1991-01-17,1997-03-29
64588,Uzi,Mitsuhashi,Engineer,1991-02-14,1998-02-14
64588,Uzi,Mitsuhashi,Senior Engineer,1998-02-14,9999-01-01
64592,Zeljko,McFarlin,Senior Staff,1994-05-10,9999-01-01
64592,Zeljko,McFarlin,Staff,1989-05-10,1994-05-10
64619,Youpyo,Milicic,Senior Staff,1990-12-03,9999-01-01
64619,Youpyo,Milicic,Staff,1985-12-03,1990-12-03
64645,Yongqiao,Blokdijk,Senior Staff,2000-01-24,9999-01-01
64645,Yongqiao,Blokdijk,Staff,1995-01-24,2000-01-24
64652,Uta,Bugrara,Senior Staff,1996-05-04,9999-01-01
64652,Uta,Bugrara,Staff,1991-05-05,1996-05-04
64653,Jayson,Perng,Senior Engineer,1985-02-21,9999-01-01
64663,Mart,Delaune,Senior Staff,2001-10-29,9999-01-01
64663,Mart,Delaune,Staff,1994-10-30,2001-10-29
64665,Adit,Miake,Staff,1998-02-05,9999-01-01
64669,Pasqua,Decleir,Engineer,1995-07-07,1998-10-14
64695,Ottavia,Cyre,Engineer,1990-01-20,1998-01-20
64695,Ottavia,Cyre,Senior Engineer,1998-01-20,9999-01-01
64699,Jaana,Ananiadou,Senior Staff,1993-09-17,9999-01-01
64699,Jaana,Ananiadou,Staff,1986-09-17,1993-09-17
64705,Danel,Deverell,Senior Staff,1994-12-16,9999-01-01
64705,Danel,Deverell,Staff,1985-12-16,1994-12-16
64725,Bikash,Azulay,Assistant Engineer,1995-10-01,9999-01-01
64733,Aamod,Erde,Engineer,1996-04-28,9999-01-01
64734,Toney,Berstel,Senior Engineer,1989-11-30,9999-01-01
64735,Martijn,Lambe,Staff,1998-11-14,9999-01-01
64743,Frazer,Terlouw,Engineer,1995-12-08,9999-01-01
64760,Tze,Mawatari,Staff,1998-06-22,9999-01-01
64764,Prasadram,Junet,Senior Staff,1999-05-14,9999-01-01
64788,Yuchang,Servi,Staff,1999-12-06,9999-01-01
64816,Cedric,Aloisi,Engineer,1993-09-01,1995-02-21
64833,Claudi,Falck,Assistant Engineer,1987-05-19,1994-05-19
64833,Claudi,Falck,Engineer,1994-05-19,2001-05-19
64833,Claudi,Falck,Senior Engineer,2001-05-19,9999-01-01
64836,Barun,Larfeldt,Staff,1995-11-28,9999-01-01
64839,Huiqun,Bierman,Senior Staff,1996-06-05,9999-01-01
64839,Huiqun,Bierman,Staff,1987-06-06,1996-06-05
64843,Mingdong,Czaja,Assistant Engineer,1986-02-18,1994-02-18
64843,Mingdong,Czaja,Engineer,1994-02-18,2002-02-18
64843,Mingdong,Czaja,Senior Engineer,2002-02-18,9999-01-01
64844,Martijn,Nourani,Engineer,1988-02-12,1996-02-12
64844,Martijn,Nourani,Senior Engineer,1996-02-12,9999-01-01
64863,Douadi,Roccetti,Engineer,1986-11-25,1993-11-25
64863,Douadi,Roccetti,Senior Engineer,1993-11-25,9999-01-01
64870,Babette,Vitiello,Engineer,1988-01-03,1991-04-25
64875,Xiaoqiu,Merel,Senior Staff,1994-07-23,9999-01-01
64880,Sedat,Pramanik,Engineer,2000-01-20,9999-01-01
64897,Aksel,Denna,Staff,1986-08-31,1992-04-12
64946,Brendon,Cummings,Senior Engineer,1992-12-27,9999-01-01
64968,Kasidit,Nollmann,Engineer,1997-02-12,2000-02-25
64971,Xinan,Rotem,Senior Staff,1991-07-08,9999-01-01
64971,Xinan,Rotem,Staff,1985-07-08,1991-07-08
64987,Udi,Yemenis,Senior Engineer,1996-01-10,9999-01-01
65024,Dzung,Coullard,Senior Engineer,1987-02-13,1989-03-25
65030,Wonhee,Pollacia,Staff,1996-11-14,9999-01-01
65042,Shan,Detkin,Staff,1988-08-31,1994-12-03
65054,Denny,Bahr,Engineer,1993-08-27,1998-08-19
65085,Pradeep,Uhrik,Senior Staff,1998-06-20,9999-01-01
65085,Pradeep,Uhrik,Staff,1991-06-20,1998-06-20
65087,Barry,Khalid,Engineer,1995-12-28,9999-01-01
65089,Giri,Cooman,Engineer,1990-11-08,1999-11-08
65089,Giri,Cooman,Senior Engineer,1999-11-08,9999-01-01
65107,Arch,Perry,Staff,1996-09-19,9999-01-01
65124,Tesuya,Fortenbacher,Senior Staff,1999-08-27,9999-01-01
65132,Berni,Benantar,Staff,1998-04-17,9999-01-01
65159,Malu,Waeselynck,Engineer,1997-08-06,9999-01-01
65177,Maia,Griswold,Engineer,1989-10-05,1995-10-05
65177,Maia,Griswold,Senior Engineer,1995-10-05,9999-01-01
65178,Demos,Madeira,Assistant Engineer,1987-12-25,1995-12-25
65178,Demos,Madeira,Engineer,1995-12-25,9999-01-01
65184,Bingning,Weedon,Senior Engineer,2000-01-20,2000-07-19
65192,Jinya,Perelgut,Technique Leader,1994-06-09,9999-01-01
65196,Hugh,Denti,Engineer,1987-01-29,1991-03-12
65226,Marek,Zultner,Senior Staff,1986-08-16,9999-01-01
65233,Premal,Covnot,Engineer,1989-08-30,1997-08-30
65233,Premal,Covnot,Senior Engineer,1997-08-30,2001-12-03
65246,Shalesh,Kranzdorf,Staff,1998-12-17,9999-01-01
65257,George,Ladret,Staff,1995-11-19,1999-11-05
65281,Feixiong,Wursthorn,Senior Engineer,1995-10-26,9999-01-01
65291,Boguslaw,Perz,Senior Staff,2000-09-22,9999-01-01
65291,Boguslaw,Perz,Staff,1993-09-22,2000-09-22
65304,Aram,Covnot,Staff,1998-03-17,9999-01-01
65342,Vidar,Bauknecht,Senior Engineer,1999-12-18,9999-01-01
65347,Shichao,Peltason,Engineer,1988-12-15,1993-12-15
65347,Shichao,Peltason,Senior Engineer,1993-12-15,9999-01-01
65350,Martina,Herber,Engineer,1988-05-30,1990-03-06
65357,Sashi,Biros,Staff,1996-02-06,2001-05-04
65361,Gor,Suppi,Engineer,1992-02-06,1999-02-06
65361,Gor,Suppi,Senior Engineer,1999-02-06,9999-01-01
65396,Anyuan,Krohn,Senior Staff,1998-09-03,9999-01-01
65401,Kensei,Bain,Senior Staff,2001-05-07,9999-01-01
65401,Kensei,Bain,Staff,1993-05-07,2001-05-07
65405,Gill,Denti,Senior Staff,2002-04-15,9999-01-01
65405,Gill,Denti,Staff,1997-04-15,2002-04-15
65423,Torsten,Pena,Senior Engineer,1989-04-18,9999-01-01
65441,Dines,Foote,Technique Leader,1990-05-24,9999-01-01
65469,Abdulla,Veeraraghavan,Staff,1998-07-28,9999-01-01
65473,Pranay,Barriga,Assistant Engineer,1988-02-09,1993-02-08
65473,Pranay,Barriga,Engineer,1993-02-08,1998-02-08
65473,Pranay,Barriga,Senior Engineer,1998-02-08,9999-01-01
65478,Adin,Baja,Senior Engineer,1990-06-22,9999-01-01
65512,Berry,Peyn,Assistant Engineer,1993-05-23,2001-05-23
65512,Berry,Peyn,Engineer,2001-05-23,9999-01-01
65521,Marsha,Ambroszkiewicz,Technique Leader,1986-06-20,9999-01-01
65525,Lansing,Conti,Staff,1997-04-30,1997-10-28
65542,Surveyors,Gischer,Technique Leader,1991-07-03,9999-01-01
65549,Almudena,Matheson,Senior Engineer,1992-05-08,9999-01-01
65570,Xiadong,Reeken,Engineer,1992-12-09,2000-12-09
65570,Xiadong,Reeken,Senior Engineer,2000-12-09,9999-01-01
65598,Richara,Matzel,Senior Engineer,1994-09-22,1996-04-21
65614,Insup,Michaeli,Senior Engineer,1997-05-25,9999-01-01
65644,Mitsuyuki,Unni,Senior Staff,1990-05-04,9999-01-01
65644,Mitsuyuki,Unni,Staff,1985-05-04,1990-05-04
65658,Guoxiang,Nations,Engineer,1993-07-05,1998-07-05
65658,Guoxiang,Nations,Senior Engineer,1998-07-05,9999-01-01
65675,Mohd,Kakkar,Engineer,1993-02-27,2001-02-27
65675,Mohd,Kakkar,Senior Engineer,2001-02-27,9999-01-01
65678,Kousuke,Pollacia,Engineer,1995-08-12,1997-09-08
65683,Fumino,Rikino,Staff,1999-04-03,9999-01-01
65685,Steen,Shanbhogue,Senior Engineer,1989-04-07,9999-01-01
65699,Nikolaus,Marchegay,Engineer,1997-08-22,1999-06-20
65718,Fabrizio,Kakkad,Senior Staff,1992-08-23,9999-01-01
65718,Fabrizio,Kakkad,Staff,1987-08-24,1992-08-23
65724,Sivanarayana,Feldmann,Senior Engineer,1999-04-30,9999-01-01
65725,Alain,Malabarba,Senior Staff,1998-09-16,9999-01-01
65725,Alain,Malabarba,Staff,1991-09-16,1998-09-16
65743,Mohua,Zaiane,Engineer,1987-02-08,1996-02-08
65743,Mohua,Zaiane,Senior Engineer,1996-02-08,9999-01-01
65761,Shigehito,Isaak,Engineer,1988-08-12,1996-08-12
65761,Shigehito,Isaak,Senior Engineer,1996-08-12,9999-01-01
65771,Branimir,Gammage,Technique Leader,1999-05-03,9999-01-01
65776,Ibibia,Mansanne,Engineer,1993-12-02,1998-12-02
65776,Ibibia,Mansanne,Senior Engineer,1998-12-02,2002-01-26
65849,Selwyn,Reeken,Senior Staff,2000-03-11,9999-01-01
65849,Selwyn,Reeken,Staff,1993-03-11,2000-03-11
65873,Toney,Radivojevic,Assistant Engineer,1987-06-12,1992-06-11
65873,Toney,Radivojevic,Engineer,1992-06-11,1997-06-11
65873,Toney,Radivojevic,Senior Engineer,1997-06-11,9999-01-01
65875,Mayumi,Nitto,Senior Engineer,1991-05-21,9999-01-01
65912,Genevieve,Gadepally,Staff,1993-11-02,9999-01-01
65921,Rosita,Brookner,Engineer,1995-03-30,9999-01-01
65927,Geoffrey,Christianini,Engineer,1990-06-12,1999-06-12
65927,Geoffrey,Christianini,Senior Engineer,1999-06-12,9999-01-01
65928,Narain,Wynblatt,Engineer,1997-07-05,2002-07-05
65928,Narain,Wynblatt,Senior Engineer,2002-07-05,9999-01-01
65931,Junichi,Petersohn,Staff,1997-08-05,9999-01-01
65934,Subhash,Azadmanesh,Senior Staff,1993-07-25,9999-01-01
65996,Shridhar,Schurmann,Senior Engineer,1998-02-08,9999-01-01
65999,Shir,Felcyn,Technique Leader,1987-05-06,9999-01-01
66004,Arun,Sherertz,Engineer,1992-06-08,1997-06-08
66004,Arun,Sherertz,Senior Engineer,1997-06-08,9999-01-01
66005,Roselyn,Adachi,Engineer,1992-09-06,1998-09-06
66005,Roselyn,Adachi,Senior Engineer,1998-09-06,9999-01-01
66013,Takahito,Swen,Senior Staff,1998-12-22,9999-01-01
66026,Nectarios,Picci,Senior Staff,1999-10-02,9999-01-01
66026,Nectarios,Picci,Staff,1990-10-02,1999-10-02
66045,Khalil,Tchuente,Engineer,1996-06-10,9999-01-01
66047,Gladys,Melski,Staff,1998-01-15,2001-11-04
66054,Basant,Suomi,Senior Engineer,1997-03-25,9999-01-01
66079,Kensyu,Binkley,Engineer,1991-01-15,2000-01-15
66079,Kensyu,Binkley,Senior Engineer,2000-01-15,9999-01-01
66085,Zejun,Ananiadou,Technique Leader,1992-10-18,9999-01-01
66093,Bojan,Tyugu,Engineer,1989-12-08,1991-11-25
66103,Kensei,Picel,Senior Engineer,1999-07-04,9999-01-01
66114,Yuchang,Awdeh,Engineer,1987-04-28,1992-04-27
66114,Yuchang,Awdeh,Senior Engineer,1992-04-27,9999-01-01
66116,Hisao,Cyre,Engineer,1986-08-06,1991-08-06
66116,Hisao,Cyre,Senior Engineer,1991-08-06,9999-01-01
66130,Frazer,Bugaenko,Senior Staff,1990-02-09,9999-01-01
66130,Frazer,Bugaenko,Staff,1985-02-09,1990-02-09
66168,Jeong,Clemencon,Engineer,1995-07-20,2001-07-19
66168,Jeong,Clemencon,Senior Engineer,2001-07-19,9999-01-01
66171,Marin,Sundgren,Engineer,1989-08-21,1995-08-21
66171,Marin,Sundgren,Senior Engineer,1995-08-21,9999-01-01
66177,Baoqiu,Etalle,Technique Leader,1996-10-31,9999-01-01
66179,Abdelkader,Whittlesey,Engineer,1989-02-18,1998-02-18
66179,Abdelkader,Whittlesey,Senior Engineer,1998-02-18,9999-01-01
66192,Susanna,Jeong,Staff,1998-10-10,9999-01-01
66200,Larisa,Ishibashi,Staff,1996-03-19,9999-01-01
66206,Guiseppe,Coney,Staff,1993-02-28,1995-11-14
66245,Feipei,Conta,Engineer,1994-06-18,2002-06-18
66245,Feipei,Conta,Senior Engineer,2002-06-18,9999-01-01
66264,Honesty,Riexinger,Senior Staff,1997-02-19,9999-01-01
66264,Honesty,Riexinger,Staff,1989-02-19,1997-02-19
66265,Tsuneo,Luders,Senior Staff,1999-01-19,9999-01-01
66269,Khue,Koyama,Engineer,1995-06-17,9999-01-01
66276,Brigham,Itzigehl,Engineer,1989-01-18,1992-02-23
66292,Yoshimitsu,Carrera,Senior Engineer,1991-06-30,2000-02-13
66344,Vitaly,Ponthieu,Senior Staff,2000-08-16,9999-01-01
66344,Vitaly,Ponthieu,Staff,1994-08-17,2000-08-16
66345,Hyuckchul,Bazzichi,Assistant Engineer,1989-04-22,1994-04-22
66345,Hyuckchul,Bazzichi,Engineer,1994-04-22,1999-04-22
66345,Hyuckchul,Bazzichi,Senior Engineer,1999-04-22,9999-01-01
66350,Theron,Denny,Senior Staff,1996-05-17,9999-01-01
66350,Theron,Denny,Staff,1990-05-18,1996-05-17
66352,Duro,Serra,Engineer,1990-11-06,1997-11-06
66352,Duro,Serra,Senior Engineer,1997-11-06,9999-01-01
66396,Guadalupe,Haddadi,Engineer,1993-09-23,2000-09-23
66396,Guadalupe,Haddadi,Senior Engineer,2000-09-23,9999-01-01
66403,Arup,Ibel,Senior Staff,1992-11-16,9999-01-01
66403,Arup,Ibel,Staff,1987-11-17,1992-11-16
66406,Gudjon,Gargeya,Assistant Engineer,1998-06-05,9999-01-01
66411,Gaetan,Puoti,Engineer,1996-04-12,9999-01-01
66417,Susuma,Coors,Engineer,1995-08-08,2000-08-07
66417,Susuma,Coors,Senior Engineer,2000-08-07,9999-01-01
66444,Parke,Viele,Senior Staff,1995-08-30,1997-06-21
66457,Steen,Itzigehl,Senior Staff,1995-09-23,1998-04-10
66457,Steen,Itzigehl,Staff,1989-09-23,1995-09-23
66479,Patricia,Binding,Technique Leader,1990-09-07,9999-01-01
66482,Krister,Monkewich,Senior Staff,1996-05-12,1997-08-24
66482,Krister,Monkewich,Staff,1989-05-12,1996-05-12
66491,Abdelghani,Pearson,Technique Leader,1987-01-31,9999-01-01
66496,Shan,Terekhov,Senior Staff,1989-07-23,9999-01-01
66510,Owen,Zumaque,Engineer,1995-04-27,2000-04-26
66510,Owen,Zumaque,Senior Engineer,2000-04-26,9999-01-01
66524,Jacopo,Milicic,Engineer,1986-09-24,1994-09-24
66524,Jacopo,Milicic,Senior Engineer,1994-09-24,9999-01-01
66529,Barna,Schmiedel,Assistant Engineer,1994-04-06,9999-01-01
66535,Erez,Gyorkos,Senior Staff,1993-06-07,9999-01-01
66537,Bader,Nitsch,Senior Staff,2000-05-04,9999-01-01
66537,Bader,Nitsch,Staff,1993-05-04,2000-05-04
66545,Jolita,Waschkowski,Engineer,1991-11-10,1999-11-10
66545,Jolita,Waschkowski,Senior Engineer,1999-11-10,9999-01-01
66558,Chaosheng,Masand,Assistant Engineer,1985-10-19,1993-10-19
66558,Chaosheng,Masand,Engineer,1993-10-19,2001-10-19
66558,Chaosheng,Masand,Senior Engineer,2001-10-19,9999-01-01
66561,Vitaly,Murtafg,Staff,1998-03-12,9999-01-01
66568,Berni,Baranowski,Engineer,1987-11-02,1992-11-01
66568,Berni,Baranowski,Senior Engineer,1992-11-01,9999-01-01
66578,Ingemar,Ghelli,Senior Staff,2002-04-26,9999-01-01
66578,Ingemar,Ghelli,Staff,1995-04-26,2002-04-26
66581,Gianluca,Parascandalo,Senior Staff,1985-09-02,9999-01-01
66592,Gay,Nanard,Staff,1999-02-09,9999-01-01
66602,Duri,Luon,Senior Staff,1994-11-27,9999-01-01
66602,Duri,Luon,Staff,1985-11-27,1994-11-27
66612,Arco,Backhouse,Senior Staff,1993-06-02,9999-01-01
66612,Arco,Backhouse,Staff,1985-06-02,1993-06-02
66653,Jiang,Rabejac,Engineer,1991-06-21,1994-02-01
66675,Ottavia,Birdsall,Senior Staff,1994-05-12,9999-01-01
66688,Yishay,Peek,Engineer,1987-04-19,1994-04-19
66688,Yishay,Peek,Senior Engineer,1994-04-19,9999-01-01
66691,Mari,Zweizig,Engineer,1992-10-30,2000-10-30
66691,Mari,Zweizig,Senior Engineer,2000-10-30,9999-01-01
66694,Moto,Panienski,Senior Staff,1993-11-30,9999-01-01
66694,Moto,Panienski,Staff,1986-11-30,1993-11-30
66722,JoAnne,Janocha,Senior Staff,1997-02-01,9999-01-01
66728,Mansur,Kermarrec,Staff,1997-06-23,9999-01-01
66729,Alejandro,Salinas,Senior Staff,1998-09-05,1999-11-10
66729,Alejandro,Salinas,Staff,1992-09-05,1998-09-05
66745,Arno,Chvatal,Senior Staff,2001-05-18,9999-01-01
66745,Arno,Chvatal,Staff,1995-05-19,2001-05-18
66761,Heon,Arlazarov,Engineer,1986-09-07,1995-09-07
66761,Heon,Arlazarov,Senior Engineer,1995-09-07,9999-01-01
66778,Jiakeng,Kopetz,Engineer,1987-05-29,1994-05-29
66778,Jiakeng,Kopetz,Senior Engineer,1994-05-29,9999-01-01
66779,Gererd,Bugrara,Engineer,1991-05-26,1998-05-26
66779,Gererd,Bugrara,Senior Engineer,1998-05-26,9999-01-01
66798,Jaques,Schreiter,Engineer,1993-01-20,1998-01-20
66798,Jaques,Schreiter,Senior Engineer,1998-01-20,9999-01-01
66803,Ugo,Tsukune,Engineer,1988-02-08,1996-02-08
66803,Ugo,Tsukune,Senior Engineer,1996-02-08,9999-01-01
66805,Quingbo,Halloran,Senior Engineer,1990-08-06,1994-07-15
66827,Reinhard,Fetvedt,Senior Staff,1997-07-17,9999-01-01
66827,Reinhard,Fetvedt,Staff,1992-07-17,1997-07-17
66841,Make,Ranum,Senior Staff,1995-10-08,9999-01-01
66841,Make,Ranum,Staff,1986-10-08,1995-10-08
66865,Akemi,Biran,Senior Staff,1999-02-08,9999-01-01
66865,Akemi,Biran,Staff,1993-02-08,1999-02-08
66868,Kasidit,Emmerich,Senior Staff,1992-11-02,9999-01-01
66868,Kasidit,Emmerich,Staff,1985-11-02,1992-11-02
66873,Erez,Seuren,Staff,1996-03-21,9999-01-01
66886,Barna,Danlos,Assistant Engineer,1991-11-13,1998-11-13
66886,Barna,Danlos,Engineer,1998-11-13,9999-01-01
66911,Divier,Zirintsis,Staff,1997-12-11,9999-01-01
66917,Bokyung,Fujisaki,Senior Engineer,1985-03-25,9999-01-01
66919,Subhankar,Rotem,Senior Staff,1991-05-06,9999-01-01
66919,Subhankar,Rotem,Staff,1985-05-06,1991-05-06
66923,Domenico,Orlowska,Senior Engineer,1997-10-19,2002-01-30
66925,Shai,Strandh,Senior Staff,1989-02-07,1993-10-09
66930,Eberhardt,Antonakopoulos,Engineer,1990-10-03,1998-10-03
66930,Eberhardt,Antonakopoulos,Senior Engineer,1998-10-03,9999-01-01
66949,Amalendu,Prenel,Engineer,1996-07-03,9999-01-01
66950,Bluma,Gischer,Senior Staff,1993-11-27,9999-01-01
66950,Bluma,Gischer,Staff,1986-11-27,1993-11-27
66985,Mansur,Cannata,Staff,1994-02-04,1995-04-14
67021,Satosi,Luke,Engineer,1990-02-12,1996-02-12
67021,Satosi,Luke,Senior Engineer,1996-02-12,9999-01-01
67038,Toshiki,Riefers,Engineer,1986-10-03,1991-10-03
67038,Toshiki,Riefers,Senior Engineer,1991-10-03,9999-01-01
67044,Brewster,Luiz,Senior Engineer,1999-10-18,9999-01-01
67079,Mayuko,Papsdorf,Engineer,1992-11-04,1999-11-05
67079,Mayuko,Papsdorf,Senior Engineer,1999-11-05,9999-01-01
67081,Khalil,Ghelli,Staff,1996-11-15,9999-01-01
67127,Torsten,Bernardeschi,Senior Staff,1999-11-26,9999-01-01
67127,Torsten,Bernardeschi,Staff,1994-11-26,1999-11-26
67130,Younwoo,Larfeldt,Staff,1996-10-06,9999-01-01
67140,Juyoung,Veevers,Senior Engineer,2000-01-13,9999-01-01
67144,Hilari,Barvinok,Assistant Engineer,1993-11-24,1998-11-24
67144,Hilari,Barvinok,Engineer,1998-11-24,9999-01-01
67181,Bilhanan,Swift,Senior Staff,2000-07-22,9999-01-01
67181,Bilhanan,Swift,Staff,1993-07-22,2000-07-22
67202,Foong,Penttonen,Senior Engineer,1989-06-09,9999-01-01
67207,Kien,Gaughan,Engineer,1988-11-15,1996-11-15
67207,Kien,Gaughan,Senior Engineer,1996-11-15,9999-01-01
67210,Abdelaziz,Cusworth,Staff,1995-02-12,2000-11-28
67225,Odinaldo,Kolinko,Senior Engineer,1994-12-11,9999-01-01
67238,Otilia,Pappas,Staff,1997-05-06,9999-01-01
67243,Krisda,Openshaw,Engineer,1986-09-17,1992-09-16
67243,Krisda,Openshaw,Senior Engineer,1992-09-16,2001-09-11
67266,Ingemar,Kuzuoka,Engineer,1997-06-06,2002-06-06
67266,Ingemar,Kuzuoka,Senior Engineer,2002-06-06,9999-01-01
67267,Youngkon,Chiodo,Engineer,1996-04-18,2001-04-18
67267,Youngkon,Chiodo,Senior Engineer,2001-04-18,9999-01-01
67282,Ashish,Boyle,Engineer,1986-03-12,1991-03-12
67282,Ashish,Boyle,Senior Engineer,1991-03-12,9999-01-01
67288,Toshimori,McAlpine,Senior Staff,1996-04-17,9999-01-01
67288,Toshimori,McAlpine,Staff,1987-04-18,1996-04-17
67293,Doohun,Burnard,Senior Staff,1989-03-04,9999-01-01
67315,Taizo,Glinert,Engineer,1993-06-02,2000-06-02
67315,Taizo,Glinert,Senior Engineer,2000-06-02,9999-01-01
67318,Gino,Demian,Engineer,1993-12-02,1994-04-10
67321,Christophe,Noriega,Engineer,1990-07-20,1996-04-28
67353,Miyeon,Avouris,Engineer,1998-01-26,2000-02-26
67369,Bouchung,Mungall,Engineer,1994-01-24,2002-01-24
67369,Bouchung,Mungall,Senior Engineer,2002-01-24,9999-01-01
67382,Alagu,Terwilliger,Senior Staff,1998-12-11,1999-04-21
67382,Alagu,Terwilliger,Staff,1993-12-11,1998-12-11
67386,Gadiel,Genin,Senior Engineer,1985-05-31,9999-01-01
67387,Aamod,Whittlesey,Staff,1996-12-16,9999-01-01
67388,Subhrajyoti,Perfilyeva,Senior Engineer,1997-06-11,9999-01-01
67390,Zorica,Rabehasaina,Engineer,1988-12-09,1993-12-09
67390,Zorica,Rabehasaina,Senior Engineer,1993-12-09,9999-01-01
67415,Leah,Matzke,Engineer,1990-06-28,1997-06-28
67415,Leah,Matzke,Senior Engineer,1997-06-28,2001-06-04
67434,Erez,Rosin,Senior Staff,1993-08-29,9999-01-01
67434,Erez,Rosin,Staff,1986-08-29,1993-08-29
67444,Adib,Onuegbe,Senior Engineer,1997-03-28,9999-01-01
67454,Petter,Shinomoto,Engineer,1992-06-18,1999-06-19
67454,Petter,Shinomoto,Senior Engineer,1999-06-19,9999-01-01
67470,Rutger,Pusterhofer,Engineer,1994-08-20,2000-08-19
67470,Rutger,Pusterhofer,Senior Engineer,2000-08-19,9999-01-01
67472,Marsja,Kamber,Engineer,1996-03-29,2002-03-29
67472,Marsja,Kamber,Senior Engineer,2002-03-29,9999-01-01
67498,Ramalingam,Ressouche,Engineer,1986-04-08,1995-04-08
67498,Ramalingam,Ressouche,Senior Engineer,1995-04-08,9999-01-01
67512,Nigel,Constantine,Senior Staff,1998-11-26,9999-01-01
67512,Nigel,Constantine,Staff,1992-11-26,1998-11-26
67527,Chenyi,Ulupinar,Staff,1997-09-16,9999-01-01
67546,Soenke,Cappelletti,Senior Staff,1985-11-14,9999-01-01
67555,Aran,Bauknecht,Senior Staff,1988-01-05,1992-05-26
67557,Shaw,Minakawa,Senior Engineer,1997-10-01,9999-01-01
67581,Shigeo,Serot,Assistant Engineer,1986-08-26,1992-08-25
67581,Shigeo,Serot,Engineer,1992-08-25,1998-08-25
67581,Shigeo,Serot,Senior Engineer,1998-08-25,9999-01-01
67593,Shahid,Vingron,Senior Staff,1995-03-14,9999-01-01
67593,Shahid,Vingron,Staff,1989-03-14,1995-03-14
67602,Goncalo,Fiutem,Engineer,1985-03-30,1992-03-30
67602,Goncalo,Fiutem,Senior Engineer,1992-03-30,9999-01-01
67633,Chiranjit,Furedi,Senior Staff,1989-09-09,9999-01-01
67638,Volkmar,Przulj,Engineer,1986-03-14,1993-03-14
67638,Volkmar,Przulj,Senior Engineer,1993-03-14,9999-01-01
67644,Shooichi,Vitiello,Staff,1998-01-04,9999-01-01
67645,Willard,dAstous,Senior Staff,1994-07-07,9999-01-01
67645,Willard,dAstous,Staff,1987-07-07,1994-07-07
67650,Alexius,Geffroy,Engineer,1990-12-23,1997-12-23
67650,Alexius,Geffroy,Senior Engineer,1997-12-23,9999-01-01
67658,Sangeeta,Luff,Engineer,1993-07-20,1999-08-01
67673,Yuping,Speek,Senior Staff,1991-12-22,1996-05-11
67673,Yuping,Speek,Staff,1986-12-22,1991-12-22
67676,Chenxi,Llado,Technique Leader,1995-11-04,9999-01-01
67678,Dietrich,Lowrie,Senior Staff,1993-06-19,9999-01-01
67678,Dietrich,Lowrie,Staff,1988-06-19,1993-06-19
67688,Stevo,Conte,Senior Staff,2000-11-02,9999-01-01
67688,Stevo,Conte,Staff,1995-11-03,2000-11-02
67694,Akeno,Stifter,Engineer,1986-10-26,1992-07-05
67699,Chinho,Cooley,Senior Staff,1993-07-03,9999-01-01
67699,Chinho,Cooley,Staff,1987-07-04,1993-07-03
67704,Duangkaew,Paciorek,Engineer,1992-04-22,2001-04-22
67704,Duangkaew,Paciorek,Senior Engineer,2001-04-22,9999-01-01
67708,Steen,Fabrizio,Staff,1995-04-24,9999-01-01
67713,Cathie,Boguraev,Engineer,1999-09-03,2000-07-02
67719,Ipke,Schwaller,Senior Engineer,1997-01-25,1997-03-31
67724,Taegyun,Staylopatis,Assistant Engineer,1994-06-10,2001-06-10
67724,Taegyun,Staylopatis,Engineer,2001-06-10,9999-01-01
67728,Volkmar,Gulik,Senior Staff,1998-11-15,9999-01-01
67728,Volkmar,Gulik,Staff,1993-11-15,1998-11-15
67731,Khue,Gips,Engineer,1993-09-07,1996-05-07
67739,Vasilii,Muhlberg,Engineer,1994-09-20,1999-09-20
67739,Vasilii,Muhlberg,Senior Engineer,1999-09-20,9999-01-01
67753,Chenyi,Zongker,Senior Staff,1990-07-18,9999-01-01
67769,Leucio,Pollock,Staff,1995-09-23,9999-01-01
67780,Shan,Escriba,Senior Staff,1996-07-24,1998-07-16
67780,Shan,Escriba,Staff,1987-07-25,1996-07-24
67790,Isamu,Iisaku,Technique Leader,1994-05-13,9999-01-01
67798,Manton,Oppitz,Engineer,1985-05-12,1991-05-12
67798,Manton,Oppitz,Senior Engineer,1991-05-12,9999-01-01
67813,Volkmar,Acton,Engineer,1992-05-10,1998-05-10
67813,Volkmar,Acton,Senior Engineer,1998-05-10,9999-01-01
67825,Izaskun,Greibach,Engineer,1996-08-28,9999-01-01
67831,Supot,Kilgore,Technique Leader,1996-12-07,9999-01-01
67856,Alejandra,Merle,Staff,1998-05-19,9999-01-01
67867,Kristen,Matteis,Staff,1997-01-16,2000-12-21
67897,Tonny,Nollmann,Engineer,1987-01-13,1995-01-13
67897,Tonny,Nollmann,Senior Engineer,1995-01-13,9999-01-01
67908,Ashish,Koblitz,Engineer,1998-08-26,9999-01-01
67911,Chriss,Meszaros,Staff,1990-10-26,1994-01-23
67918,Kolar,Lieberherr,Senior Staff,1995-04-07,9999-01-01
67932,Marjo,Yurov,Assistant Engineer,1993-02-16,2002-02-16
67932,Marjo,Yurov,Engineer,2002-02-16,9999-01-01
67933,Vasiliy,Tiemann,Engineer,1997-02-28,9999-01-01
67957,King,Rathonyi,Engineer,1993-02-09,1998-02-09
67957,King,Rathonyi,Senior Engineer,1998-02-09,9999-01-01
67960,Kien,Lorcy,Senior Engineer,1998-08-07,9999-01-01
67963,Aron,Lieberherr,Technique Leader,1993-12-17,9999-01-01
67996,Vishu,Liesche,Staff,1999-07-29,9999-01-01
68009,Genki,Desikan,Engineer,1994-08-15,2000-08-14
68009,Genki,Desikan,Senior Engineer,2000-08-14,9999-01-01
68017,Sanjay,Budinsky,Engineer,1985-06-14,1991-06-14
68017,Sanjay,Budinsky,Senior Engineer,1991-06-14,9999-01-01
68021,Yechezkel,Lamma,Senior Staff,1992-09-17,1999-11-10
68021,Yechezkel,Lamma,Staff,1985-09-17,1992-09-17
68030,Woody,Anger,Engineer,1999-01-02,9999-01-01
68045,Vasiliy,Conde,Engineer,1995-03-15,2000-03-14
68045,Vasiliy,Conde,Senior Engineer,2000-03-14,9999-01-01
68050,Sarita,Bernick,Senior Staff,1996-01-28,2000-09-08
68061,Divine,Smailagic,Staff,1996-10-08,9999-01-01
68066,Nahla,Sifakis,Senior Engineer,1996-06-09,2000-03-01
68072,JoAnna,Tanemo,Engineer,1998-08-04,9999-01-01
68073,Conal,Gecsel,Engineer,1992-10-08,1999-10-09
68073,Conal,Gecsel,Senior Engineer,1999-10-09,9999-01-01
68076,Angus,Spataro,Senior Staff,1999-02-01,9999-01-01
68084,Yuguang,Colorni,Senior Engineer,1994-11-02,9999-01-01
68098,Marek,Pleszkun,Senior Engineer,1995-05-29,9999-01-01
68162,Danae,Soicher,Assistant Engineer,1995-04-06,2002-04-05
68162,Danae,Soicher,Engineer,2002-04-05,9999-01-01
68172,Shirish,Kohling,Technique Leader,1991-01-18,9999-01-01
68177,Goncalo,Taubenfeld,Engineer,1990-05-11,1997-05-11
68177,Goncalo,Taubenfeld,Senior Engineer,1997-05-11,9999-01-01
68185,Abdelaziz,Ananiadou,Staff,1996-12-25,9999-01-01
68215,Gaurav,Crouzet,Senior Staff,1996-02-27,9999-01-01
68226,Xiaocheng,Yemenis,Staff,1986-03-27,1986-05-16
68250,Toshimitsu,Yemenis,Engineer,1986-12-24,1993-12-24
68250,Toshimitsu,Yemenis,Senior Engineer,1993-12-24,1994-09-03
68266,Matk,Hagimont,Technique Leader,1991-06-29,9999-01-01
68273,Dipayan,Pargas,Senior Staff,2000-01-12,2001-08-21
68277,Anneli,Curless,Engineer,1996-01-05,9999-01-01
68299,Mooi,Steenbeek,Engineer,1990-10-30,1999-10-30
68299,Mooi,Steenbeek,Senior Engineer,1999-10-30,9999-01-01
68319,Roded,Angelopoulos,Engineer,1992-07-01,1999-08-01
68322,Palash,Aingworth,Engineer,1991-01-21,2000-01-21
68322,Palash,Aingworth,Senior Engineer,2000-01-21,9999-01-01
68325,Shih,Benzaken,Engineer,1999-11-20,9999-01-01
68351,Alejandro,Kieras,Engineer,1994-09-24,2002-01-30
68357,Ipke,Shackel,Senior Staff,1993-11-27,9999-01-01
68357,Ipke,Shackel,Staff,1987-11-28,1993-11-27
68365,Girolamo,Anger,Senior Staff,1994-01-26,9999-01-01
68365,Girolamo,Anger,Staff,1986-01-26,1994-01-26
68366,Navid,Falby,Engineer,1999-08-11,2000-06-26
68391,Gererd,Nourani,Staff,1999-07-06,9999-01-01
68403,Xiaoqiu,Goodrum,Engineer,1986-05-17,1994-05-17
68403,Xiaoqiu,Goodrum,Senior Engineer,1994-05-17,9999-01-01
68419,Lunjin,Trogemann,Staff,1998-07-01,9999-01-01
68423,Geoffrey,Merel,Engineer,1997-04-22,2002-04-22
68423,Geoffrey,Merel,Senior Engineer,2002-04-22,9999-01-01
68446,Goh,Melichar,Senior Staff,2002-01-28,9999-01-01
68446,Goh,Melichar,Staff,1996-01-29,2002-01-28
68452,Jingling,Falster,Technique Leader,1999-08-03,1999-10-02
68459,Kwangjo,Anger,Senior Engineer,1994-07-27,9999-01-01
68466,Masadi,Karner,Engineer,1987-03-09,1989-11-07
68470,Sandeepan,Peha,Engineer,1994-04-24,2002-04-24
68470,Sandeepan,Peha,Senior Engineer,2002-04-24,9999-01-01
68487,Goh,Vernadat,Senior Staff,2002-01-28,9999-01-01
68487,Goh,Vernadat,Staff,1994-01-28,2002-01-28
68490,Diederik,Servi,Engineer,1987-08-17,1993-08-16
68490,Diederik,Servi,Senior Engineer,1993-08-16,9999-01-01
68497,Gianluca,Sinicrope,Senior Engineer,1996-08-22,9999-01-01
68501,Moriyoshi,Jervis,Engineer,1988-01-03,1989-11-03
68521,Gil,Terwilliger,Staff,1997-11-05,9999-01-01
68532,Elgin,Remmele,Engineer,1990-02-15,1998-02-15
68532,Elgin,Remmele,Senior Engineer,1998-02-15,9999-01-01
68553,Eben,Khasidashvili,Staff,1993-08-10,9999-01-01
68569,Marsha,Panangaden,Engineer,1991-03-03,1994-10-12
68584,Jeanne,Anick,Senior Staff,1992-05-21,9999-01-01
68584,Jeanne,Anick,Staff,1985-05-21,1992-05-21
68614,Eben,Birke,Assistant Engineer,1993-10-09,2000-07-30
68631,Masanao,Hitomi,Staff,1998-05-28,2001-04-26
68632,Samphel,Burnard,Engineer,1991-07-21,2000-07-20
68632,Samphel,Burnard,Senior Engineer,2000-07-20,9999-01-01
68635,Niclas,Pusterhofer,Engineer,1992-02-25,1999-02-25
68635,Niclas,Pusterhofer,Senior Engineer,1999-02-25,9999-01-01
68643,Jahangir,Begiun,Engineer,1996-06-01,9999-01-01
68665,Kwee,McFarlan,Engineer,1988-05-19,1997-05-19
68665,Kwee,McFarlan,Senior Engineer,1997-05-19,9999-01-01
68670,Charlene,Businaro,Senior Engineer,1988-02-14,9999-01-01
68681,Hauke,Thiran,Senior Staff,1995-04-20,9999-01-01
68681,Hauke,Thiran,Staff,1989-04-20,1995-04-20
68716,Murthy,Vigier,Engineer,1990-05-27,1998-05-27
68716,Murthy,Vigier,Senior Engineer,1998-05-27,9999-01-01
68732,Munehiko,Moffat,Technique Leader,1985-12-31,9999-01-01
68738,Petter,Zhang,Senior Staff,1997-09-15,9999-01-01
68738,Petter,Zhang,Staff,1989-09-15,1997-09-15
68742,Marsha,Rosch,Technique Leader,1996-05-03,9999-01-01
68831,Heping,Caine,Engineer,1988-01-24,1994-01-23
68831,Heping,Caine,Senior Engineer,1994-01-23,9999-01-01
68837,Xiahua,Gerteisen,Engineer,1988-06-09,1994-06-09
68837,Xiahua,Gerteisen,Senior Engineer,1994-06-09,1996-07-07
68867,Shigehiro,Luft,Senior Staff,2001-09-24,9999-01-01
68867,Shigehiro,Luft,Staff,1992-09-24,2001-09-24
68874,Ramya,Stemann,Staff,1996-07-09,2001-10-10
68886,Moty,Miara,Senior Engineer,1988-04-06,9999-01-01
68894,Yefim,Kalloufi,Staff,1999-04-05,2002-06-26
68922,Murthy,Verhoeff,Engineer,1999-11-23,9999-01-01
68936,Krassimir,Burnard,Senior Engineer,1998-08-24,9999-01-01
68946,Subhash,Pollacia,Staff,1991-02-19,1993-07-16
68969,Heng,Mapelli,Engineer,1998-05-15,9999-01-01
68970,Keung,Ariola,Senior Staff,1987-02-19,9999-01-01
68975,Filipe,Broomell,Senior Staff,1996-11-10,9999-01-01
68975,Filipe,Broomell,Staff,1987-11-11,1996-11-10
68977,Ghassan,Edelhoff,Technique Leader,1996-04-17,9999-01-01
68980,Tomoyuki,Pena,Senior Engineer,1989-06-19,1995-08-26
68986,Tadahiro,Cappello,Senior Staff,1990-09-16,9999-01-01
68986,Tadahiro,Cappello,Staff,1985-09-16,1990-09-16
69002,Saddek,Willoner,Senior Engineer,1987-05-17,9999-01-01
69037,Mantis,Alencar,Senior Engineer,1991-04-29,1992-06-01
69038,Weiwu,Menhardt,Engineer,1992-10-14,1999-10-15
69038,Weiwu,Menhardt,Senior Engineer,1999-10-15,9999-01-01
69054,Saniya,Kobuchi,Senior Staff,2000-08-31,9999-01-01
69054,Saniya,Kobuchi,Staff,1992-08-31,2000-08-31
69057,Macha,Shanbhogue,Engineer,1995-02-24,2001-02-23
69057,Macha,Shanbhogue,Senior Engineer,2001-02-23,9999-01-01
69063,Jingling,Thimonier,Senior Staff,1993-09-27,9999-01-01
69063,Jingling,Thimonier,Staff,1988-09-27,1993-09-27
69089,Reinhard,Chinal,Engineer,1996-04-19,9999-01-01
69097,Breannda,Perry,Senior Engineer,1992-09-02,9999-01-01
69123,Huei,Zastre,Engineer,1992-09-17,2001-09-17
69123,Huei,Zastre,Senior Engineer,2001-09-17,9999-01-01
69126,Subhrajyoti,Apsitis,Senior Staff,1992-06-08,9999-01-01
69126,Subhrajyoti,Apsitis,Staff,1987-06-09,1992-06-08
69133,Zita,Verspoor,Senior Staff,1992-07-01,9999-01-01
69134,Chinho,Hutton,Engineer,1990-02-06,1997-02-06
69134,Chinho,Hutton,Senior Engineer,1997-02-06,9999-01-01
69155,Utpal,Hempstead,Assistant Engineer,1989-06-06,1998-06-06
69155,Utpal,Hempstead,Engineer,1998-06-06,9999-01-01
69156,Jaideep,Pero,Staff,1985-10-24,1987-02-05
69174,Gal,Tempesti,Senior Staff,1997-06-11,9999-01-01
69180,Toshimori,Makinen,Staff,1993-04-05,1998-11-24
69187,Evgueni,Casley,Staff,1999-07-25,2000-04-26
69190,Mack,Crabtree,Senior Staff,1994-07-15,9999-01-01
69190,Mack,Crabtree,Staff,1988-07-15,1994-07-15
69191,Ioana,Fadgyas,Engineer,1992-08-14,1998-08-14
69191,Ioana,Fadgyas,Senior Engineer,1998-08-14,9999-01-01
69203,Kwangjo,Horswill,Senior Staff,1996-06-12,9999-01-01
69203,Kwangjo,Horswill,Staff,1988-06-12,1996-06-12
69227,Elvis,Trumbly,Engineer,1995-06-13,9999-01-01
69234,Janche,Plavsic,Senior Staff,2001-03-17,9999-01-01
69234,Janche,Plavsic,Staff,1992-03-17,2001-03-17
69241,Piyush,Sommen,Technique Leader,1987-11-25,9999-01-01
69248,Panayotis,Hiroyama,Staff,1997-08-29,9999-01-01
69276,Marek,Pettis,Engineer,1986-06-06,1992-05-12
69295,Selwyn,Cappelli,Assistant Engineer,1989-12-09,1995-12-09
69295,Selwyn,Cappelli,Engineer,1995-12-09,1997-03-03
69350,Nagui,Kaltofen,Engineer,1998-11-05,9999-01-01
69353,Jianwen,Antonakopoulos,Senior Engineer,1985-05-31,9999-01-01
69361,Mats,Ramsay,Staff,1997-08-13,9999-01-01
69381,Udaiprakash,Uludag,Senior Staff,1992-11-09,9999-01-01
69381,Udaiprakash,Uludag,Staff,1986-11-10,1992-11-09
69384,Mohammad,Valette,Staff,1999-06-07,9999-01-01
69408,Fusako,Rothenberg,Engineer,1990-08-13,1996-08-12
69408,Fusako,Rothenberg,Senior Engineer,1996-08-12,9999-01-01
69410,Martine,Garigliano,Senior Staff,1994-01-21,9999-01-01
69410,Martine,Garigliano,Staff,1988-01-22,1994-01-21
69414,Hyuckchul,Oberman,Senior Engineer,1999-03-11,9999-01-01
69420,Baziley,Alameldin,Engineer,1996-03-15,2001-03-15
69420,Baziley,Alameldin,Senior Engineer,2001-03-15,9999-01-01
69423,Radhakrishnan,Holburn,Engineer,1999-12-04,9999-01-01
69452,Huican,Kandlur,Staff,1995-07-07,9999-01-01
69454,Sreenivas,Savasere,Engineer,1992-07-23,1997-07-23
69454,Sreenivas,Savasere,Senior Engineer,1997-07-23,9999-01-01
69461,Arup,Kuszyk,Engineer,1998-05-03,9999-01-01
69468,Akemi,Douceur,Senior Staff,2001-02-17,2002-06-07
69468,Akemi,Douceur,Staff,1995-02-18,2001-02-17
69469,Dulce,Hofman,Senior Staff,2000-08-24,9999-01-01
69469,Dulce,Hofman,Staff,1992-08-24,2000-08-24
69474,Heather,Syrotiuk,Senior Staff,1999-06-07,2001-11-12
69497,Khue,Petersohn,Technique Leader,1991-06-04,1999-11-02
69502,Chriss,Arlazarov,Technique Leader,1989-04-09,9999-01-01
69508,Udaiprakash,Sidou,Assistant Engineer,1994-08-20,9999-01-01
69513,Yoshinari,Serre,Senior Staff,1995-11-22,9999-01-01
69513,Yoshinari,Serre,Staff,1988-11-21,1995-11-22
69517,Kotesh,Siepmann,Senior Staff,1997-12-13,9999-01-01
69517,Kotesh,Siepmann,Staff,1992-12-13,1997-12-13
69527,Srinidhi,Farrag,Staff,1999-10-25,2000-01-29
69537,Panayotis,Pillow,Staff,1996-05-02,9999-01-01
69538,Adil,Chorvat,Engineer,1996-09-17,9999-01-01
69540,Tooru,Ghemri,Senior Staff,1998-01-12,9999-01-01
69540,Tooru,Ghemri,Staff,1989-01-12,1998-01-12
69554,Sven,Lorys,Senior Engineer,1996-11-12,2000-08-22
69560,Kauko,Panwar,Technique Leader,1985-03-13,9999-01-01
69565,Moon,Fioravanti,Senior Staff,1995-09-19,9999-01-01
69565,Moon,Fioravanti,Staff,1988-09-18,1995-09-19
69573,Chandrasekaran,Hofstetter,Assistant Engineer,1999-03-29,9999-01-01
69583,Morrie,Pokrovskii,Senior Engineer,1985-09-21,9999-01-01
69585,Giri,Sessa,Engineer,1989-12-24,1994-12-24
69585,Giri,Sessa,Senior Engineer,1994-12-24,9999-01-01
69595,Shigehito,Rahimi,Technique Leader,1987-08-31,9999-01-01
69610,Oddvar,Simmen,Senior Staff,2002-07-17,9999-01-01
69610,Oddvar,Simmen,Staff,1995-07-17,2002-07-17
69615,Stafford,Neiman,Engineer,1990-01-05,1995-01-05
69615,Stafford,Neiman,Senior Engineer,1995-01-05,2002-02-08
69619,Francoise,Standera,Senior Staff,1993-03-08,9999-01-01
69619,Francoise,Standera,Staff,1987-03-09,1993-03-08
69633,Yurij,Olivero,Engineer,1999-10-16,9999-01-01
69677,Zhongwei,Kalafatis,Senior Staff,1995-06-09,9999-01-01
69677,Zhongwei,Kalafatis,Staff,1989-06-09,1995-06-09
69683,Marc,Danner,Senior Staff,1995-06-13,9999-01-01
69707,Shih,Hemaspaandra,Senior Staff,1994-08-02,9999-01-01
69707,Shih,Hemaspaandra,Staff,1987-08-02,1994-08-02
69711,Michaela,Kalorkoti,Engineer,1989-01-04,1996-01-05
69711,Michaela,Kalorkoti,Senior Engineer,1996-01-05,9999-01-01
69721,Gudjon,Fioravanti,Senior Staff,1987-01-12,1997-10-31
69723,Lubomir,Erev,Assistant Engineer,1994-07-03,2002-07-03
69723,Lubomir,Erev,Engineer,2002-07-03,9999-01-01
69742,Horward,Mondadori,Technique Leader,1998-01-16,9999-01-01
69743,Henk,Back,Senior Engineer,1990-10-23,9999-01-01
69766,Kristin,Basart,Senior Staff,1997-06-22,9999-01-01
69766,Kristin,Basart,Staff,1991-06-23,1997-06-22
69769,Premsyl,Jansen,Senior Staff,1997-11-23,9999-01-01
69783,Zhigen,Kaminger,Senior Staff,1992-09-08,9999-01-01
69783,Zhigen,Kaminger,Staff,1985-09-08,1992-09-08
69801,Marco,Ballarin,Engineer,1992-08-27,1998-08-27
69801,Marco,Ballarin,Senior Engineer,1998-08-27,9999-01-01
69822,Shaunak,Beetstra,Staff,1996-03-02,9999-01-01
69828,Jessie,Erva,Senior Staff,1993-09-02,9999-01-01
69828,Jessie,Erva,Staff,1986-09-02,1993-09-02
69852,Giao,Comte,Senior Engineer,1993-08-18,2002-02-05
69864,Zissis,Luce,Engineer,1985-10-31,1992-10-31
69864,Zissis,Luce,Senior Engineer,1992-10-31,9999-01-01
69866,Jaihie,Back,Engineer,1989-08-27,1997-08-27
69866,Jaihie,Back,Senior Engineer,1997-08-27,9999-01-01
69872,Debaprosad,Matzke,Senior Staff,1999-03-24,9999-01-01
69872,Debaprosad,Matzke,Staff,1994-03-24,1999-03-24
69873,Naftali,Grospietsch,Senior Staff,1998-10-02,2001-09-10
69873,Naftali,Grospietsch,Staff,1991-10-02,1998-10-02
69877,Lobel,Schach,Staff,1988-07-16,1993-09-30
69892,Kristinn,Baca,Engineer,1993-10-22,9999-01-01
69895,Pohua,Marakhovsky,Senior Engineer,1985-11-28,9999-01-01
69898,Olivera,Chaudhuri,Senior Staff,1996-03-16,9999-01-01
69898,Olivera,Chaudhuri,Staff,1988-03-16,1996-03-16
69908,Jianhua,Griswold,Senior Staff,1994-02-16,9999-01-01
69908,Jianhua,Griswold,Staff,1988-02-17,1994-02-16
69916,Basim,Langford,Engineer,1987-06-30,1994-06-30
69916,Basim,Langford,Senior Engineer,1994-06-30,9999-01-01
69933,Keiichiro,Simmen,Staff,1996-04-20,9999-01-01
69988,Arne,Jarecki,Staff,1999-09-28,9999-01-01
70009,Insup,Angel,Senior Staff,1997-07-29,9999-01-01
70009,Insup,Angel,Staff,1992-07-29,1997-07-29
70034,Lenore,Luga,Engineer,1998-09-11,9999-01-01
70050,Leif,Cherinka,Engineer,1992-08-01,2000-08-01
70050,Leif,Cherinka,Senior Engineer,2000-08-01,9999-01-01
70060,Guther,Bage,Technique Leader,1989-12-01,9999-01-01
70063,Aral,Saoudi,Senior Staff,2002-03-10,9999-01-01
70063,Aral,Saoudi,Staff,1995-03-10,2002-03-10
70074,Shahaf,Ozeki,Senior Staff,1992-11-15,9999-01-01
70074,Shahaf,Ozeki,Staff,1985-11-15,1992-11-15
70075,Moriyoshi,Peltason,Staff,1987-05-17,1993-08-21
70085,Danel,Reinhart,Senior Engineer,1985-11-30,9999-01-01
70125,Arco,Coombs,Technique Leader,1990-11-27,9999-01-01
70154,Joydip,Alblas,Senior Staff,2000-09-02,9999-01-01
70154,Joydip,Alblas,Staff,1991-09-03,2000-09-02
70159,Subhankar,Chaudhuri,Engineer,1994-03-07,1999-03-07
70159,Subhankar,Chaudhuri,Senior Engineer,1999-03-07,9999-01-01
70163,Khalid,Butterworth,Engineer,1985-12-24,1990-12-24
70163,Khalid,Butterworth,Senior Engineer,1990-12-24,9999-01-01
70194,Danco,Journel,Senior Staff,1996-07-20,9999-01-01
70194,Danco,Journel,Staff,1988-07-20,1996-07-20
70198,Zsolt,Savasere,Senior Staff,1991-11-29,9999-01-01
70198,Zsolt,Savasere,Staff,1986-11-29,1991-11-29
70232,Percy,Snedden,Engineer,1993-03-06,1998-03-06
70232,Percy,Snedden,Senior Engineer,1998-03-06,9999-01-01
70235,Domenick,Back,Engineer,1997-11-01,9999-01-01
70241,Arumugam,Garigliano,Staff,1998-06-07,9999-01-01
70252,Kwee,Ginesta,Senior Staff,2001-10-01,9999-01-01
70252,Kwee,Ginesta,Staff,1994-10-01,2001-10-01
70253,Shigehiro,Dulin,Senior Staff,2001-03-17,9999-01-01
70253,Shigehiro,Dulin,Staff,1992-03-17,2001-03-17
70255,Moti,Bashian,Senior Staff,1986-11-24,9999-01-01
70272,Serge,Bale,Engineer,1995-03-15,9999-01-01
70277,Idoia,Luke,Senior Staff,2001-10-24,9999-01-01
70277,Idoia,Luke,Staff,1995-10-25,2001-10-24
70283,Juichirou,Irland,Engineer,1985-10-13,1994-10-13
70283,Juichirou,Irland,Senior Engineer,1994-10-13,9999-01-01
70298,Howell,Christianini,Engineer,1993-11-07,1998-11-07
70298,Howell,Christianini,Senior Engineer,1998-11-07,1999-07-07
70299,Junichi,Dengi,Senior Staff,1992-11-22,9999-01-01
70299,Junichi,Dengi,Staff,1985-11-22,1992-11-22
70304,Kiyomitsu,Alpin,Engineer,1999-09-09,9999-01-01
70309,Gill,Scharstein,Senior Staff,1998-08-22,9999-01-01
70309,Gill,Scharstein,Staff,1993-08-22,1998-08-22
70316,Dietrich,Roccetti,Staff,1994-12-05,9999-01-01
70323,Manibrata,Kriebel,Assistant Engineer,1995-08-15,9999-01-01
70324,Phuoc,Clouatre,Senior Staff,1993-06-05,9999-01-01
70324,Phuoc,Clouatre,Staff,1986-06-05,1993-06-05
70331,Mostafa,Bael,Senior Staff,2000-07-17,9999-01-01
70331,Mostafa,Bael,Staff,1994-07-18,2000-07-17
70338,Martial,Munck,Senior Engineer,1991-05-29,9999-01-01
70346,Serge,Hofmeyr,Assistant Engineer,1996-07-28,9999-01-01
70357,Jianwen,Pell,Engineer,1987-08-29,1994-08-29
70357,Jianwen,Pell,Senior Engineer,1994-08-29,9999-01-01
70369,Tomofumi,Selenyi,Senior Staff,1987-11-17,1989-01-06
70378,Constantino,Casley,Staff,1998-11-09,2000-09-30
70406,Mohammed,Biran,Staff,1994-05-11,9999-01-01
70409,Martine,Whitcomb,Senior Staff,1994-12-11,9999-01-01
70409,Martine,Whitcomb,Staff,1985-12-11,1994-12-11
70466,Boguslaw,Mahnke,Staff,1994-07-10,1994-08-21
70477,Rildo,Atchley,Senior Staff,1994-12-10,9999-01-01
70486,Kish,Takkinen,Engineer,1998-10-03,9999-01-01
70517,Jaber,Porotnikoff,Senior Staff,1998-07-03,9999-01-01
70517,Jaber,Porotnikoff,Staff,1992-07-03,1998-07-03
70547,Remko,Lorcy,Senior Staff,2002-03-25,9999-01-01
70547,Remko,Lorcy,Staff,1997-03-25,2002-03-25
70585,Marlo,Stanfel,Senior Staff,1992-10-05,1999-10-18
70593,Dipankar,Guenter,Senior Engineer,1994-03-28,9999-01-01
70611,Fumiko,Berztiss,Senior Staff,1988-05-03,9999-01-01
70612,Xiaoshan,Bondorf,Assistant Engineer,1985-12-13,1993-12-13
70612,Xiaoshan,Bondorf,Engineer,1993-12-13,2001-12-13
70612,Xiaoshan,Bondorf,Senior Engineer,2001-12-13,9999-01-01
70620,Shigeo,Munos,Engineer,1998-09-16,9999-01-01
70627,Susanna,Zlotek,Senior Staff,1993-04-12,9999-01-01
70627,Susanna,Zlotek,Staff,1985-04-12,1993-04-12
70651,Yahiko,Mitchem,Senior Staff,1994-10-15,2001-02-28
70651,Yahiko,Mitchem,Staff,1989-10-15,1994-10-15
70652,Basil,Middleton,Technique Leader,1988-11-13,9999-01-01
70660,Gaetan,Christianini,Engineer,1986-12-29,1990-07-16
70662,Khedija,Jansen,Engineer,1999-04-25,9999-01-01
70663,Dannz,Sridhar,Engineer,1985-02-18,1992-02-19
70663,Dannz,Sridhar,Senior Engineer,1992-02-19,9999-01-01
70676,Frazer,Krychniak,Engineer,1989-12-03,1994-12-03
70676,Frazer,Krychniak,Senior Engineer,1994-12-03,9999-01-01
70689,Beshir,Kavraki,Staff,1990-05-27,1997-11-08
70717,Gilbert,Lund,Assistant Engineer,1995-05-16,9999-01-01
70753,Geoffrey,Velardi,Senior Staff,1993-06-02,9999-01-01
70799,Aris,Giarratana,Staff,1993-12-17,1999-12-06
70801,Shiv,Swift,Engineer,1985-08-19,1990-08-19
70801,Shiv,Swift,Senior Engineer,1990-08-19,9999-01-01
70828,Masaru,Whitcomb,Senior Staff,1995-09-25,9999-01-01
70828,Masaru,Whitcomb,Staff,1989-09-25,1995-09-25
70846,Akemi,Radhakrishnan,Engineer,1987-11-11,1996-11-10
70846,Akemi,Radhakrishnan,Senior Engineer,1996-11-10,9999-01-01
70857,Shalesh,Molenaar,Senior Staff,1999-06-17,9999-01-01
70859,Hugh,Hanratty,Senior Staff,1995-10-21,9999-01-01
70867,Supot,Qiwen,Staff,1988-12-24,1994-07-01
70870,Leon,Wissmann,Senior Engineer,1999-09-16,9999-01-01
70881,Boguslaw,Tsunoo,Senior Staff,1994-11-09,9999-01-01
70889,Murthy,Breugel,Staff,1999-10-15,9999-01-01
70902,Giap,Brandsma,Engineer,1987-04-11,1995-04-11
70902,Giap,Brandsma,Senior Engineer,1995-04-11,9999-01-01
70904,Feiyu,Farrar,Senior Engineer,1989-05-08,9999-01-01
70906,Maya,Bernardinello,Engineer,1985-05-14,1994-05-14
70906,Maya,Bernardinello,Senior Engineer,1994-05-14,9999-01-01
70926,Zhanqiu,Scallan,Senior Engineer,1986-03-30,9999-01-01
70953,Indrajit,Penz,Engineer,1997-05-03,9999-01-01
70955,Tru,Pleszkun,Engineer,1997-06-07,2000-05-04
70957,Ramzi,Miculan,Senior Engineer,1993-01-12,1993-03-26
70994,Golgen,Flanders,Engineer,1990-04-14,1998-04-14
70994,Golgen,Flanders,Senior Engineer,1998-04-14,1999-03-18
71016,Maris,Katiyar,Senior Staff,1997-03-29,9999-01-01
71016,Maris,Katiyar,Staff,1992-03-29,1997-03-29
71022,Karlis,Conry,Engineer,1992-01-27,1999-01-27
71022,Karlis,Conry,Senior Engineer,1999-01-27,9999-01-01
71033,Aiman,Colorni,Senior Staff,2001-12-24,9999-01-01
71033,Aiman,Colorni,Staff,1993-12-24,2001-12-24
71034,Selwyn,Heydon,Engineer,1991-08-09,1999-08-09
71034,Selwyn,Heydon,Senior Engineer,1999-08-09,9999-01-01
71043,Kristof,Mamelak,Senior Staff,2001-11-27,9999-01-01
71043,Kristof,Mamelak,Staff,1992-11-27,2001-11-27
71056,Frederique,Glowinski,Engineer,1995-11-18,1997-01-25
71058,Tristan,Borstler,Senior Staff,2002-05-16,9999-01-01
71058,Tristan,Borstler,Staff,1996-05-16,2002-05-16
71061,Kagan,Limongiello,Staff,1995-03-20,9999-01-01
71067,Xiaoqiang,Rehfuss,Staff,1995-07-22,9999-01-01
71074,Bingning,Bridgland,Senior Staff,1997-09-28,9999-01-01
71082,Kristen,Beznosov,Engineer,1989-11-07,1997-01-26
71116,Jiann,Rosen,Staff,1992-06-18,1996-06-20
71132,Sanjit,Kinley,Senior Staff,1997-07-14,9999-01-01
71172,Ewing,Serra,Engineer,1990-09-12,1997-09-12
71172,Ewing,Serra,Senior Engineer,1997-09-12,9999-01-01
71173,Huiqun,Kriebel,Technique Leader,1985-09-30,9999-01-01
71176,Kaijung,Kitai,Engineer,1988-08-20,1996-08-20
71176,Kaijung,Kitai,Senior Engineer,1996-08-20,2000-11-11
71210,Zhilian,Akazan,Engineer,1996-10-16,9999-01-01
71232,Arumugam,Siochi,Senior Engineer,1996-12-19,9999-01-01
71247,JiYoung,Nyanchama,Engineer,1995-06-02,9999-01-01
71253,Domenico,Zaumen,Senior Staff,1996-08-02,9999-01-01
71253,Domenico,Zaumen,Staff,1989-08-02,1996-08-02
71256,Amalendu,Kushnir,Senior Staff,1990-05-13,9999-01-01
71256,Amalendu,Kushnir,Staff,1985-05-13,1990-05-13
71269,Mohua,Luck,Assistant Engineer,1989-07-30,1998-07-30
71269,Mohua,Luck,Engineer,1998-07-30,9999-01-01
71282,Jongsuk,DasSarma,Engineer,1986-02-17,1992-02-17
71282,Jongsuk,DasSarma,Senior Engineer,1992-02-17,9999-01-01
71294,Paraskevi,Broder,Staff,1991-03-18,1995-11-27
71309,Zhenbing,Szemeredi,Senior Staff,1994-09-17,9999-01-01
71309,Zhenbing,Szemeredi,Staff,1985-09-17,1994-09-17
71311,Doowon,Landherr,Assistant Engineer,1992-11-25,1993-04-04
71331,Ronnie,Akiyama,Senior Staff,1996-12-22,9999-01-01
71331,Ronnie,Akiyama,Staff,1989-12-22,1996-12-22
71332,Ramachenga,Merro,Engineer,1992-12-07,2001-12-07
71332,Ramachenga,Merro,Senior Engineer,2001-12-07,9999-01-01
71336,Parviz,Ambroszkiewicz,Senior Staff,1998-02-03,9999-01-01
71343,Brendon,Antonakopoulos,Engineer,1988-02-11,1996-02-11
71343,Brendon,Antonakopoulos,Senior Engineer,1996-02-11,1996-03-10
71360,Chikako,Ranka,Engineer,1989-10-01,1997-10-01
71360,Chikako,Ranka,Senior Engineer,1997-10-01,9999-01-01
71396,Anyuan,Heystek,Engineer,1988-02-20,1996-02-20
71396,Anyuan,Heystek,Senior Engineer,1996-02-20,1999-10-23
71403,Navin,Pollock,Engineer,1990-06-02,1996-06-01
71403,Navin,Pollock,Senior Engineer,1996-06-01,9999-01-01
71442,Yurii,Merlo,Senior Engineer,1997-12-26,9999-01-01
71457,Youjian,Diderrich,Engineer,1985-03-10,1994-03-10
71457,Youjian,Diderrich,Senior Engineer,1994-03-10,9999-01-01
71483,Houman,Kalefeld,Senior Staff,2002-04-05,9999-01-01
71483,Houman,Kalefeld,Staff,1997-04-05,2002-04-05
71494,Lene,Billingsley,Assistant Engineer,1996-12-20,9999-01-01
71497,JiYoung,Zolotykh,Engineer,1991-11-12,1994-01-05
71520,Sariel,Heydon,Staff,1998-07-11,2000-09-19
71531,Maya,Schaar,Senior Engineer,1991-08-14,9999-01-01
71550,Samphel,Narahari,Engineer,2000-01-08,9999-01-01
71551,Hugo,Greibach,Staff,1991-11-21,1997-01-06
71559,Limsoon,Speel,Engineer,1992-10-16,2000-10-16
71559,Limsoon,Speel,Senior Engineer,2000-10-16,9999-01-01
71561,Randy,Champarnaud,Senior Staff,1999-12-22,9999-01-01
71561,Randy,Champarnaud,Staff,1992-12-21,1999-12-22
71572,Przemyslawa,Czap,Staff,1998-05-19,9999-01-01
71575,Changho,Braunschweig,Technique Leader,1998-09-07,9999-01-01
71623,Michaela,Kampfer,Engineer,1992-02-28,1999-02-28
71623,Michaela,Kampfer,Senior Engineer,1999-02-28,9999-01-01
71624,Zengping,Chepyzhov,Engineer,1999-07-16,2002-03-12
71639,Eckart,Facello,Engineer,1998-06-10,9999-01-01
71646,Erez,Mitchem,Senior Staff,1991-02-09,9999-01-01
71646,Erez,Mitchem,Staff,1986-02-09,1991-02-09
71662,Jianwen,Angot,Senior Staff,1990-08-20,9999-01-01
71667,Fun,Seiwald,Engineer,1989-01-26,1998-01-26
71667,Fun,Seiwald,Senior Engineer,1998-01-26,9999-01-01
71702,Bedrich,Trogemann,Staff,1992-06-05,1993-06-14
71724,Lijie,Kamble,Technique Leader,1985-04-06,1991-05-05
71746,Dinah,Vesel,Engineer,1993-09-23,1998-02-12
71747,Roddy,Lienhardt,Senior Staff,1999-01-01,9999-01-01
71747,Roddy,Lienhardt,Staff,1993-01-01,1999-01-01
71769,Fen,Puoti,Senior Engineer,1995-12-14,9999-01-01
71771,Sedat,Strehl,Engineer,1986-02-26,1992-02-26
71771,Sedat,Strehl,Senior Engineer,1992-02-26,9999-01-01
71778,Irene,Haumacher,Engineer,1988-12-06,1993-12-06
71778,Irene,Haumacher,Senior Engineer,1993-12-06,2001-11-25
71785,Arie,Bennet,Technique Leader,1985-05-07,2001-03-09
71805,Mansur,Boguraev,Engineer,1988-04-12,1994-04-12
71805,Mansur,Boguraev,Senior Engineer,1994-04-12,9999-01-01
71833,Volkmar,Terekhov,Engineer,1996-07-11,2002-07-11
71833,Volkmar,Terekhov,Senior Engineer,2002-07-11,9999-01-01
71835,Miomir,Kornyak,Senior Staff,2001-10-28,9999-01-01
71835,Miomir,Kornyak,Staff,1994-10-28,2001-10-28
71850,Masaru,Chaudhuri,Engineer,1987-06-21,1995-06-21
71850,Masaru,Chaudhuri,Senior Engineer,1995-06-21,9999-01-01
71860,Valeri,Serre,Senior Engineer,1994-12-07,1997-04-19
71895,Deniz,Baik,Engineer,1998-05-26,9999-01-01
71905,Xuejun,Angiulli,Engineer,1992-07-02,1998-07-02
71905,Xuejun,Angiulli,Senior Engineer,1998-07-02,9999-01-01
71928,Gro,Jumpertz,Engineer,1991-06-16,1993-04-20
71956,Macha,Picaronny,Engineer,1996-10-17,1997-03-17
72011,Xuejun,Benveniste,Senior Staff,1995-03-04,9999-01-01
72053,Gino,Matzen,Engineer,1988-04-21,1997-04-21
72053,Gino,Matzen,Senior Engineer,1997-04-21,9999-01-01
72062,Yahiko,Oskamp,Staff,1997-08-24,9999-01-01
72073,Shahid,Kitai,Engineer,1994-09-29,1999-09-29
72073,Shahid,Kitai,Senior Engineer,1999-09-29,9999-01-01
72086,Mohua,Hambrick,Engineer,1990-10-15,1999-10-15
72086,Mohua,Hambrick,Senior Engineer,1999-10-15,9999-01-01
72098,Serap,Shumilov,Senior Staff,1991-02-11,9999-01-01
72098,Serap,Shumilov,Staff,1986-02-11,1991-02-11
72110,Sachin,Begiun,Senior Staff,1999-07-23,9999-01-01
72110,Sachin,Begiun,Staff,1993-07-23,1999-07-23
72114,Martial,Khalil,Engineer,1997-07-15,9999-01-01
72126,Tiina,Kitsuregawa,Assistant Engineer,1992-07-09,2000-07-09
72126,Tiina,Kitsuregawa,Engineer,2000-07-09,9999-01-01
72131,Bader,Hockney,Senior Staff,1994-12-23,9999-01-01
72131,Bader,Hockney,Staff,1985-12-23,1994-12-23
72133,Babette,Lowrie,Staff,1993-02-07,1997-07-29
72156,Izaskun,Stassinopoulos,Senior Staff,1993-04-20,9999-01-01
72156,Izaskun,Stassinopoulos,Staff,1985-04-20,1993-04-20
72158,Martien,Parhami,Senior Engineer,1987-02-17,9999-01-01
72176,Olivera,Thibadeau,Staff,1996-11-01,9999-01-01
72177,Fumitaka,Wynblatt,Senior Staff,1985-06-22,9999-01-01
72196,Toshiko,Roccetti,Senior Staff,2001-09-22,9999-01-01
72196,Toshiko,Roccetti,Staff,1992-09-22,2001-09-22
72197,Gurbir,Gonthier,Staff,1994-07-19,1997-10-24
72200,Giordano,Erie,Engineer,1988-01-26,1993-01-25
72200,Giordano,Erie,Senior Engineer,1993-01-25,1997-09-25
72203,Mitsuyuki,Greibach,Engineer,1991-05-23,1996-05-22
72203,Mitsuyuki,Greibach,Senior Engineer,1996-05-22,1998-09-20
72206,Dekang,Suermann,Assistant Engineer,1992-04-19,2000-04-19
72206,Dekang,Suermann,Engineer,2000-04-19,9999-01-01
72212,Herb,Lipner,Engineer,1998-02-08,9999-01-01
72231,Jasminko,Atchley,Senior Staff,1994-04-07,9999-01-01
72231,Jasminko,Atchley,Staff,1989-04-07,1994-04-07
72238,Berry,Ressouche,Senior Staff,2000-11-26,9999-01-01
72238,Berry,Ressouche,Staff,1993-11-26,2000-11-26
72245,Eran,Nooteboom,Senior Engineer,1991-10-14,9999-01-01
72266,Kristin,Kitsuregawa,Senior Staff,2001-12-10,2002-07-23
72266,Kristin,Kitsuregawa,Staff,1992-12-10,2001-12-10
72282,Weiyi,Hatcliff,Technique Leader,1994-05-18,9999-01-01
72287,Patricio,Rissland,Senior Staff,1998-05-18,9999-01-01
72287,Patricio,Rissland,Staff,1993-05-18,1998-05-18
72289,Arnould,Pleszkun,Engineer,1999-05-12,9999-01-01
72293,Tiina,Msuda,Staff,1991-03-10,1992-09-20
72302,Aran,Fontan,Staff,1990-08-13,1993-12-09
72316,Tayeb,Ramalingam,Engineer,1989-06-09,1997-06-09
72316,Tayeb,Ramalingam,Senior Engineer,1997-06-09,9999-01-01
72320,Remzi,Ressouche,Engineer,1993-10-28,1995-08-01
72330,Deborah,Ramaiah,Staff,1999-05-27,9999-01-01
72342,Kwee,Benveniste,Engineer,1985-12-26,1992-12-26
72342,Kwee,Benveniste,Senior Engineer,1992-12-26,9999-01-01
72369,Adamantios,Dratva,Technique Leader,1998-11-26,9999-01-01
72381,Franziska,Koblick,Engineer,1988-02-14,1993-02-13
72381,Franziska,Koblick,Senior Engineer,1993-02-13,9999-01-01
72386,Manohar,Pollacia,Senior Staff,1992-07-31,1993-10-13
72402,Margareta,Kruskal,Senior Staff,1988-05-05,9999-01-01
72427,Atreyi,Facello,Engineer,1999-05-19,9999-01-01
72438,Gudjon,Skogmar,Staff,1998-01-18,9999-01-01
72467,Lucien,Driscoll,Senior Staff,2001-05-28,9999-01-01
72467,Lucien,Driscoll,Staff,1995-05-29,2001-05-28
72482,Tayeb,Conia,Assistant Engineer,1995-04-04,2000-04-03
72482,Tayeb,Conia,Engineer,2000-04-03,9999-01-01
72489,Lijie,Ducloy,Engineer,1995-04-12,9999-01-01
72495,Huei,Nitsche,Engineer,1995-05-22,9999-01-01
72499,DeForest,Ramsey,Staff,1998-09-02,9999-01-01
72514,Evgueni,Gecsei,Engineer,1988-07-23,1997-07-23
72514,Evgueni,Gecsei,Senior Engineer,1997-07-23,9999-01-01
72526,Yonghoan,Falck,Senior Staff,1992-10-29,2000-09-09
72531,Morris,Azadmanesh,Senior Staff,2000-09-07,9999-01-01
72531,Morris,Azadmanesh,Staff,1992-09-07,2000-09-07
72536,Geoffrey,Jeansoulin,Senior Staff,1997-12-12,9999-01-01
72546,Kousuke,Guardalben,Senior Staff,1996-10-07,9999-01-01
72558,Gladys,Segond,Senior Engineer,1986-07-06,9999-01-01
72577,Sanjai,Bazelow,Senior Staff,1997-01-13,2002-07-03
72577,Sanjai,Bazelow,Staff,1992-01-14,1997-01-13
72581,Berni,Bael,Engineer,1998-10-19,2001-02-17
72590,Mostafa,Besancenot,Senior Staff,1985-09-05,9999-01-01
72593,Chinhyun,Casley,Senior Staff,1992-09-04,2001-01-23
72593,Chinhyun,Casley,Staff,1987-09-05,1992-09-04
72601,Billie,Marshall,Engineer,1991-05-26,1997-05-25
72601,Billie,Marshall,Senior Engineer,1997-05-25,9999-01-01
72653,Zhenhua,Cronan,Engineer,1999-02-02,9999-01-01
72679,Martial,Mapelli,Engineer,1989-11-26,1993-05-25
72685,Toshimori,Pietracaprina,Senior Staff,2001-07-23,9999-01-01
72685,Toshimori,Pietracaprina,Staff,1996-07-23,2001-07-23
72694,Olivera,Plavsic,Senior Engineer,1986-03-23,9999-01-01
72702,Chinhyun,Peek,Senior Staff,1995-10-23,9999-01-01
72702,Chinhyun,Peek,Staff,1986-10-23,1995-10-23
72728,Fumitake,Olano,Engineer,1998-03-21,9999-01-01
72746,Masaki,Furudate,Staff,1996-06-11,9999-01-01
72758,Chiradeep,Soicher,Engineer,1990-02-01,1998-02-01
72758,Chiradeep,Soicher,Senior Engineer,1998-02-01,9999-01-01
72764,Manohar,Karner,Senior Staff,1989-03-26,9999-01-01
72773,Kousuke,Driscoll,Assistant Engineer,1998-12-27,9999-01-01
72777,Nikolaus,Tsunoo,Assistant Engineer,1995-05-05,2002-05-05
72777,Nikolaus,Tsunoo,Engineer,2002-05-05,9999-01-01
72782,Srinidhi,Lowrie,Engineer,1999-04-23,9999-01-01
72787,Leszek,Gyorkos,Engineer,1993-05-05,1998-05-05
72787,Leszek,Gyorkos,Senior Engineer,1998-05-05,9999-01-01
72817,Mari,Plavsic,Engineer,1994-01-03,2002-01-03
72817,Mari,Plavsic,Senior Engineer,2002-01-03,9999-01-01
72857,Xiadong,Nanard,Engineer,1997-02-01,2002-02-01
72857,Xiadong,Nanard,Senior Engineer,2002-02-01,9999-01-01
72867,Miyeon,Einsfeld,Engineer,1989-06-27,1994-06-27
72867,Miyeon,Einsfeld,Senior Engineer,1994-06-27,9999-01-01
72879,Goh,Hiroyama,Senior Staff,1998-09-27,9999-01-01
72895,Piyush,Rosch,Assistant Engineer,1990-03-16,1999-03-16
72895,Piyush,Rosch,Engineer,1999-03-16,9999-01-01
72934,Stafford,Luders,Engineer,1985-09-05,1992-09-05
72934,Stafford,Luders,Senior Engineer,1992-09-05,9999-01-01
72941,Shai,Lueh,Senior Staff,2000-02-23,2002-03-13
72941,Shai,Lueh,Staff,1994-02-23,2000-02-23
72960,Niteen,Fiutem,Senior Staff,1999-07-02,9999-01-01
72966,Shuho,Gill,Senior Staff,2001-09-29,9999-01-01
72966,Shuho,Gill,Staff,1994-09-29,2001-09-29
72968,Janche,Lieblein,Senior Staff,1995-04-15,9999-01-01
72968,Janche,Lieblein,Staff,1990-04-15,1995-04-15
72971,Brewster,Oxman,Assistant Engineer,1995-12-20,9999-01-01
72979,Cheong,Rosin,Senior Engineer,1993-04-18,1994-06-10
73001,Annemarie,Maksimenko,Technique Leader,1992-04-09,9999-01-01
73007,Gennady,Zumaque,Technique Leader,1992-10-06,9999-01-01
73009,DAIDA,Potthoff,Senior Staff,1999-09-11,9999-01-01
73013,Pintsang,Ananiadou,Senior Engineer,1991-03-05,9999-01-01
73026,Feiyu,DiGiano,Engineer,1998-07-20,9999-01-01
73030,Khosrow,Fujisaki,Senior Staff,2002-06-25,9999-01-01
73030,Khosrow,Fujisaki,Staff,1997-06-25,2002-06-25
73041,Mark,Hiroyama,Engineer,1998-08-02,9999-01-01
73046,Taiji,Cardazo,Engineer,1999-08-04,9999-01-01
73047,Udaiprakash,Underwood,Senior Staff,1994-07-13,9999-01-01
73047,Udaiprakash,Underwood,Staff,1988-07-13,1994-07-13
73085,Yuguang,Vilarrasa,Technique Leader,1988-04-09,9999-01-01
73118,Teiji,Angot,Senior Staff,1999-03-18,9999-01-01
73118,Teiji,Angot,Staff,1991-03-18,1999-03-18
73158,Subbu,Siprelle,Assistant Engineer,1988-02-29,1990-07-24
73170,Terresa,Jonsson,Senior Staff,1989-01-05,9999-01-01
73173,Sanjoy,Cronan,Engineer,1999-01-04,9999-01-01
73179,Arco,Guardalben,Engineer,1995-03-30,9999-01-01
73205,Srinidhi,Katzenelson,Assistant Engineer,1997-10-01,9999-01-01
73214,Ranga,Mersereau,Senior Staff,1994-08-27,9999-01-01
73235,Dannz,Kaltofen,Engineer,1989-08-08,1990-04-04
73238,Branimir,Neiman,Engineer,1990-08-14,1995-08-14
73238,Branimir,Neiman,Senior Engineer,1995-08-14,9999-01-01
73260,Faiza,Pargaonkar,Engineer,1996-07-04,9999-01-01
73262,Mooi,Walstra,Engineer,1998-12-13,9999-01-01
73265,Sadun,Mukaidono,Senior Staff,1996-04-17,9999-01-01
73276,Odoardo,Rosar,Engineer,1995-01-08,2000-01-08
73276,Odoardo,Rosar,Senior Engineer,2000-01-08,9999-01-01
73306,Dayanand,Sluis,Senior Staff,1995-05-23,9999-01-01
73306,Dayanand,Sluis,Staff,1989-05-23,1995-05-23
73317,Masaru,Suomi,Engineer,1995-08-05,9999-01-01
73344,Nidapan,Pelc,Senior Staff,1996-07-24,9999-01-01
73344,Nidapan,Pelc,Staff,1987-07-25,1996-07-24
73351,Sushant,Usery,Staff,1993-09-02,9999-01-01
73363,Kasturi,Chandrasekhar,Senior Staff,1987-02-12,9999-01-01
73372,Gennadi,Miculan,Engineer,1998-12-03,9999-01-01
73397,Chiranjit,Stanger,Engineer,1997-10-30,9999-01-01
73405,Nectarios,Validov,Staff,1996-07-12,9999-01-01
73410,Koichi,Barvinok,Staff,1997-01-03,9999-01-01
73411,Uli,Gist,Engineer,1991-09-16,1997-02-10
73418,Marjo,McAlpine,Senior Staff,2001-04-25,9999-01-01
73418,Marjo,McAlpine,Staff,1994-04-25,2001-04-25
73419,Luigi,Kossowski,Engineer,1990-04-01,1997-04-01
73419,Luigi,Kossowski,Senior Engineer,1997-04-01,9999-01-01
73420,Flemming,Comellas,Senior Staff,2001-11-08,2002-01-12
73420,Flemming,Comellas,Staff,1996-11-08,2001-11-08
73431,Leszek,Lally,Assistant Engineer,1986-12-01,1994-12-01
73431,Leszek,Lally,Engineer,1994-12-01,9999-01-01
73458,Isamu,Sooriamurthi,Engineer,1991-03-20,1996-03-19
73458,Isamu,Sooriamurthi,Senior Engineer,1996-03-19,9999-01-01
73463,Terresa,Walston,Senior Staff,2002-02-17,9999-01-01
73463,Terresa,Walston,Staff,1996-02-18,2002-02-17
73487,Subbu,Khamsi,Staff,1999-05-24,9999-01-01
73496,Duri,Birge,Engineer,1994-10-01,2001-10-01
73496,Duri,Birge,Senior Engineer,2001-10-01,9999-01-01
73498,Gao,Henders,Senior Staff,1994-07-18,9999-01-01
73498,Gao,Henders,Staff,1985-07-18,1994-07-18
73505,Danae,Grospietsch,Senior Staff,1993-08-18,9999-01-01
73505,Danae,Grospietsch,Staff,1986-08-18,1993-08-18
73519,Yuguang,Lodder,Technique Leader,1991-02-22,1998-12-12
73521,Vasilis,Kopetz,Senior Staff,1994-07-04,9999-01-01
73537,Huai,Standera,Senior Staff,1999-07-18,9999-01-01
73537,Huai,Standera,Staff,1994-07-18,1999-07-18
73567,Gao,Borstler,Engineer,1988-07-05,1993-07-05
73567,Gao,Borstler,Senior Engineer,1993-07-05,9999-01-01
73568,Wuxu,Pearson,Engineer,1997-05-01,9999-01-01
73579,Dinah,Maginnis,Senior Staff,1994-07-21,9999-01-01
73579,Dinah,Maginnis,Staff,1988-07-21,1994-07-21
73603,Sibyl,Swan,Engineer,1989-04-02,1997-04-02
73603,Sibyl,Swan,Senior Engineer,1997-04-02,9999-01-01
73605,Subhada,Kranzdorf,Senior Staff,1995-02-11,9999-01-01
73640,Etsuo,Perly,Engineer,1987-01-01,1995-01-01
73640,Etsuo,Perly,Senior Engineer,1995-01-01,9999-01-01
73649,Marsal,Stenning,Senior Staff,1995-03-22,9999-01-01
73649,Marsal,Stenning,Staff,1990-03-22,1995-03-22
73664,Zissis,Matzen,Engineer,1991-09-13,1997-07-30
73675,Lech,Bael,Senior Staff,1997-10-08,9999-01-01
73675,Lech,Bael,Staff,1990-10-08,1997-10-08
73686,Weicheng,Gecseg,Senior Engineer,1996-04-27,9999-01-01
73690,Isamu,Parveen,Senior Staff,1996-11-03,9999-01-01
73690,Isamu,Parveen,Staff,1987-11-04,1996-11-03
73704,Shay,Waterhouse,Engineer,1996-01-18,2001-01-17
73704,Shay,Waterhouse,Senior Engineer,2001-01-17,2001-05-15
73740,Randi,Pargas,Senior Staff,1990-11-30,9999-01-01
73766,Kristof,Wolniewicz,Senior Staff,2000-06-14,9999-01-01
73766,Kristof,Wolniewicz,Staff,1992-06-14,2000-06-14
73767,Shuho,Braunmuhl,Engineer,1993-03-15,1998-03-15
73767,Shuho,Braunmuhl,Senior Engineer,1998-03-15,9999-01-01
73774,Aral,Garrabrants,Technique Leader,1988-01-05,9999-01-01
73778,Dekang,Polajnar,Assistant Engineer,1998-02-13,9999-01-01
73780,Rosine,Butterworth,Senior Engineer,1999-10-14,9999-01-01
73803,Conrado,Olivero,Staff,1997-03-17,1998-05-22
73816,Izaskun,Wissmann,Engineer,1988-08-28,1996-08-28
73816,Izaskun,Wissmann,Senior Engineer,1996-08-28,1999-10-26
73827,Parviz,Schonegge,Senior Engineer,1990-08-05,9999-01-01
73869,Sorina,Vuskovic,Engineer,1987-05-17,1993-08-14
73876,Ute,Schneeberger,Senior Staff,1994-12-20,9999-01-01
73886,Domenico,Takanami,Assistant Engineer,1994-10-07,1994-11-02
73887,Hein,Snyers,Assistant Engineer,1997-01-28,9999-01-01
73902,Gennadi,Morrow,Assistant Engineer,1991-11-24,1997-11-23
73902,Gennadi,Morrow,Engineer,1997-11-23,9999-01-01
73904,Guangming,Muniz,Engineer,1989-04-13,1998-04-13
73904,Guangming,Muniz,Senior Engineer,1998-04-13,9999-01-01
73915,Constantino,McClure,Senior Staff,2000-12-18,2001-10-12
73915,Constantino,McClure,Staff,1995-12-19,2000-12-18
73922,Hidekazu,Bottner,Engineer,1988-08-10,1996-08-10
73922,Hidekazu,Bottner,Senior Engineer,1996-08-10,1997-10-27
73939,Franziska,Streng,Senior Staff,1994-07-13,9999-01-01
73939,Franziska,Streng,Staff,1987-07-13,1994-07-13
73956,Randi,Bach,Senior Staff,1993-08-05,9999-01-01
73956,Randi,Bach,Staff,1987-08-06,1993-08-05
73966,Marco,Angelov,Staff,1994-08-30,9999-01-01
73978,Deborah,Hedayat,Senior Staff,1993-08-25,2001-06-06
73983,Masasuke,Androutsos,Senior Staff,2002-07-10,9999-01-01
73983,Masasuke,Androutsos,Staff,1994-07-10,2002-07-10
73992,Panayotis,Gadepally,Senior Staff,1996-03-24,9999-01-01
74022,Arra,Journel,Senior Staff,1995-05-27,9999-01-01
74022,Arra,Journel,Staff,1986-05-27,1995-05-27
74035,Boalin,Hardjono,Staff,1999-07-15,2000-09-09
74040,Shim,Jansen,Engineer,1990-06-22,1998-06-22
74040,Shim,Jansen,Senior Engineer,1998-06-22,9999-01-01
74041,Lijia,Ghelli,Engineer,1996-05-22,2002-05-22
74041,Lijia,Ghelli,Senior Engineer,2002-05-22,9999-01-01
74043,Satoru,Lamba,Staff,1989-08-17,1989-10-19
74044,Augustine,Kriebel,Senior Staff,1999-11-16,9999-01-01
74049,Utz,Ohori,Engineer,1985-08-31,1991-08-31
74049,Utz,Ohori,Senior Engineer,1991-08-31,2002-02-03
74055,Moheb,Penttonen,Senior Staff,1987-04-03,1992-12-15
74064,Serenella,Bahr,Senior Staff,1996-08-18,2001-08-21
74064,Serenella,Bahr,Staff,1987-08-19,1996-08-18
74066,Matt,Yurek,Senior Engineer,1990-09-17,9999-01-01
74100,Heejo,Luks,Engineer,1995-08-03,9999-01-01
74109,Giordano,Byoun,Engineer,1989-11-06,1998-11-06
74109,Giordano,Byoun,Senior Engineer,1998-11-06,9999-01-01
74139,Jaewoo,Callaway,Senior Staff,2000-07-26,9999-01-01
74139,Jaewoo,Callaway,Staff,1994-07-27,2000-07-26
74153,Qingxiang,Falck,Staff,1995-08-03,9999-01-01
74162,Froduald,Narlikar,Senior Staff,2000-10-22,9999-01-01
74162,Froduald,Narlikar,Staff,1994-10-23,2000-10-22
74195,Izaskun,Pero,Staff,1998-08-03,9999-01-01
74206,Bokyung,Uehara,Engineer,1992-05-31,2001-05-31
74206,Bokyung,Uehara,Senior Engineer,2001-05-31,9999-01-01
74207,Jianhao,Radhakrishnan,Senior Engineer,1996-02-12,1998-11-18
74217,Lene,Pesch,Engineer,1991-04-16,1997-04-15
74217,Lene,Pesch,Senior Engineer,1997-04-15,9999-01-01
74221,Elgin,Polajnar,Staff,1996-07-08,9999-01-01
74236,Temple,Willoner,Engineer,1999-01-04,9999-01-01
74245,Vishwani,Nastansky,Senior Staff,1999-05-25,9999-01-01
74245,Vishwani,Nastansky,Staff,1991-05-25,1999-05-25
74270,Janche,Vieri,Senior Staff,1986-02-19,9999-01-01
74280,Gennadi,Meszaros,Senior Engineer,1995-01-10,9999-01-01
74284,Woody,Ratzlaff,Engineer,1986-05-10,1995-05-10
74284,Woody,Ratzlaff,Senior Engineer,1995-05-10,9999-01-01
74287,Satyanarayana,Luby,Senior Engineer,1994-05-05,9999-01-01
74298,Lena,Plesums,Engineer,1985-12-09,1993-12-09
74298,Lena,Plesums,Senior Engineer,1993-12-09,9999-01-01
74303,Shawna,Ramaiah,Senior Staff,1992-03-01,9999-01-01
74303,Shawna,Ramaiah,Staff,1987-03-02,1992-03-01
74308,Remko,Siepmann,Engineer,1985-12-31,1994-12-31
74308,Remko,Siepmann,Senior Engineer,1994-12-31,9999-01-01
74325,Shuzo,Anick,Engineer,1985-06-04,1993-06-04
74325,Shuzo,Anick,Senior Engineer,1993-06-04,9999-01-01
74330,Arto,Setlzner,Engineer,1994-01-11,2001-01-11
74330,Arto,Setlzner,Senior Engineer,2001-01-11,9999-01-01
74331,Christophe,Taubman,Senior Staff,1994-02-03,9999-01-01
74331,Christophe,Taubman,Staff,1988-02-04,1994-02-03
74343,Sedat,Cappello,Engineer,1994-03-10,1999-03-10
74343,Sedat,Cappello,Senior Engineer,1999-03-10,9999-01-01
74371,Aloke,Masamoto,Engineer,1996-09-10,9999-01-01
74372,Gererd,Cincotta,Senior Staff,1992-10-23,9999-01-01
74373,Giap,Basart,Engineer,1996-01-04,9999-01-01
74377,Baocai,Rosaz,Senior Staff,1997-02-23,9999-01-01
74377,Baocai,Rosaz,Staff,1990-02-23,1997-02-23
74389,Becky,Highland,Engineer,1999-12-11,9999-01-01
74390,Nitsan,Wuwongse,Senior Staff,1993-09-27,9999-01-01
74390,Nitsan,Wuwongse,Staff,1986-09-27,1993-09-27
74393,Giri,Lemarechal,Staff,1998-09-10,9999-01-01
74410,Vincent,Brookner,Engineer,1996-07-25,1996-12-12
74418,Ebbe,Magalhaes,Engineer,1986-07-16,1993-07-16
74418,Ebbe,Magalhaes,Senior Engineer,1993-07-16,9999-01-01
74490,Tokuyasu,Danlos,Senior Staff,2000-05-13,9999-01-01
74490,Tokuyasu,Danlos,Staff,1995-05-14,2000-05-13
74495,Troy,Lunn,Senior Staff,1987-04-05,2002-01-04
74505,Seongbae,Braunschweig,Staff,1997-12-21,2001-01-18
74524,Jacopo,Cannane,Senior Staff,1992-06-16,9999-01-01
74524,Jacopo,Cannane,Staff,1986-06-17,1992-06-16
74554,Hercules,Strehl,Engineer,1993-01-01,2001-01-01
74554,Hercules,Strehl,Senior Engineer,2001-01-01,9999-01-01
74560,Emdad,Trumbly,Staff,1999-07-15,9999-01-01
74561,Yucai,DiGiano,Engineer,1996-11-12,9999-01-01
74592,Lorien,Eiron,Engineer,1987-01-29,1993-01-28
74592,Lorien,Eiron,Senior Engineer,1993-01-28,9999-01-01
74594,Falguni,Range,Senior Staff,1998-02-08,9999-01-01
74594,Falguni,Range,Staff,1991-02-08,1998-02-08
74597,Heather,Takkinen,Engineer,1989-06-02,1994-06-02
74597,Heather,Takkinen,Senior Engineer,1994-06-02,9999-01-01
74599,Conal,Setiz,Staff,1998-01-24,9999-01-01
74600,Aksel,Langford,Assistant Engineer,1988-04-26,1995-04-27
74600,Aksel,Langford,Engineer,1995-04-27,2002-04-27
74600,Aksel,Langford,Senior Engineer,2002-04-27,9999-01-01
74617,Marke,Kampfer,Senior Staff,1994-03-11,9999-01-01
74617,Marke,Kampfer,Staff,1989-03-11,1994-03-11
74619,Mani,Leivant,Senior Engineer,1999-12-29,9999-01-01
74621,Fumiko,Dymetman,Engineer,1995-11-28,2001-11-27
74621,Fumiko,Dymetman,Senior Engineer,2001-11-27,9999-01-01
74632,Ortrud,Uchoa,Assistant Engineer,1986-06-10,1992-06-09
74632,Ortrud,Uchoa,Engineer,1992-06-09,1998-06-09
74632,Ortrud,Uchoa,Senior Engineer,1998-06-09,9999-01-01
74640,Eric,Usdin,Engineer,1995-07-16,9999-01-01
74680,Werner,Randi,Staff,1998-02-17,9999-01-01
74686,Samphel,Kumaresan,Engineer,1986-11-08,1986-12-14
74719,Masadi,Swan,Staff,1998-01-07,9999-01-01
74720,Yoshimitsu,Velasco,Engineer,1995-10-13,9999-01-01
74740,Junsik,Decaestecker,Engineer,1994-11-24,2001-11-24
74740,Junsik,Decaestecker,Senior Engineer,2001-11-24,9999-01-01
74743,Juichirou,Garnham,Engineer,1992-08-31,2000-08-31
74743,Juichirou,Garnham,Senior Engineer,2000-08-31,9999-01-01
74748,Gift,Koprowski,Senior Staff,2002-07-30,9999-01-01
74748,Gift,Koprowski,Staff,1997-07-30,2002-07-30
74752,Quingbo,Porenta,Technique Leader,1999-09-16,9999-01-01
74754,Theron,Roisin,Senior Staff,1998-07-26,1999-01-31
74754,Theron,Roisin,Staff,1991-07-26,1998-07-26
74755,Patricia,Kolvik,Senior Staff,1991-07-08,2002-03-06
74763,Oddvar,Hennebert,Staff,1997-11-03,9999-01-01
74765,Kiyomitsu,Cairo,Staff,1998-09-02,9999-01-01
74785,Christ,Markovitch,Senior Staff,1996-10-28,9999-01-01
74785,Christ,Markovitch,Staff,1990-10-29,1996-10-28
74821,Shahaf,Bellmore,Senior Staff,1996-01-23,9999-01-01
74821,Shahaf,Bellmore,Staff,1987-01-23,1996-01-23
74827,Parke,Rosenbaum,Senior Staff,1995-09-02,9999-01-01
74827,Parke,Rosenbaum,Staff,1988-09-01,1995-09-02
74836,Krister,Hofman,Senior Staff,1996-05-21,1996-11-11
74836,Krister,Hofman,Staff,1988-05-21,1996-05-21
74844,Piyush,Ramras,Senior Staff,1993-05-14,1998-10-15
74844,Piyush,Ramras,Staff,1987-05-15,1993-05-14
74848,Lucian,Werthner,Engineer,1986-05-15,1992-05-14
74848,Lucian,Werthner,Senior Engineer,1992-05-14,9999-01-01
74889,Nechama,Kalorkoti,Senior Staff,1999-11-30,9999-01-01
74889,Nechama,Kalorkoti,Staff,1992-11-29,1999-11-30
74898,Matt,Paludetto,Senior Staff,1994-12-20,9999-01-01
74898,Matt,Paludetto,Staff,1988-12-20,1994-12-20
74900,Luigi,Stemann,Engineer,1994-09-26,2001-09-26
74900,Luigi,Stemann,Senior Engineer,2001-09-26,9999-01-01
74925,Khosrow,Reeker,Senior Staff,1996-04-20,9999-01-01
74925,Khosrow,Reeker,Staff,1988-04-20,1996-04-20
74931,Paris,Thisen,Senior Engineer,1990-03-03,1994-03-24
74974,Moto,Zyda,Senior Staff,1995-03-24,9999-01-01
74974,Moto,Zyda,Staff,1988-03-23,1995-03-24
74987,Mountaz,Trelles,Senior Staff,1994-12-01,9999-01-01
75000,Hidekazu,Ritcey,Senior Staff,1994-10-22,9999-01-01
75000,Hidekazu,Ritcey,Staff,1989-10-22,1994-10-22
75029,Vishwani,Siegrist,Senior Engineer,1992-07-02,9999-01-01
75031,Zhenhua,Speel,Senior Staff,1998-08-02,9999-01-01
75031,Zhenhua,Speel,Staff,1992-08-02,1998-08-02
75034,Kristinn,Koshino,Staff,1997-10-11,9999-01-01
75050,Hironobu,Streng,Senior Staff,1992-09-20,9999-01-01
75050,Hironobu,Streng,Staff,1987-09-21,1992-09-20
75054,Adil,Delgrange,Senior Staff,1998-01-10,9999-01-01
75054,Adil,Delgrange,Staff,1993-01-10,1998-01-10
75059,Hsiangchu,Erbe,Engineer,1993-01-02,2001-01-02
75059,Hsiangchu,Erbe,Senior Engineer,2001-01-02,9999-01-01
75077,Nevin,DasSarma,Senior Staff,1988-05-28,9999-01-01
75106,Marsja,Speckmann,Engineer,1987-07-15,1993-07-14
75106,Marsja,Speckmann,Senior Engineer,1993-07-14,1997-08-23
75135,Rosalyn,Luby,Senior Staff,1996-04-05,9999-01-01
75135,Rosalyn,Luby,Staff,1991-04-06,1996-04-05
75141,Kazuhide,Heping,Staff,1998-10-30,2002-05-19
75155,Mats,Besancenot,Senior Staff,1991-04-10,9999-01-01
75155,Mats,Besancenot,Staff,1986-04-10,1991-04-10
75176,Sachin,Tyugu,Engineer,1987-12-22,1995-12-22
75176,Sachin,Tyugu,Senior Engineer,1995-12-22,9999-01-01
75197,Candida,Choobineh,Staff,1991-07-23,1994-12-29
75199,Tesuya,Hooghiemstra,Senior Engineer,1988-07-23,9999-01-01
75202,Mabhin,Jayawardene,Senior Staff,1997-08-16,9999-01-01
75202,Mabhin,Jayawardene,Staff,1990-08-16,1997-08-16
75211,Kwangsub,Savasere,Engineer,1998-04-10,9999-01-01
75214,Zhonghui,Cangellaris,Engineer,1993-08-12,1999-08-12
75214,Zhonghui,Cangellaris,Senior Engineer,1999-08-12,9999-01-01
75227,Dietrich,Worfolk,Senior Staff,2001-08-08,9999-01-01
75227,Dietrich,Worfolk,Staff,1996-08-08,2001-08-08
75232,Taizo,Taubman,Staff,1992-11-09,1999-01-10
75280,Frederique,Malabarba,Senior Staff,1993-12-10,9999-01-01
75280,Frederique,Malabarba,Staff,1985-12-10,1993-12-10
75287,Leaf,Scallan,Engineer,1989-02-22,1994-02-22
75287,Leaf,Scallan,Senior Engineer,1994-02-22,9999-01-01
75303,Trygve,Vieth,Assistant Engineer,1985-05-29,1991-05-29
75303,Trygve,Vieth,Engineer,1991-05-29,1997-05-28
75303,Trygve,Vieth,Senior Engineer,1997-05-28,9999-01-01
75316,Rayond,Peir,Senior Staff,1998-08-04,9999-01-01
75316,Rayond,Peir,Staff,1991-08-04,1998-08-04
75327,Valdiodio,Mikschl,Senior Engineer,1994-04-16,9999-01-01
75345,Christ,Vendrig,Engineer,1988-05-22,1997-05-22
75345,Christ,Vendrig,Senior Engineer,1997-05-22,9999-01-01
75363,Leucio,Docker,Technique Leader,1990-06-21,9999-01-01
75373,Tze,McDermid,Senior Staff,1985-10-29,9999-01-01
75384,Mohammad,McFarlan,Senior Staff,1993-08-23,9999-01-01
75384,Mohammad,McFarlan,Staff,1985-08-23,1993-08-23
75399,Tesuya,Lindqvist,Engineer,1987-06-06,1994-06-06
75399,Tesuya,Lindqvist,Senior Engineer,1994-06-06,9999-01-01
75424,Yechiam,Marshall,Senior Staff,1996-04-16,9999-01-01
75428,Lene,Steenbeek,Staff,1995-12-09,9999-01-01
75454,Arunachalam,Rodite,Senior Staff,2000-07-06,9999-01-01
75454,Arunachalam,Rodite,Staff,1992-07-06,2000-07-06
75481,Vasilii,Nittel,Engineer,1986-11-24,1991-11-24
75481,Vasilii,Nittel,Senior Engineer,1991-11-24,9999-01-01
75497,Mohamadou,Siprelle,Senior Staff,1997-11-07,9999-01-01
75497,Mohamadou,Siprelle,Staff,1991-11-08,1997-11-07
75498,Vojin,Haddadi,Senior Staff,1990-11-06,9999-01-01
75501,Kristian,Kinley,Engineer,1994-03-30,1995-03-31
75532,Shaowei,Henders,Engineer,1999-08-17,2000-11-26
75624,Weiyi,Bodoff,Technique Leader,1999-10-11,9999-01-01
75625,Neelam,Snedden,Staff,1999-12-06,9999-01-01
75630,Yoshinari,Sinicrope,Senior Staff,1997-12-15,9999-01-01
75630,Yoshinari,Sinicrope,Staff,1989-12-15,1997-12-15
75642,Ibibia,Swiler,Senior Staff,1994-08-09,1995-10-23
75642,Ibibia,Swiler,Staff,1986-08-09,1994-08-09
75649,Gadiel,Leaver,Staff,1996-07-22,9999-01-01
75667,Chikara,Cullers,Assistant Engineer,1995-07-16,9999-01-01
75678,Hilari,Thorensen,Senior Staff,1993-11-10,9999-01-01
75678,Hilari,Thorensen,Staff,1986-11-10,1993-11-10
75682,Sanjeeva,Lortz,Staff,1995-10-04,1999-04-02
75689,Hidefumi,Peir,Senior Engineer,1986-12-28,9999-01-01
75706,Shih,Jonsson,Engineer,1998-02-20,9999-01-01
75723,Percy,Marrakchi,Technique Leader,1986-04-10,9999-01-01
75747,Guther,Dredge,Engineer,1987-12-28,1994-12-28
75747,Guther,Dredge,Senior Engineer,1994-12-28,9999-01-01
75754,Yuchang,Kropatsch,Engineer,1999-06-27,2002-07-04
75789,Shigehito,Pena,Senior Staff,1996-05-25,9999-01-01
75789,Shigehito,Pena,Staff,1991-05-26,1996-05-25
75798,Seongbae,Jonsson,Engineer,1993-07-20,1998-07-20
75798,Seongbae,Jonsson,Senior Engineer,1998-07-20,9999-01-01
75802,Huai,Pero,Staff,1998-10-03,9999-01-01
75806,Sanjit,Kruskal,Engineer,1987-11-26,1992-11-25
75806,Sanjit,Kruskal,Senior Engineer,1992-11-25,9999-01-01
75808,Eran,Coorg,Senior Staff,1999-12-22,9999-01-01
75819,Gadiel,Harbusch,Senior Staff,1995-06-04,9999-01-01
75819,Gadiel,Harbusch,Staff,1986-06-04,1995-06-04
75824,Zdislav,Passino,Engineer,1994-11-22,9999-01-01
75833,Goetz,Fadgyas,Engineer,1998-03-12,9999-01-01
75839,Kerryn,Kragelund,Engineer,1995-11-23,9999-01-01
75863,Toong,Renear,Engineer,1996-09-02,9999-01-01
75879,Alassane,Walston,Engineer,1988-10-25,1995-10-26
75879,Alassane,Walston,Senior Engineer,1995-10-26,1999-12-18
75881,Kenroku,Gulak,Engineer,1994-06-08,2002-06-08
75881,Kenroku,Gulak,Senior Engineer,2002-06-08,9999-01-01
75906,DeForest,Cappello,Staff,1998-07-02,9999-01-01
75913,Mrinalini,Barinka,Assistant Engineer,1990-03-19,1993-02-17
75917,Diederik,Murtha,Senior Engineer,1996-02-17,9999-01-01
76008,Mingsen,Kugler,Staff,1999-11-01,9999-01-01
76024,Perla,Selenyi,Engineer,1992-10-22,2000-10-22
76024,Perla,Selenyi,Senior Engineer,2000-10-22,9999-01-01
76027,Constantine,Bazzichi,Staff,1996-04-27,9999-01-01
76028,Ger,Fendler,Engineer,1990-12-08,1997-12-08
76028,Ger,Fendler,Senior Engineer,1997-12-08,9999-01-01
76038,Gina,Moffat,Senior Engineer,1985-12-08,9999-01-01
76100,Charmane,Wegerle,Assistant Engineer,1996-05-02,2001-05-02
76100,Charmane,Wegerle,Engineer,2001-05-02,9999-01-01
76105,Mats,Swist,Staff,1999-07-27,2001-07-21
76111,Marke,Swab,Senior Staff,1999-02-09,9999-01-01
76111,Marke,Swab,Staff,1993-02-09,1999-02-09
76113,Jianhao,Morrow,Senior Staff,1988-07-11,9999-01-01
76115,Martien,Brodal,Senior Engineer,1986-04-01,9999-01-01
76118,Yonghoan,Schauser,Senior Staff,1985-12-16,9999-01-01
76122,Odysseas,Heiserman,Senior Engineer,1987-01-09,1990-10-24
76124,Kazuhiro,Ramalingam,Engineer,1991-10-28,2000-10-27
76124,Kazuhiro,Ramalingam,Senior Engineer,2000-10-27,9999-01-01
76133,Xiping,Munch,Senior Staff,2000-01-13,9999-01-01
76133,Xiping,Munch,Staff,1993-01-12,2000-01-13
76148,Mingdong,Barbanera,Engineer,1996-03-28,9999-01-01
76149,Hailing,Kawashima,Engineer,1997-02-12,9999-01-01
76153,Tadanori,Rassart,Assistant Engineer,1985-10-05,1992-10-05
76153,Tadanori,Rassart,Engineer,1992-10-05,1999-10-06
76153,Tadanori,Rassart,Senior Engineer,1999-10-06,9999-01-01
76160,Berry,Rosiles,Engineer,1993-07-14,1998-07-14
76160,Berry,Rosiles,Senior Engineer,1998-07-14,9999-01-01
76164,Troy,Merro,Senior Staff,1998-10-16,9999-01-01
76164,Troy,Merro,Staff,1992-10-16,1998-10-16
76168,Shugo,Marchegay,Senior Staff,1993-06-13,2000-11-22
76174,Souichi,Pettey,Senior Staff,1997-10-12,9999-01-01
76182,Van,Orsini,Engineer,1992-07-17,2001-07-17
76182,Van,Orsini,Senior Engineer,2001-07-17,9999-01-01
76184,Aloys,Mayerwieser,Senior Staff,2000-03-22,2000-05-16
76184,Aloys,Mayerwieser,Staff,1993-03-22,2000-03-22
76187,Olivera,Reghbati,Engineer,1986-07-05,1995-03-07
76194,Manton,Naudin,Staff,1989-05-30,1991-02-19
76233,Pasqua,Fordan,Senior Staff,1999-04-11,9999-01-01
76233,Pasqua,Fordan,Staff,1990-04-11,1999-04-11
76240,Richard,Einsfeld,Engineer,1989-01-23,1994-01-23
76240,Richard,Einsfeld,Senior Engineer,1994-01-23,9999-01-01
76257,Yannik,Bratten,Senior Staff,1995-01-19,1997-10-07
76263,Berhard,Narwekar,Technique Leader,1989-03-13,9999-01-01
76274,Adil,Farrag,Senior Engineer,1994-01-08,9999-01-01
76276,Jackson,Miculan,Staff,1996-12-05,2002-04-05
76314,Xiaoshan,Demke,Engineer,1996-05-15,9999-01-01
76334,Chiranjit,Kakkad,Engineer,1999-02-20,9999-01-01
76347,Itzchak,Otillio,Staff,1999-06-20,9999-01-01
76383,KayLiang,Genther,Senior Staff,2002-04-30,9999-01-01
76383,KayLiang,Genther,Staff,1996-04-30,2002-04-30
76404,Filipp,Back,Technique Leader,1993-09-21,9999-01-01
76430,Muneo,Gecsel,Senior Staff,1991-07-18,9999-01-01
76432,Dulce,Leaver,Engineer,1986-04-12,1992-04-11
76432,Dulce,Leaver,Senior Engineer,1992-04-11,9999-01-01
76439,Heekeun,Merey,Senior Staff,1993-05-12,9999-01-01
76439,Heekeun,Merey,Staff,1986-05-12,1993-05-12
76471,Aruna,Siksek,Engineer,1995-05-12,9999-01-01
76492,Sastry,Fontan,Senior Engineer,1992-07-27,9999-01-01
76503,Masasuke,Yurov,Senior Staff,1994-03-31,9999-01-01
76503,Masasuke,Yurov,Staff,1986-03-31,1994-03-31
76506,Steen,Remmele,Senior Staff,1996-05-13,2002-03-08
76506,Steen,Remmele,Staff,1989-05-13,1996-05-13
76534,Pantung,Lieberherr,Staff,1986-01-06,1991-04-28
76557,Jahangir,Masamoto,Technique Leader,1987-02-02,9999-01-01
76600,Koldo,Lorie,Senior Engineer,1986-08-31,9999-01-01
76647,Salvador,Thiria,Senior Engineer,1990-05-24,9999-01-01
76659,Moto,Herber,Engineer,1990-01-17,1998-01-17
76659,Moto,Herber,Senior Engineer,1998-01-17,9999-01-01
76685,Shahar,Orlowski,Senior Staff,2000-02-12,9999-01-01
76685,Shahar,Orlowski,Staff,1995-02-12,2000-02-12
76695,Rance,Antonakopoulos,Senior Staff,1990-09-30,9999-01-01
76695,Rance,Antonakopoulos,Staff,1985-09-30,1990-09-30
76718,Tsuneo,Goodrum,Engineer,1992-10-04,2000-10-04
76718,Tsuneo,Goodrum,Senior Engineer,2000-10-04,9999-01-01
76726,Gila,Thebaut,Staff,1996-02-26,9999-01-01
76736,Juichirou,Perl,Staff,1997-05-26,1998-06-21
76742,Arunas,Sidou,Senior Staff,1997-01-30,9999-01-01
76747,Tsuneo,Pelz,Engineer,1990-10-19,1996-10-18
76747,Tsuneo,Pelz,Senior Engineer,1996-10-18,9999-01-01
76752,Dung,Jeansoulin,Engineer,1992-04-09,1997-04-09
76752,Dung,Jeansoulin,Senior Engineer,1997-04-09,9999-01-01
76768,Ranan,Marrakchi,Staff,1996-05-22,9999-01-01
76784,King,Shokrollahi,Engineer,1985-12-30,1994-12-30
76784,King,Shokrollahi,Senior Engineer,1994-12-30,9999-01-01
76803,Qiwen,Tsukune,Engineer,1992-06-10,2000-06-10
76803,Qiwen,Tsukune,Senior Engineer,2000-06-10,9999-01-01
76806,Byong,Hasham,Senior Engineer,1999-10-14,9999-01-01
76856,Berni,Albarhamtoshy,Senior Engineer,1994-11-28,9999-01-01
76857,Mizuhito,Wilharm,Senior Engineer,1987-08-15,9999-01-01
76893,Ziya,Chorvat,Engineer,1995-02-28,2001-02-27
76893,Ziya,Chorvat,Senior Engineer,2001-02-27,9999-01-01
76904,Aram,Muhlberg,Technique Leader,1995-09-05,1997-04-23
76911,Shigenori,Luff,Engineer,1997-08-03,9999-01-01
76919,Premsyl,Krychniak,Engineer,1996-02-22,2002-02-21
76919,Premsyl,Krychniak,Senior Engineer,2002-02-21,9999-01-01
76929,Alejandra,Cromarty,Engineer,1996-09-10,9999-01-01
76934,Seongbin,Peir,Senior Engineer,1996-07-17,9999-01-01
76962,Ebru,Bodoff,Senior Staff,1997-08-26,9999-01-01
76962,Ebru,Bodoff,Staff,1992-08-26,1997-08-26
76969,Hidekazu,Socorro,Engineer,1992-11-05,1997-11-05
76969,Hidekazu,Socorro,Senior Engineer,1997-11-05,9999-01-01
76990,Sarita,Cappelli,Senior Staff,1999-09-08,9999-01-01
76990,Sarita,Cappelli,Staff,1994-09-08,1999-09-08
77000,Aram,Socorro,Staff,1995-08-24,9999-01-01
77013,Alassane,Puoti,Staff,1996-03-26,1997-06-09
77022,Sham,Chiola,Assistant Engineer,1990-08-13,1992-04-05
77026,Marsal,Perin,Senior Staff,1987-06-20,9999-01-01
77073,Lalit,Colorni,Engineer,1986-08-11,1994-08-11
77073,Lalit,Colorni,Senior Engineer,1994-08-11,1995-12-29
77094,Yakkov,Binding,Engineer,1996-12-24,2001-12-24
77094,Yakkov,Binding,Senior Engineer,2001-12-24,9999-01-01
77105,Weiwu,Feldmann,Staff,1999-02-21,9999-01-01
77115,Yakkov,Khasidashvili,Staff,1999-10-18,9999-01-01
77117,Paris,Gecsel,Staff,1995-02-23,9999-01-01
77132,Christophe,Bhattacharjee,Senior Staff,1995-04-20,9999-01-01
77132,Christophe,Bhattacharjee,Staff,1988-04-19,1995-04-20
77134,Duangkaew,Rebaine,Engineer,1997-02-25,9999-01-01
77140,Yishay,Nitto,Engineer,1986-04-05,1991-07-31
77164,Lena,Gelosh,Senior Staff,2000-01-16,9999-01-01
77164,Lena,Gelosh,Staff,1994-01-16,2000-01-16
77207,Gal,Kriebel,Engineer,1998-04-01,1999-12-03
77215,Mingsen,Alencar,Senior Staff,1994-02-11,9999-01-01
77222,Soenke,Genther,Engineer,1990-03-01,1999-03-01
77222,Soenke,Genther,Senior Engineer,1999-03-01,9999-01-01
77246,Heping,Gronowski,Assistant Engineer,1996-09-23,1997-02-20
77275,Arne,Ciolek,Engineer,1988-06-10,1989-02-12
77278,Tomofumi,Kolvik,Senior Engineer,1991-12-08,9999-01-01
77281,Marlo,Savasere,Engineer,1994-06-03,1996-04-25
77305,Gila,Otillio,Technique Leader,1990-10-11,9999-01-01
77360,Xudong,Chaudhury,Engineer,1995-06-28,2000-06-27
77360,Xudong,Chaudhury,Senior Engineer,2000-06-27,9999-01-01
77384,Claude,Hanratty,Engineer,1999-06-02,9999-01-01
77422,Mitsuyuki,Schiper,Engineer,1988-01-19,1988-07-17
77424,Theirry,Hainaut,Staff,1997-08-08,9999-01-01
77445,Hausi,Naumovich,Engineer,1998-06-27,9999-01-01
77447,Moti,Prenel,Senior Engineer,1990-09-07,1995-11-23
77451,Renee,Leuchs,Engineer,1997-11-11,2001-02-14
77452,Shaz,Gulak,Staff,1999-04-23,9999-01-01
77467,Arve,Kroll,Engineer,1985-06-25,1990-06-25
77467,Arve,Kroll,Senior Engineer,1990-06-25,2001-06-29
77472,Teiji,Petereit,Assistant Engineer,1988-11-02,1997-11-02
77472,Teiji,Petereit,Engineer,1997-11-02,9999-01-01
77485,Krisda,Sundgren,Engineer,1988-04-21,1994-04-21
77485,Krisda,Sundgren,Senior Engineer,1994-04-21,1997-04-15
77495,Sedat,Reinhart,Engineer,1986-07-07,1992-07-06
77495,Sedat,Reinhart,Senior Engineer,1992-07-06,1996-06-25
77514,Soenke,Gaughan,Senior Staff,2000-01-09,9999-01-01
77514,Soenke,Gaughan,Staff,1995-01-09,2000-01-09
77578,Ute,Ohori,Senior Engineer,1985-07-22,9999-01-01
77593,Shigehito,Sidje,Senior Staff,2001-10-07,9999-01-01
77593,Shigehito,Sidje,Staff,1992-10-07,2001-10-07
77619,Kamakshi,Desikan,Staff,1999-01-29,9999-01-01
77645,Stella,Karunanithi,Staff,1998-11-18,2002-01-11
77656,Lena,Zaumen,Assistant Engineer,1993-05-15,2001-05-15
77656,Lena,Zaumen,Engineer,2001-05-15,9999-01-01
77664,Alejandra,Doering,Engineer,1986-02-24,1994-02-24
77664,Alejandra,Doering,Senior Engineer,1994-02-24,9999-01-01
77668,Lobel,Schrooten,Engineer,1995-05-04,2000-05-03
77668,Lobel,Schrooten,Senior Engineer,2000-05-03,9999-01-01
77680,Sachin,Jenevein,Engineer,1995-04-08,2000-06-03
77681,Masaru,Zeleznik,Technique Leader,1986-02-21,1996-02-08
77695,Wilmer,Bahl,Senior Engineer,1997-04-20,9999-01-01
77707,Fen,McFarlan,Staff,1997-06-16,9999-01-01
77721,Rance,Honiden,Senior Staff,1994-03-05,9999-01-01
77721,Rance,Honiden,Staff,1986-03-05,1994-03-05
77740,Chenxi,Zwicker,Engineer,1989-07-21,1998-07-21
77740,Chenxi,Zwicker,Senior Engineer,1998-07-21,9999-01-01
77751,Huai,Rothe,Engineer,1999-04-22,9999-01-01
77754,Margareta,Taubenfeld,Engineer,1994-02-03,1999-02-03
77754,Margareta,Taubenfeld,Senior Engineer,1999-02-03,9999-01-01
77756,Navin,Ranai,Engineer,1994-03-03,1999-03-03
77756,Navin,Ranai,Senior Engineer,1999-03-03,9999-01-01
77765,Filipp,Lanteri,Senior Staff,2000-07-19,9999-01-01
77765,Filipp,Lanteri,Staff,1995-07-20,2000-07-19
77777,Masaru,Kornyak,Engineer,1995-09-09,9999-01-01
77792,Dipayan,Kugler,Senior Staff,1990-10-24,9999-01-01
77794,Caolyn,Haumacher,Senior Engineer,1989-07-23,9999-01-01
77800,Sanjeeva,Uhrik,Engineer,1996-09-23,1999-09-04
77810,Kellyn,Lienhardt,Assistant Engineer,1986-05-06,1993-05-06
77810,Kellyn,Lienhardt,Engineer,1993-05-06,2000-05-06
77810,Kellyn,Lienhardt,Senior Engineer,2000-05-06,9999-01-01
77813,Tadahiko,Hofman,Senior Engineer,1985-09-08,9999-01-01
77823,Sachio,Cunliffe,Engineer,1994-06-12,1996-04-14
77863,Duangkaew,Gulak,Senior Staff,1998-04-03,9999-01-01
77863,Duangkaew,Gulak,Staff,1989-04-04,1998-04-03
77874,Joydip,Lukaszewicz,Senior Engineer,1991-11-17,9999-01-01
77886,Sudhanshu,Douceur,Senior Staff,1994-07-16,9999-01-01
77886,Sudhanshu,Douceur,Staff,1985-07-16,1994-07-16
77900,Domenico,Thombley,Engineer,1988-10-03,1993-10-03
77900,Domenico,Thombley,Senior Engineer,1993-10-03,9999-01-01
77901,Percy,Kalafatis,Engineer,1994-05-29,2000-05-28
77901,Percy,Kalafatis,Senior Engineer,2000-05-28,9999-01-01
77904,Panayotis,Rouquie,Engineer,1990-03-15,1997-03-15
77904,Panayotis,Rouquie,Senior Engineer,1997-03-15,9999-01-01
77913,Feipei,Zeleznik,Senior Engineer,1985-10-08,9999-01-01
77917,Ebbe,Khasidashvili,Staff,1999-11-20,2002-01-05
77920,Noritoshi,Zedlitz,Engineer,1999-03-31,9999-01-01
77921,Prasadram,Fordan,Senior Staff,2001-12-19,9999-01-01
77921,Prasadram,Fordan,Staff,1996-12-19,2001-12-19
77950,Deniz,Mansanne,Engineer,1985-10-03,1994-10-03
77950,Deniz,Mansanne,Senior Engineer,1994-10-03,9999-01-01
77954,Geoffrey,Merel,Staff,1993-05-06,1996-04-13
77983,Kazuhisa,Hitomi,Senior Engineer,1985-05-24,9999-01-01
78028,Angel,Ranum,Engineer,1995-10-01,9999-01-01
78034,Sumant,Smailagic,Senior Staff,1992-12-28,9999-01-01
78036,Gill,Isaak,Engineer,1993-09-30,2001-09-30
78036,Gill,Isaak,Senior Engineer,2001-09-30,9999-01-01
78040,Christfried,Jonsson,Engineer,1998-10-24,9999-01-01
78047,Kasturi,Stemann,Senior Engineer,1994-05-23,1995-07-05
78063,Noritoshi,Barbanera,Assistant Engineer,1992-12-23,1993-12-22
78077,Achilleas,Kadhim,Engineer,1997-12-21,9999-01-01
78079,Somnath,Goodrum,Senior Staff,1994-12-19,9999-01-01
78079,Somnath,Goodrum,Staff,1986-12-19,1994-12-19
78096,Bernd,Etalle,Engineer,1986-03-25,1995-03-25
78096,Bernd,Etalle,Senior Engineer,1995-03-25,9999-01-01
78098,Kerhong,Hartvigsen,Staff,1994-02-18,9999-01-01
78101,Ingmar,Katzenelson,Technique Leader,1998-10-31,2002-01-03
78103,Cheong,Pillow,Senior Staff,2000-03-02,9999-01-01
78103,Cheong,Pillow,Staff,1995-03-03,2000-03-02
78124,Fatemeh,Marrakchi,Senior Staff,2000-01-27,9999-01-01
78131,Marin,Rajcani,Senior Engineer,1999-03-04,1999-04-25
78164,Christoper,Kolinko,Engineer,1994-06-27,2002-06-27
78164,Christoper,Kolinko,Senior Engineer,2002-06-27,9999-01-01
78179,Zhigen,Birnbaum,Senior Staff,1992-06-25,9999-01-01
78182,Chuanyi,Jording,Engineer,1996-07-21,2001-07-21
78182,Chuanyi,Jording,Senior Engineer,2001-07-21,9999-01-01
78196,Rosita,Ratnakar,Staff,1992-03-31,1995-02-01
78205,Masami,Feinberg,Senior Staff,1995-12-15,9999-01-01
78205,Masami,Feinberg,Staff,1986-12-15,1995-12-15
78219,Khoa,Baby,Senior Engineer,1996-07-20,9999-01-01
78223,Keiichiro,Radivojevic,Engineer,1993-06-01,2000-06-01
78223,Keiichiro,Radivojevic,Senior Engineer,2000-06-01,9999-01-01
78238,Diederik,Rodham,Senior Staff,2000-01-18,9999-01-01
78238,Diederik,Rodham,Staff,1991-01-18,2000-01-18
78246,Kristin,Erez,Senior Staff,1995-12-23,9999-01-01
78246,Kristin,Erez,Staff,1990-12-23,1995-12-23
78258,Vidya,Goldhammer,Staff,1999-08-16,9999-01-01
78263,Alassane,Zuberek,Staff,1999-06-06,9999-01-01
78270,Aruna,Alblas,Engineer,1996-12-21,9999-01-01
78275,Makato,Garnier,Senior Staff,1990-05-24,9999-01-01
78275,Makato,Garnier,Staff,1985-05-24,1990-05-24
78283,Jeanna,Lagarias,Engineer,1991-03-16,1997-03-15
78283,Jeanna,Lagarias,Senior Engineer,1997-03-15,2000-12-20
78285,Marek,Anick,Senior Staff,1992-01-29,9999-01-01
78285,Marek,Anick,Staff,1986-01-29,1992-01-29
78294,Armond,Boissier,Senior Staff,1986-02-10,2002-06-05
78303,Chiradeep,Thisen,Engineer,1995-03-29,2002-03-29
78303,Chiradeep,Thisen,Senior Engineer,2002-03-29,9999-01-01
78317,Ramachenga,Geffroy,Senior Staff,1993-02-24,9999-01-01
78317,Ramachenga,Geffroy,Staff,1988-02-25,1993-02-24
78325,Youpyo,Ertl,Engineer,1985-06-13,1990-06-02
78374,Panayotis,Picci,Engineer,1998-04-29,9999-01-01
78375,Breannda,Terkki,Engineer,1989-03-01,1998-03-01
78375,Breannda,Terkki,Senior Engineer,1998-03-01,9999-01-01
78376,Youngkon,Magalhaes,Senior Engineer,1995-06-01,1999-07-02
78379,Laurentiu,Godskesen,Senior Staff,1991-10-13,9999-01-01
78390,Eben,Kawashimo,Senior Staff,1999-08-17,9999-01-01
78390,Eben,Kawashimo,Staff,1990-08-17,1999-08-17
78392,Adil,McClure,Engineer,1999-03-23,2001-07-11
78399,Reinhold,Bonifati,Senior Staff,1998-09-28,9999-01-01
78399,Reinhold,Bonifati,Staff,1991-09-28,1998-09-28
78401,Katsuo,Sullins,Senior Staff,1994-11-18,2001-02-20
78401,Katsuo,Sullins,Staff,1989-11-18,1994-11-18
78415,Tesuya,Bultermann,Senior Staff,1996-02-21,9999-01-01
78415,Tesuya,Bultermann,Staff,1990-02-21,1996-02-21
78483,Nimmagadda,Narwekar,Engineer,1994-01-01,9999-01-01
78506,Subhada,Eldridge,Senior Engineer,1985-04-22,9999-01-01
78533,Jaewoo,Hofmeyr,Senior Staff,1990-11-27,9999-01-01
78546,Jagoda,Smailagic,Senior Staff,1995-12-24,9999-01-01
78546,Jagoda,Smailagic,Staff,1987-12-24,1995-12-24
78564,Sailaja,Czaja,Technique Leader,1985-05-22,1989-09-16
78577,Guadalupe,Heystek,Senior Staff,1987-06-01,9999-01-01
78579,Hidekazu,DasSarma,Engineer,1985-03-17,1992-03-17
78579,Hidekazu,DasSarma,Senior Engineer,1992-03-17,9999-01-01
78616,Salvador,Condotta,Technique Leader,1985-11-17,9999-01-01
78642,Shih,Picci,Engineer,1991-11-11,1996-11-10
78642,Shih,Picci,Senior Engineer,1996-11-10,1997-07-26
78645,Hideyuki,Biron,Senior Staff,1997-04-09,9999-01-01
78645,Hideyuki,Biron,Staff,1992-04-09,1997-04-09
78658,Takanari,Barriga,Senior Staff,1989-01-08,9999-01-01
78678,Demos,Gihr,Senior Staff,2000-04-28,9999-01-01
78678,Demos,Gihr,Staff,1995-04-29,2000-04-28
78726,Visit,Verhaegen,Staff,1996-01-17,9999-01-01
78747,Suvo,Barvinok,Staff,1991-08-25,1995-10-17
78750,Kensyu,Schahn,Senior Staff,2000-05-14,9999-01-01
78750,Kensyu,Schahn,Staff,1992-05-14,2000-05-14
78809,Tru,Esposito,Engineer,1995-01-25,2002-01-25
78809,Tru,Esposito,Senior Engineer,2002-01-25,9999-01-01
78812,Huan,Marwedel,Engineer,1985-03-07,1991-03-07
78812,Huan,Marwedel,Senior Engineer,1991-03-07,9999-01-01
78815,Kaijung,Ozeri,Engineer,1988-02-21,1994-02-20
78815,Kaijung,Ozeri,Senior Engineer,1994-02-20,9999-01-01
78817,Yuping,Bahk,Staff,1998-03-31,2001-04-25
78827,Pintsang,Ressouche,Senior Staff,1994-08-02,9999-01-01
78827,Pintsang,Ressouche,Staff,1988-08-02,1994-08-02
78845,Freyja,Unni,Staff,1997-03-22,9999-01-01
78858,Arlette,Bauknecht,Senior Staff,1998-11-03,9999-01-01
78874,Adil,Attimonelli,Engineer,1997-12-26,9999-01-01
78885,Zeljko,Ranze,Staff,1997-01-14,9999-01-01
78897,Manibrata,Plotkin,Staff,1999-07-19,9999-01-01
78917,Dayanand,Bazzichi,Senior Staff,2001-07-17,9999-01-01
78917,Dayanand,Bazzichi,Staff,1993-07-17,2001-07-17
78931,Fumiyo,Huxford,Engineer,1999-03-16,9999-01-01
78933,Mingsen,Zedlitz,Engineer,1996-09-04,1999-02-09
78948,Gal,Yeung,Staff,1986-10-11,1987-08-07
78949,Georgy,Narwekar,Engineer,1986-03-11,1991-03-11
78949,Georgy,Narwekar,Senior Engineer,1991-03-11,9999-01-01
78952,Jamaludin,Grabner,Engineer,1985-04-19,1990-04-19
78952,Jamaludin,Grabner,Senior Engineer,1990-04-19,9999-01-01
78971,Kenroku,Bojadziev,Senior Engineer,1998-10-04,9999-01-01
78988,Wojceich,Munch,Engineer,1998-06-19,9999-01-01
79025,Ebbe,Stasinski,Senior Staff,1999-06-01,9999-01-01
79025,Ebbe,Stasinski,Staff,1994-06-01,1999-06-01
79068,Charmane,Czaja,Senior Engineer,1990-04-27,9999-01-01
79086,Bangqing,Hofstetter,Engineer,1999-07-11,9999-01-01
79105,Sasan,Cullers,Staff,1999-06-18,9999-01-01
79111,Troy,Dredge,Assistant Engineer,1987-08-01,1992-07-31
79111,Troy,Dredge,Engineer,1992-07-31,1997-07-31
79111,Troy,Dredge,Senior Engineer,1997-07-31,9999-01-01
79123,Syozo,Schaap,Staff,1998-12-08,9999-01-01
79134,Adin,Marletta,Technique Leader,1988-06-27,9999-01-01
79136,Marin,Bardell,Senior Engineer,1995-02-23,9999-01-01
79155,Vivian,DeMori,Senior Staff,2000-02-20,9999-01-01
79155,Vivian,DeMori,Staff,1991-02-20,2000-02-20
79157,Sampalli,Borstler,Senior Staff,2001-02-09,9999-01-01
79157,Sampalli,Borstler,Staff,1992-02-10,2001-02-09
79161,Saddek,dAstous,Assistant Engineer,1996-11-02,1999-11-09
79164,Gurbir,Cyne,Engineer,1987-08-23,1995-08-23
79164,Gurbir,Cyne,Senior Engineer,1995-08-23,9999-01-01
79172,Genta,Ashish,Engineer,1997-05-09,9999-01-01
79198,Guttorm,Saoudi,Engineer,1994-04-09,1995-11-25
79207,Morris,Bahr,Senior Engineer,1986-01-24,9999-01-01
79208,Tamiya,Bratsberg,Senior Staff,2001-04-26,9999-01-01
79208,Tamiya,Bratsberg,Staff,1992-04-26,2001-04-26
79216,Youpyo,Braunmuhl,Senior Engineer,1999-03-09,9999-01-01
79220,Yannik,Manderick,Assistant Engineer,1992-07-31,1996-11-16
79222,Lucien,Felder,Engineer,1999-02-27,2001-04-24
79246,Aloke,Schwartzburd,Staff,1993-12-09,9999-01-01
79250,Moheb,Bugaenko,Engineer,1993-08-15,2001-08-15
79250,Moheb,Bugaenko,Senior Engineer,2001-08-15,9999-01-01
79259,Yuqun,Rahier,Engineer,1988-02-17,1996-02-17
79259,Yuqun,Rahier,Senior Engineer,1996-02-17,9999-01-01
79260,Tsutomu,Nooteboom,Assistant Engineer,1995-03-07,2000-03-06
79260,Tsutomu,Nooteboom,Engineer,2000-03-06,9999-01-01
79261,Lorien,Cronau,Staff,1994-07-30,1995-10-04
79291,Xumin,Bennet,Technique Leader,1992-05-15,9999-01-01
79294,Utz,Schlegelmilch,Staff,1999-09-29,9999-01-01
79295,Arup,Rabehasaina,Senior Staff,1997-12-31,9999-01-01
79295,Arup,Rabehasaina,Staff,1989-12-31,1997-12-31
79296,Jahangir,Tanemo,Senior Staff,1994-02-13,9999-01-01
79296,Jahangir,Tanemo,Staff,1987-02-13,1994-02-13
79301,Constantijn,Apsitis,Engineer,1987-08-14,1995-08-14
79301,Constantijn,Apsitis,Senior Engineer,1995-08-14,9999-01-01
79302,Yongmao,Penttonen,Engineer,1993-02-03,2000-02-04
79302,Yongmao,Penttonen,Senior Engineer,2000-02-04,9999-01-01
79309,Elrique,Lindenbaum,Engineer,1991-06-01,1999-06-01
79309,Elrique,Lindenbaum,Senior Engineer,1999-06-01,9999-01-01
79326,Mohamadou,Schiper,Engineer,1991-07-10,1998-07-10
79326,Mohamadou,Schiper,Senior Engineer,1998-07-10,9999-01-01
79342,Kirk,Simmel,Engineer,1990-09-16,1995-09-16
79342,Kirk,Simmel,Senior Engineer,1995-09-16,9999-01-01
79352,Steen,Provine,Engineer,1985-07-15,1992-07-15
79352,Steen,Provine,Senior Engineer,1992-07-15,9999-01-01
79356,Foong,Billawala,Senior Staff,1992-05-09,9999-01-01
79356,Foong,Billawala,Staff,1986-05-10,1992-05-09
79371,Tayeb,Curless,Senior Staff,1997-02-06,9999-01-01
79371,Tayeb,Curless,Staff,1988-02-07,1997-02-06
79373,Mong,Zeidenstein,Engineer,1988-03-13,1995-03-14
79373,Mong,Zeidenstein,Senior Engineer,1995-03-14,9999-01-01
79381,Giordano,Marquardt,Engineer,1985-06-30,1992-06-30
79381,Giordano,Marquardt,Senior Engineer,1992-06-30,9999-01-01
79392,Kauko,Trachtenberg,Technique Leader,1999-11-17,2000-04-04
79394,Danai,Birdsall,Engineer,1998-09-26,9999-01-01
79402,Zito,Kabayashi,Senior Staff,2002-04-28,9999-01-01
79402,Zito,Kabayashi,Staff,1995-04-28,2002-04-28
79405,Parke,Danlos,Senior Staff,1985-04-26,9999-01-01
79414,Volkmar,Unni,Engineer,1995-06-11,2000-06-10
79414,Volkmar,Unni,Senior Engineer,2000-06-10,9999-01-01
79415,Sibyl,Esposito,Senior Staff,1998-09-26,1999-03-18
79415,Sibyl,Esposito,Staff,1992-09-26,1998-09-26
79421,Gully,Irland,Technique Leader,1988-12-15,9999-01-01
79437,Eldridge,Rohrbach,Senior Staff,1998-09-22,9999-01-01
79437,Eldridge,Rohrbach,Staff,1989-09-22,1998-09-22
79445,Jayesh,Vrecion,Senior Staff,2002-07-30,9999-01-01
79445,Jayesh,Vrecion,Staff,1993-07-30,2002-07-30
79447,Jinpo,Ducloy,Senior Engineer,1994-11-25,9999-01-01
79472,Mikhail,Hainaut,Engineer,1990-04-14,1997-04-14
79472,Mikhail,Hainaut,Senior Engineer,1997-04-14,9999-01-01
79501,Venkatesan,Wixon,Senior Staff,2002-03-18,9999-01-01
79501,Venkatesan,Wixon,Staff,1996-03-18,2002-03-18
79502,Constantino,Seuren,Staff,1992-07-14,1996-11-04
79506,Florina,Hagimont,Engineer,1999-08-07,9999-01-01
79528,Hatim,Henseler,Senior Staff,1996-08-08,9999-01-01
79528,Hatim,Henseler,Staff,1990-08-09,1996-08-08
79547,Ibibia,Ballarin,Senior Engineer,1986-03-31,9999-01-01
79551,Snehasis,Molberg,Engineer,1991-07-20,1996-07-19
79551,Snehasis,Molberg,Senior Engineer,1996-07-19,9999-01-01
79557,Henk,Awdeh,Senior Staff,1998-10-30,9999-01-01
79557,Henk,Awdeh,Staff,1992-10-30,1998-10-30
79568,Gritta,Schmiedel,Engineer,1990-07-15,1997-07-15
79568,Gritta,Schmiedel,Senior Engineer,1997-07-15,9999-01-01
79621,Steve,Zastre,Engineer,1988-08-23,1993-08-23
79621,Steve,Zastre,Senior Engineer,1993-08-23,9999-01-01
79625,Kristine,Falby,Senior Staff,1995-03-20,9999-01-01
79677,Kwangho,Mundy,Senior Staff,1999-10-18,9999-01-01
79698,Magy,Tramer,Senior Staff,1994-04-28,9999-01-01
79698,Magy,Tramer,Staff,1985-04-28,1994-04-28
79715,Nalini,Navazio,Senior Engineer,1987-07-24,9999-01-01
79717,Kwangsub,Gopalakrishnan,Senior Staff,2000-05-21,9999-01-01
79717,Kwangsub,Gopalakrishnan,Staff,1992-05-21,2000-05-21
79752,Berthier,Solovay,Engineer,1992-09-24,2001-09-24
79752,Berthier,Solovay,Senior Engineer,2001-09-24,9999-01-01
79776,Mircea,Mamelak,Engineer,1989-08-23,1995-08-23
79776,Mircea,Mamelak,Senior Engineer,1995-08-23,9999-01-01
79780,Tze,Rahier,Staff,1998-03-01,9999-01-01
79788,Niteen,Raczkowsky,Engineer,1995-12-11,2000-12-10
79788,Niteen,Raczkowsky,Senior Engineer,2000-12-10,9999-01-01
79798,Satoru,Nergos,Senior Staff,1999-11-21,9999-01-01
79798,Satoru,Nergos,Staff,1994-11-21,1999-11-21
79804,Aluzio,Polupanov,Senior Engineer,1998-01-21,9999-01-01
79806,Alselm,Gihr,Senior Staff,1997-01-20,9999-01-01
79806,Alselm,Gihr,Staff,1990-01-20,1997-01-20
79812,Boaz,Rullman,Engineer,1997-09-11,9999-01-01
79816,Sanjay,Petereit,Staff,1994-11-09,9999-01-01
79840,Weijing,Jervis,Technique Leader,1992-09-03,9999-01-01
79850,Yucai,Passino,Senior Staff,2000-06-28,9999-01-01
79850,Yucai,Passino,Staff,1993-06-28,2000-06-28
79853,Kristin,Selenyi,Engineer,1999-02-18,2002-07-31
79872,Yannik,McFarlin,Engineer,1992-06-25,1996-08-02
79884,Masali,Bratten,Technique Leader,1993-12-18,9999-01-01
79890,Masali,Tsukuda,Senior Engineer,1985-04-05,1999-08-19
79894,Udi,Cheshire,Senior Staff,1993-09-07,9999-01-01
79894,Udi,Cheshire,Staff,1987-09-08,1993-09-07
79916,Ult,Iivonen,Engineer,1994-04-27,2002-04-27
79916,Ult,Iivonen,Senior Engineer,2002-04-27,9999-01-01
79928,Adit,Merlo,Engineer,1985-02-27,1993-02-27
79928,Adit,Merlo,Senior Engineer,1993-02-27,9999-01-01
79934,Sachio,Servieres,Engineer,1994-01-09,2002-01-09
79934,Sachio,Servieres,Senior Engineer,2002-01-09,9999-01-01
79940,Ingemar,Jeong,Assistant Engineer,1994-12-09,2001-12-09
79940,Ingemar,Jeong,Engineer,2001-12-09,9999-01-01
79941,Mikhail,Sethi,Staff,1998-01-28,9999-01-01
79966,Temple,Claffy,Technique Leader,1993-03-01,9999-01-01
79987,Hatem,Unno,Engineer,1998-01-18,2000-11-17
79988,Tsutomu,Beeson,Engineer,1996-06-21,9999-01-01
80001,Nagui,Merli,Engineer,1988-10-20,1993-10-20
80001,Nagui,Merli,Senior Engineer,1993-10-20,9999-01-01
80017,Dante,Argence,Staff,1996-05-16,1998-03-06
80018,Demos,Plumb,Senior Engineer,1986-08-09,9999-01-01
80027,Kannan,Deyuan,Engineer,1997-03-26,9999-01-01
80040,Zhaofang,Cincotta,Senior Staff,1995-12-07,9999-01-01
80040,Zhaofang,Cincotta,Staff,1988-12-06,1995-12-07
80042,Debatosh,Farrar,Staff,1997-04-15,1997-10-05
80043,Aruna,Selenyi,Engineer,1993-02-27,2001-02-27
80043,Aruna,Selenyi,Senior Engineer,2001-02-27,9999-01-01
80053,Larisa,Hammerschmidt,Senior Staff,1993-05-05,9999-01-01
80053,Larisa,Hammerschmidt,Staff,1988-05-05,1993-05-05
80058,Mana,Boissier,Senior Staff,1995-04-02,9999-01-01
80088,Kankanahalli,Bernatsky,Senior Engineer,1996-03-09,9999-01-01
80101,Bingning,Pearson,Senior Staff,1998-10-26,9999-01-01
80101,Bingning,Pearson,Staff,1992-10-26,1998-10-26
80149,Rildo,Rajala,Engineer,1998-03-11,9999-01-01
80164,Yuuichi,Quittner,Assistant Engineer,1985-04-08,1994-04-08
80164,Yuuichi,Quittner,Engineer,1994-04-08,9999-01-01
80169,Georg,Chiola,Senior Engineer,1990-05-07,9999-01-01
80173,Kristin,Seghrouchni,Engineer,1997-08-20,2000-06-27
80180,Dmitry,Kobara,Engineer,1993-04-23,1999-04-23
80180,Dmitry,Kobara,Senior Engineer,1999-04-23,2001-05-09
80202,Pohua,Koyama,Senior Staff,1993-07-20,9999-01-01
80202,Pohua,Koyama,Staff,1987-07-21,1993-07-20
80205,Mayuri,Radhakrishnan,Engineer,1987-09-26,1995-09-26
80205,Mayuri,Radhakrishnan,Senior Engineer,1995-09-26,9999-01-01
80228,Marco,Haumacher,Senior Engineer,1997-03-16,9999-01-01
80229,Khalid,Mamelak,Staff,1994-08-02,9999-01-01
80247,Mariusz,Zschoche,Staff,1999-11-21,9999-01-01
80252,Abdelghani,Miyakawa,Technique Leader,1987-04-05,9999-01-01
80265,Gou,England,Staff,1995-09-15,9999-01-01
80274,Siddarth,Kleiser,Engineer,1998-03-23,9999-01-01
80304,Souichi,Eastman,Engineer,1998-10-05,1999-06-15
80327,Randi,Miake,Staff,1999-09-09,9999-01-01
80348,Pintsang,Bharadwaj,Senior Staff,1991-09-19,9999-01-01
80353,Anyuan,Majewski,Senior Staff,1999-09-14,9999-01-01
80353,Anyuan,Majewski,Staff,1992-09-13,1999-09-14
80359,Sumant,Litzler,Senior Engineer,1989-02-24,9999-01-01
80368,Angus,Baaz,Engineer,1985-03-08,1994-03-08
80368,Angus,Baaz,Senior Engineer,1994-03-08,9999-01-01
80394,Nidapan,Auria,Engineer,1998-06-29,9999-01-01
80430,Pranav,Siepmann,Engineer,1988-02-25,1994-02-24
80430,Pranav,Siepmann,Senior Engineer,1994-02-24,9999-01-01
80431,Kshitij,Pearson,Staff,1998-07-01,9999-01-01
80442,Wojceich,Vickson,Engineer,1996-09-21,9999-01-01
80457,Odoardo,Lamma,Engineer,2000-01-19,9999-01-01
80460,Gretta,Ushiama,Technique Leader,1991-06-16,9999-01-01
80475,Niclas,Ferretti,Engineer,1993-08-30,9999-01-01
80482,Nadjib,Peir,Senior Engineer,1998-02-06,9999-01-01
80502,Van,Anily,Senior Engineer,1987-06-16,2001-09-23
80518,Arto,Vasanthakumar,Senior Staff,1996-11-28,9999-01-01
80518,Arto,Vasanthakumar,Staff,1988-11-28,1996-11-28
80548,Denis,Conde,Senior Staff,1988-07-27,9999-01-01
80588,Taisook,Scallan,Senior Staff,2000-02-05,9999-01-01
80588,Taisook,Scallan,Staff,1992-02-05,2000-02-05
80591,Dipankar,Gerlach,Senior Staff,1998-01-02,9999-01-01
80591,Dipankar,Gerlach,Staff,1990-01-02,1998-01-02
80595,Anestis,Horswill,Senior Engineer,1995-10-06,9999-01-01
80607,Golgen,Sinicrope,Technique Leader,1986-06-13,9999-01-01
80608,Bader,Masada,Engineer,1996-08-02,1999-05-15
80631,Shimshon,Oaver,Senior Staff,1998-10-29,9999-01-01
80634,Moni,Holburn,Assistant Engineer,1999-04-12,9999-01-01
80696,Jungsoon,Kandlur,Engineer,1995-12-07,2000-12-06
80696,Jungsoon,Kandlur,Senior Engineer,2000-12-06,9999-01-01
80725,Lech,Naudin,Technique Leader,1986-10-17,9999-01-01
80726,Padma,DuCasse,Senior Staff,1992-10-25,1999-08-28
80726,Padma,DuCasse,Staff,1986-10-26,1992-10-25
80728,Xiaopeng,Rodham,Engineer,1995-03-20,2001-03-19
80728,Xiaopeng,Rodham,Senior Engineer,2001-03-19,9999-01-01
80735,Gio,Picaronny,Senior Staff,1993-12-01,9999-01-01
80735,Gio,Picaronny,Staff,1987-12-02,1993-12-01
80756,Aksel,Jiafu,Engineer,1990-01-08,1997-01-08
80756,Aksel,Jiafu,Senior Engineer,1997-01-08,9999-01-01
80760,Dipankar,Oaver,Senior Engineer,1989-12-11,9999-01-01
80769,Zhonghui,Nishimukai,Engineer,1997-03-26,1997-08-24
80778,Kwan,Denny,Engineer,1996-11-08,2002-02-19
80812,Martial,Zizka,Engineer,1996-07-29,2002-07-29
80812,Martial,Zizka,Senior Engineer,2002-07-29,9999-01-01
80815,Jouni,Moffat,Senior Staff,1999-08-25,9999-01-01
80815,Jouni,Moffat,Staff,1994-08-25,1999-08-25
80826,Zijian,Lalonde,Engineer,1992-08-16,1999-08-17
80826,Zijian,Lalonde,Senior Engineer,1999-08-17,9999-01-01
80831,Masami,Esposito,Senior Staff,1998-05-24,9999-01-01
80831,Masami,Esposito,Staff,1991-05-24,1998-05-24
80847,Denny,Lichtner,Assistant Engineer,1998-02-04,9999-01-01
80874,Huei,Bondorf,Assistant Engineer,1987-06-28,1987-11-27
80879,Tonia,Baba,Assistant Engineer,1994-08-11,1999-08-11
80879,Tonia,Baba,Engineer,1999-08-11,9999-01-01
80890,Alenka,Androutsos,Engineer,1992-11-24,1997-11-24
80890,Alenka,Androutsos,Senior Engineer,1997-11-24,9999-01-01
80893,Tzvetan,Krohm,Engineer,1991-11-12,1995-03-21
80912,Baoqiu,Gecseg,Senior Staff,1994-12-13,9999-01-01
80912,Baoqiu,Gecseg,Staff,1989-12-13,1994-12-13
80921,Padma,Whitcomb,Engineer,1995-12-20,1997-02-02
80926,Tremaine,Zaumen,Senior Staff,1998-02-09,9999-01-01
80926,Tremaine,Zaumen,Staff,1989-02-09,1998-02-09
80932,Yoshimitsu,Pashtan,Assistant Engineer,1988-12-07,1993-12-07
80932,Yoshimitsu,Pashtan,Engineer,1993-12-07,1998-12-07
80932,Yoshimitsu,Pashtan,Senior Engineer,1998-12-07,9999-01-01
80956,Collette,Zlotek,Assistant Engineer,1995-04-01,9999-01-01
80964,Manton,Dalton,Engineer,1990-11-12,1997-11-12
80964,Manton,Dalton,Senior Engineer,1997-11-12,9999-01-01
80968,Lokesh,Parhami,Assistant Engineer,1990-04-23,1998-04-23
80968,Lokesh,Parhami,Engineer,1998-04-23,9999-01-01
80982,Sanjeeva,Kobara,Engineer,1986-07-31,1993-07-31
80982,Sanjeeva,Kobara,Senior Engineer,1993-07-31,9999-01-01
80985,Bedrich,Baaz,Senior Staff,2001-04-29,9999-01-01
80985,Bedrich,Baaz,Staff,1994-04-29,2001-04-29
80986,Arne,Dulin,Engineer,1994-06-15,1996-01-03
80992,Bangqing,Keirsey,Senior Staff,1993-02-05,1993-03-01
80992,Bangqing,Keirsey,Staff,1986-02-05,1993-02-05
81002,Jasminko,Gyorkos,Senior Staff,1999-06-30,9999-01-01
81002,Jasminko,Gyorkos,Staff,1991-06-30,1999-06-30
81028,Marlo,Schrooten,Engineer,1999-12-30,9999-01-01
81041,Martien,Paludetto,Senior Staff,2000-02-16,9999-01-01
81041,Martien,Paludetto,Staff,1992-02-16,2000-02-16
81065,Mihalis,Lanphier,Engineer,1993-03-19,1999-03-19
81065,Mihalis,Lanphier,Senior Engineer,1999-03-19,9999-01-01
81069,Shem,Poulakidas,Senior Staff,1992-03-21,9999-01-01
81069,Shem,Poulakidas,Staff,1987-03-22,1992-03-21
81072,Augustine,Siprelle,Staff,1998-01-03,1999-02-01
81080,Zsolt,Mungall,Senior Engineer,1990-09-15,1999-05-23
81087,Poornachandra,Candan,Senior Engineer,1997-08-27,9999-01-01
81089,Armond,Lodder,Senior Staff,1993-07-11,1997-10-22
81089,Armond,Lodder,Staff,1985-07-11,1993-07-11
81090,Kensei,Koshiba,Senior Engineer,1987-01-19,9999-01-01
81098,Bojan,Rajcani,Staff,1992-10-11,1994-02-15
81099,Seshu,Engberts,Engineer,1994-04-28,1999-04-28
81099,Seshu,Engberts,Senior Engineer,1999-04-28,9999-01-01
81103,Mari,Besancenot,Senior Staff,2001-08-25,9999-01-01
81103,Mari,Besancenot,Staff,1995-08-26,2001-08-25
81127,Chuanyi,Seiwald,Senior Staff,1992-10-28,9999-01-01
81127,Chuanyi,Seiwald,Staff,1986-10-29,1992-10-28
81147,Kwangjo,Gire,Engineer,1992-02-16,1993-07-25
81224,Nathalie,Fritzsche,Staff,1991-11-09,1993-08-24
81227,Rosita,Anily,Senior Staff,1985-03-03,9999-01-01
81231,Piyush,Suomi,Senior Staff,1997-01-05,9999-01-01
81235,Filipe,Yoshizawa,Senior Staff,1986-07-29,9999-01-01
81262,Arto,Erev,Technique Leader,1998-03-20,9999-01-01
81274,Adib,Zizka,Engineer,1985-04-29,1992-04-29
81274,Adib,Zizka,Senior Engineer,1992-04-29,9999-01-01
81277,Odoardo,Randt,Senior Staff,1994-08-26,9999-01-01
81277,Odoardo,Randt,Staff,1987-08-26,1994-08-26
81282,Szabolcs,Karlin,Engineer,1997-04-18,9999-01-01
81287,Mohan,Weiland,Senior Staff,1997-12-24,9999-01-01
81289,Zhilian,Pardalos,Senior Engineer,1986-07-26,1986-12-31
81308,Shuichi,Peron,Assistant Engineer,1993-01-11,2001-01-11
81308,Shuichi,Peron,Engineer,2001-01-11,9999-01-01
81312,Yahiko,Pietracaprina,Staff,1990-10-06,1995-01-29
81333,Vugranam,Flasterstein,Staff,1998-02-28,2000-09-06
81334,Mahmut,Petereit,Staff,1999-11-21,9999-01-01
81365,Prodip,Bierbaum,Engineer,1989-10-15,1998-10-15
81365,Prodip,Bierbaum,Senior Engineer,1998-10-15,9999-01-01
81367,Geraldo,Mayerwieser,Engineer,1995-11-06,2002-01-13
81384,Shigeu,Worfolk,Staff,1995-11-27,9999-01-01
81386,Abdelghani,Schusler,Senior Staff,1999-04-05,9999-01-01
81386,Abdelghani,Schusler,Staff,1993-04-05,1999-04-05
81388,Thanasis,Badr,Engineer,1985-03-11,1991-03-11
81388,Thanasis,Badr,Senior Engineer,1991-03-11,9999-01-01
81389,Kasidit,Gischer,Senior Engineer,1993-04-16,1994-03-18
81396,Beshir,Kobara,Senior Staff,1996-08-03,9999-01-01
81396,Beshir,Kobara,Staff,1991-08-04,1996-08-03
81397,Jinpo,Scallan,Staff,1999-10-31,9999-01-01
81417,Tsuneo,Fontet,Senior Staff,2000-11-23,9999-01-01
81417,Tsuneo,Fontet,Staff,1994-11-24,2000-11-23
81421,Tianruo,Lienhardt,Senior Staff,1996-05-25,9999-01-01
81421,Tianruo,Lienhardt,Staff,1990-05-26,1996-05-25
81428,Nimmagadda,Angelopoulos,Engineer,1994-02-10,2001-02-10
81428,Nimmagadda,Angelopoulos,Senior Engineer,2001-02-10,9999-01-01
81433,Arto,Rusmann,Engineer,1992-01-25,2000-01-25
81433,Arto,Rusmann,Senior Engineer,2000-01-25,9999-01-01
81437,Conrado,Setiz,Staff,1996-01-27,9999-01-01
81454,Reinhold,Gien,Engineer,1999-12-08,9999-01-01
81458,Hideo,Jording,Technique Leader,1991-12-01,9999-01-01
81469,Emdad,Beetstra,Senior Engineer,1994-01-09,9999-01-01
81492,Manohar,Munch,Senior Engineer,1989-02-11,9999-01-01
81506,Shietung,Penttonen,Senior Staff,1992-10-07,2001-03-27
81539,Sarita,Koshino,Senior Staff,1993-03-19,9999-01-01
81539,Sarita,Koshino,Staff,1988-03-19,1993-03-19
81547,Sampalli,Vesna,Engineer,1998-08-22,9999-01-01
81548,Zhongwei,Kropatsch,Staff,1991-10-29,1995-01-27
81550,Masanao,Schaad,Senior Engineer,1986-07-29,9999-01-01
81551,Jouni,Bennet,Senior Engineer,1988-08-12,1995-10-27
81559,Irena,Heping,Staff,1995-11-19,9999-01-01
81560,Ult,Pietracaprina,Assistant Engineer,1999-06-10,9999-01-01
81569,Hairong,Pardalos,Engineer,2000-01-08,9999-01-01
81582,Sakthirel,Nilsson,Engineer,1996-03-29,9999-01-01
81584,Kendra,Biron,Engineer,1998-03-22,9999-01-01
81586,Yahiko,Strandh,Staff,1997-06-12,1997-12-31
81593,Zhensheng,Heystek,Assistant Engineer,1985-07-17,1992-07-17
81593,Zhensheng,Heystek,Engineer,1992-07-17,1999-07-18
81593,Zhensheng,Heystek,Senior Engineer,1999-07-18,9999-01-01
81596,Rosella,Quaggetto,Engineer,1990-11-24,1997-11-24
81596,Rosella,Quaggetto,Senior Engineer,1997-11-24,9999-01-01
81632,Mari,Danlos,Senior Staff,1993-10-17,9999-01-01
81632,Mari,Danlos,Staff,1986-10-17,1993-10-17
81650,Vitaly,Peron,Assistant Engineer,1985-10-01,1993-10-01
81650,Vitaly,Peron,Engineer,1993-10-01,2001-10-01
81650,Vitaly,Peron,Senior Engineer,2001-10-01,9999-01-01
81662,Jayesh,Melton,Senior Staff,1999-10-23,9999-01-01
81662,Jayesh,Melton,Staff,1992-10-22,1999-10-23
81663,Jeanna,Yurov,Staff,1997-01-15,2000-02-13
81667,Tiina,Benveniste,Senior Engineer,1998-03-01,2002-03-22
81682,Ramya,Zyda,Senior Staff,1994-06-13,9999-01-01
81682,Ramya,Zyda,Staff,1985-06-13,1994-06-13
81705,Goa,Zastre,Technique Leader,1987-06-04,9999-01-01
81719,Slavian,Shihab,Engineer,1986-03-14,1994-03-14
81719,Slavian,Shihab,Senior Engineer,1994-03-14,9999-01-01
81724,Kellie,Griswold,Senior Staff,1994-03-30,9999-01-01
81724,Kellie,Griswold,Staff,1986-03-30,1994-03-30
81725,Stella,Kamber,Assistant Engineer,1997-01-24,9999-01-01
81775,Bedir,Sessa,Senior Staff,1993-10-15,9999-01-01
81775,Bedir,Sessa,Staff,1985-10-15,1993-10-15
81821,Jeane,Theuretzbacher,Engineer,1993-10-16,1998-10-16
81821,Jeane,Theuretzbacher,Senior Engineer,1998-10-16,1999-06-10
81850,Richard,Rettelbach,Assistant Engineer,1997-07-12,2000-06-02
81854,Satosi,Schlegelmilch,Senior Staff,1997-02-11,9999-01-01
81854,Satosi,Schlegelmilch,Staff,1992-02-12,1997-02-11
81855,Gadiel,Egerstedt,Engineer,1986-09-09,1992-09-08
81855,Gadiel,Egerstedt,Senior Engineer,1992-09-08,9999-01-01
81867,JoAnne,Comellas,Staff,1988-04-21,1989-11-22
81875,Nalini,Stille,Engineer,1992-04-22,1992-11-01
81882,Panayotis,Tanemo,Assistant Engineer,1991-12-28,1998-08-14
81890,Atreye,Werthner,Engineer,1995-08-10,2001-08-09
81890,Atreye,Werthner,Senior Engineer,2001-08-09,9999-01-01
81910,Navin,Asmuth,Engineer,1997-04-24,9999-01-01
81913,Berry,Christianini,Staff,1998-01-31,9999-01-01
81915,Garnet,Hettesheimer,Senior Engineer,1996-10-04,9999-01-01
81941,Yishai,Angiulli,Senior Staff,1992-04-04,9999-01-01
81941,Yishai,Angiulli,Staff,1987-04-06,1992-04-04
81943,Udo,Krogh,Engineer,1998-01-22,9999-01-01
81957,Jahangir,Scallan,Staff,1994-10-03,9999-01-01
81963,Shirish,Baezner,Technique Leader,1992-03-15,9999-01-01
81969,Raimond,Thombley,Senior Engineer,1989-01-19,9999-01-01
81977,Ortrud,Swist,Senior Staff,2000-10-15,9999-01-01
81977,Ortrud,Swist,Staff,1991-10-16,2000-10-15
82005,Weidon,Yoshizawa,Senior Staff,1994-10-07,9999-01-01
82015,Gay,Cannane,Engineer,1996-08-18,2002-06-21
82033,Kellyn,Zyda,Senior Staff,1998-02-15,9999-01-01
82033,Kellyn,Zyda,Staff,1989-02-15,1998-02-15
82042,Jaques,Zaumen,Engineer,1989-12-05,1994-12-05
82042,Jaques,Zaumen,Senior Engineer,1994-12-05,1998-10-17
82070,Kwok,Hellwagner,Staff,1997-02-15,9999-01-01
82087,Huei,Plump,Senior Engineer,1990-03-31,9999-01-01
82102,Sreenivas,Buescher,Engineer,1997-08-04,9999-01-01
82103,Magdalena,Larfeldt,Senior Staff,1991-02-11,9999-01-01
82103,Magdalena,Larfeldt,Staff,1985-02-11,1991-02-11
82122,Junichi,Aloia,Engineer,1989-07-17,1998-07-17
82122,Junichi,Aloia,Senior Engineer,1998-07-17,9999-01-01
82138,Chirstian,Giarratana,Engineer,1994-11-27,1996-12-21
82159,Saeko,Alencar,Senior Staff,1995-03-26,9999-01-01
82159,Saeko,Alencar,Staff,1988-03-25,1995-03-26
82160,Shem,Buescher,Senior Staff,1997-11-14,9999-01-01
82160,Shem,Buescher,Staff,1990-11-14,1997-11-14
82172,Yuichiro,Loncour,Assistant Engineer,1998-04-02,1999-07-14
82174,Shaunak,Koprowski,Staff,1998-04-13,9999-01-01
82186,Eckart,Ozeki,Engineer,1996-10-23,2000-09-24
82189,Juyoung,Lamparter,Staff,1999-12-09,2001-07-24
82238,Spyrose,Koshino,Engineer,1990-03-02,1997-03-02
82238,Spyrose,Koshino,Senior Engineer,1997-03-02,9999-01-01
82239,Uinam,Fairtlough,Senior Staff,1998-08-27,9999-01-01
82259,Unal,Bael,Staff,1997-06-03,9999-01-01
82260,Ishfaq,Randt,Engineer,1997-08-08,9999-01-01
82262,Masanao,Przulj,Staff,1991-11-13,1998-04-19
82299,Navid,Ohori,Senior Staff,1994-06-16,9999-01-01
82299,Navid,Ohori,Staff,1988-06-16,1994-06-16
82317,Francoise,Raney,Engineer,1999-08-18,9999-01-01
82326,Arfst,Soicher,Engineer,1988-01-29,1996-01-29
82326,Arfst,Soicher,Senior Engineer,1996-01-29,9999-01-01
82348,Takahiro,Lortz,Senior Staff,1997-01-06,9999-01-01
82348,Takahiro,Lortz,Staff,1991-01-07,1997-01-06
82353,Kokou,Krichel,Staff,1999-08-29,2000-03-20
82387,Huan,Oberman,Senior Engineer,1999-01-23,9999-01-01
82390,Fumitake,Farrow,Senior Engineer,1985-12-02,9999-01-01
82426,LiMin,Parveen,Engineer,1985-09-26,1990-09-26
82426,LiMin,Parveen,Senior Engineer,1990-09-26,9999-01-01
82428,Geoffrey,Kalafatis,Senior Staff,1999-12-01,9999-01-01
82428,Geoffrey,Kalafatis,Staff,1990-12-01,1999-12-01
82446,Mingsen,Brodal,Senior Engineer,1998-11-06,9999-01-01
82452,Shaibal,Fiebach,Senior Engineer,1987-07-12,9999-01-01
82494,Debatosh,Stamatiou,Engineer,1990-07-30,1996-07-29
82494,Debatosh,Stamatiou,Senior Engineer,1996-07-29,9999-01-01
82509,Aamod,Penttonen,Senior Staff,1999-11-08,9999-01-01
82509,Aamod,Penttonen,Staff,1990-11-08,1999-11-08
82528,Renny,Baaz,Senior Staff,1991-04-06,9999-01-01
82528,Renny,Baaz,Staff,1986-04-07,1991-04-06
82570,Eric,Pews,Engineer,1986-05-01,1991-05-01
82570,Eric,Pews,Senior Engineer,1991-05-01,1999-11-17
82575,Kristin,Georgatos,Engineer,1988-10-02,1995-10-03
82575,Kristin,Georgatos,Senior Engineer,1995-10-03,9999-01-01
82576,Kayoko,Eldridge,Senior Staff,1997-12-11,9999-01-01
82581,Xinglin,Rindone,Technique Leader,1995-04-30,9999-01-01
82650,Radoslaw,Speckmann,Engineer,1995-12-26,2000-12-25
82650,Radoslaw,Speckmann,Senior Engineer,2000-12-25,9999-01-01
82653,Sushant,Woycyznski,Engineer,1996-11-27,9999-01-01
82661,Tokuyasu,Binkley,Assistant Engineer,1985-12-15,1992-12-15
82661,Tokuyasu,Binkley,Engineer,1992-12-15,1999-12-16
82661,Tokuyasu,Binkley,Senior Engineer,1999-12-16,9999-01-01
82694,Avishai,Vrecion,Engineer,1996-10-19,9999-01-01
82699,Eirik,Kowalchuk,Assistant Engineer,1998-01-05,9999-01-01
82711,Yucel,Terkki,Senior Staff,1994-03-24,9999-01-01
82716,Mona,Luga,Technique Leader,1991-04-11,9999-01-01
82739,Chenye,Stassinopoulos,Senior Staff,1992-07-03,1995-11-13
82740,Serenella,Beetstra,Technique Leader,1986-11-28,9999-01-01
82742,Shugo,Peternell,Senior Staff,1999-08-06,9999-01-01
82748,Xiaocheng,Deville,Senior Staff,2000-11-28,9999-01-01
82748,Xiaocheng,Deville,Staff,1993-11-28,2000-11-28
82765,Jaroslava,Perz,Senior Engineer,1989-04-13,9999-01-01
82777,JiYoung,Deville,Senior Staff,1999-07-09,9999-01-01
82777,JiYoung,Deville,Staff,1992-07-08,1999-07-09
82781,Anyuan,Dalphin,Engineer,1986-08-15,1993-08-15
82781,Anyuan,Dalphin,Senior Engineer,1993-08-15,9999-01-01
82785,Constantino,Stanger,Assistant Engineer,1985-02-18,1990-06-23
82786,Gro,Berstel,Engineer,1989-02-15,1998-02-15
82786,Gro,Berstel,Senior Engineer,1998-02-15,9999-01-01
82790,Mana,Kalorkoti,Technique Leader,1986-05-26,9999-01-01
82792,Isamu,Wossner,Staff,1998-05-28,9999-01-01
82807,Vishwani,Quadeer,Senior Staff,1998-07-15,9999-01-01
82807,Vishwani,Quadeer,Staff,1989-07-15,1998-07-15
82811,Aral,Birnbaum,Engineer,1991-10-03,1998-10-03
82811,Aral,Birnbaum,Senior Engineer,1998-10-03,2001-03-16
82867,Ingmar,Pepe,Senior Staff,2000-09-23,9999-01-01
82867,Ingmar,Pepe,Staff,1993-09-23,2000-09-23
82876,Youssef,Ushiama,Engineer,1988-11-29,1994-11-29
82876,Youssef,Ushiama,Senior Engineer,1994-11-29,9999-01-01
82884,Masasuke,Wuwongse,Staff,1997-12-23,9999-01-01
82888,Utz,Hutton,Senior Engineer,1990-01-18,9999-01-01
82896,Gererd,Jahnichen,Engineer,1988-06-12,1993-06-12
82896,Gererd,Jahnichen,Senior Engineer,1993-06-12,9999-01-01
82925,Shai,Rubsam,Senior Staff,1999-02-13,9999-01-01
82925,Shai,Rubsam,Staff,1994-02-13,1999-02-13
82953,Kristinn,Gunderson,Senior Engineer,1986-10-13,9999-01-01
82955,Saeed,Furedi,Technique Leader,1995-05-29,9999-01-01
82957,Gurbir,Demri,Staff,1998-11-08,9999-01-01
82980,Bartek,Bresenham,Senior Engineer,1995-10-15,9999-01-01
83017,Kerhong,Baik,Engineer,1994-06-10,1998-12-31
83020,Khatoun,Schnelling,Engineer,1991-04-04,1998-04-04
83020,Khatoun,Schnelling,Senior Engineer,1998-04-04,9999-01-01
83025,Badri,Lupu,Engineer,1996-06-08,2001-06-08
83025,Badri,Lupu,Senior Engineer,2001-06-08,9999-01-01
83026,Sedat,Sridhar,Senior Staff,2002-01-06,9999-01-01
83026,Sedat,Sridhar,Staff,1994-01-06,2002-01-06
83029,Boriana,Zongker,Engineer,1997-05-09,9999-01-01
83038,Giap,Beausoleil,Staff,1999-11-14,9999-01-01
83069,Sungwon,Panangaden,Engineer,1987-11-03,1995-11-03
83069,Sungwon,Panangaden,Senior Engineer,1995-11-03,9999-01-01
83077,Poorav,Zaiane,Assistant Engineer,1990-11-24,1999-11-24
83077,Poorav,Zaiane,Engineer,1999-11-24,9999-01-01
83082,Szabolcs,Bultermann,Engineer,1992-09-23,1996-11-19
83094,Kayoko,Ducloy,Engineer,1994-10-02,9999-01-01
83096,Mabo,Begiun,Senior Staff,1999-01-17,9999-01-01
83096,Mabo,Begiun,Staff,1994-01-17,1999-01-17
83098,Feipei,Sadowski,Senior Engineer,1985-06-24,9999-01-01
83108,Mario,Xiaoshan,Engineer,1985-09-02,1991-09-02
83108,Mario,Xiaoshan,Senior Engineer,1991-09-02,9999-01-01
83117,Jixiang,Colorni,Engineer,1985-02-15,1986-01-20
83140,Atreyi,Yoshizawa,Engineer,1999-10-13,9999-01-01
83161,Tremaine,Hedayat,Senior Staff,1999-05-13,2001-01-03
83161,Tremaine,Hedayat,Staff,1991-05-13,1999-05-13
83170,Ziya,Aamodt,Engineer,1990-01-04,1996-01-04
83170,Ziya,Aamodt,Senior Engineer,1996-01-04,9999-01-01
83180,Goh,Poupard,Engineer,1996-08-05,9999-01-01
83211,Shigehito,Masaki,Technique Leader,1998-11-10,9999-01-01
83223,Kannan,Birsak,Staff,1996-09-13,1997-10-25
83239,Limsoon,Camurati,Senior Engineer,1994-07-26,9999-01-01
83252,Peternela,Lammel,Engineer,1994-06-06,9999-01-01
83264,Phillip,Erez,Engineer,1993-12-03,2001-12-03
83264,Phillip,Erez,Senior Engineer,2001-12-03,9999-01-01
83277,Mohammed,Birjandi,Engineer,1992-09-14,1998-09-14
83277,Mohammed,Birjandi,Senior Engineer,1998-09-14,9999-01-01
83291,Nevio,Vidya,Engineer,1985-11-22,1990-11-22
83291,Nevio,Vidya,Senior Engineer,1990-11-22,9999-01-01
83302,Dayanand,Rissanen,Engineer,1995-10-29,2000-10-28
83302,Dayanand,Rissanen,Senior Engineer,2000-10-28,9999-01-01
83311,Shigehiro,Perelgut,Senior Staff,1998-01-23,9999-01-01
83311,Shigehiro,Perelgut,Staff,1992-01-24,1998-01-23
83317,Zhaofang,Rosiles,Senior Staff,1988-03-12,9999-01-01
83323,Vesna,Andreotta,Engineer,1992-09-25,1998-09-25
83323,Vesna,Andreotta,Senior Engineer,1998-09-25,9999-01-01
83344,Geraldo,Kampfer,Senior Staff,1991-04-04,9999-01-01
83344,Geraldo,Kampfer,Staff,1985-04-04,1991-04-04
83352,Panayotis,Sherertz,Senior Staff,1991-09-15,1992-08-14
83352,Panayotis,Sherertz,Staff,1986-09-15,1991-09-15
83405,Arup,Ratnaker,Staff,1997-06-01,9999-01-01
83425,Kensei,Kroon,Staff,1999-07-22,9999-01-01
83445,Kasturi,Asrin,Engineer,1999-07-24,9999-01-01
83451,Kagan,Matzke,Assistant Engineer,1994-04-03,1999-04-03
83451,Kagan,Matzke,Engineer,1999-04-03,9999-01-01
83454,Lech,Nanard,Engineer,1989-01-21,1997-01-21
83454,Lech,Nanard,Senior Engineer,1997-01-21,9999-01-01
83455,Jagoda,Rousseau,Senior Staff,2000-06-15,9999-01-01
83455,Jagoda,Rousseau,Staff,1991-06-16,2000-06-15
83475,Licheng,DuBourdieux,Engineer,1999-09-28,9999-01-01
83494,Stafford,Zirintsis,Senior Staff,1999-09-10,9999-01-01
83494,Stafford,Zirintsis,Staff,1991-09-10,1999-09-10
83502,DAIDA,Maraist,Staff,1994-07-26,1999-09-06
83518,Foong,Peres,Senior Engineer,1992-01-05,9999-01-01
83549,Aleksandar,Pulkowski,Engineer,1995-09-18,2000-09-17
83549,Aleksandar,Pulkowski,Senior Engineer,2000-09-17,9999-01-01
83586,Nagui,Saoudi,Senior Staff,2000-04-26,9999-01-01
83586,Nagui,Saoudi,Staff,1992-04-26,2000-04-26
83588,Ayonca,Radhakrishnan,Engineer,1993-10-25,1999-10-25
83588,Ayonca,Radhakrishnan,Senior Engineer,1999-10-25,9999-01-01
83599,Irene,Matheson,Engineer,1999-09-28,9999-01-01
83618,Dines,Uhrig,Engineer,1995-03-10,2001-03-09
83618,Dines,Uhrig,Senior Engineer,2001-03-09,9999-01-01
83633,Sukumar,Emden,Senior Staff,1995-07-24,9999-01-01
83633,Sukumar,Emden,Staff,1989-07-24,1995-07-24
83638,Arie,Itschner,Technique Leader,1993-04-03,9999-01-01
83644,Kshitij,Schlenzig,Senior Engineer,1992-07-17,2002-05-12
83647,Kolar,Marsiglia,Technique Leader,1995-03-17,9999-01-01
83660,Abdulla,Schaap,Engineer,1996-11-07,9999-01-01
83678,Mana,Denny,Senior Staff,1993-11-04,9999-01-01
83678,Mana,Denny,Staff,1987-11-05,1993-11-04
83686,Kazuhide,Trumbly,Senior Staff,2001-04-14,9999-01-01
83686,Kazuhide,Trumbly,Staff,1996-04-14,2001-04-14
83729,Padma,Lung,Senior Staff,1995-12-31,9999-01-01
83729,Padma,Lung,Staff,1988-12-30,1995-12-31
83754,Tayeb,Taneja,Assistant Engineer,1999-05-28,9999-01-01
83764,Etsuo,Pashtan,Senior Staff,1995-06-28,9999-01-01
83764,Etsuo,Pashtan,Staff,1987-06-28,1995-06-28
83809,Sadun,Emmerich,Senior Engineer,1995-01-20,9999-01-01
83815,Domenico,Erol,Staff,1987-08-19,1992-12-03
83830,Basil,Adachi,Engineer,1988-07-26,1996-07-26
83830,Basil,Adachi,Senior Engineer,1996-07-26,9999-01-01
83832,Vasilis,Pepe,Engineer,1987-09-10,1996-09-09
83832,Vasilis,Pepe,Senior Engineer,1996-09-09,9999-01-01
83833,Boutros,Chimia,Engineer,1988-11-09,1995-11-10
83833,Boutros,Chimia,Senior Engineer,1995-11-10,9999-01-01
83834,Jongsuk,Polupanov,Staff,1997-06-21,9999-01-01
83836,Rafols,Marrakchi,Engineer,1998-08-10,9999-01-01
83877,Berni,Jarecki,Staff,1991-10-24,1995-10-19
83878,Gererd,Baar,Senior Staff,1997-06-14,9999-01-01
83878,Gererd,Baar,Staff,1989-06-14,1997-06-14
83906,Deniz,Poujol,Assistant Engineer,1989-12-16,1995-12-16
83906,Deniz,Poujol,Engineer,1995-12-16,2001-12-15
83906,Deniz,Poujol,Senior Engineer,2001-12-15,9999-01-01
83933,Lena,Riexinger,Engineer,1992-06-21,1999-06-22
83933,Lena,Riexinger,Senior Engineer,1999-06-22,9999-01-01
83954,Premal,Schueller,Assistant Engineer,1992-05-04,1997-05-04
83954,Premal,Schueller,Engineer,1997-05-04,2002-05-04
83954,Premal,Schueller,Senior Engineer,2002-05-04,9999-01-01
83970,Uinam,Perly,Engineer,1997-01-30,9999-01-01
84003,Xiaoqiu,Percebois,Engineer,1989-10-01,1994-10-01
84003,Xiaoqiu,Percebois,Senior Engineer,1994-10-01,9999-01-01
84006,Zhaofang,Vilarrasa,Engineer,1996-07-27,2001-07-27
84006,Zhaofang,Vilarrasa,Senior Engineer,2001-07-27,9999-01-01
84013,Jouko,Saoudi,Senior Staff,1985-12-22,9999-01-01
84019,Persi,Broder,Senior Staff,1985-10-30,9999-01-01
84037,Kotesh,Parascandalo,Engineer,1988-12-04,1995-12-05
84037,Kotesh,Parascandalo,Senior Engineer,1995-12-05,9999-01-01
84049,Kwangsub,Frolund,Senior Engineer,1990-02-12,9999-01-01
84052,Mary,Decleir,Senior Staff,1990-04-29,9999-01-01
84052,Mary,Decleir,Staff,1985-04-29,1990-04-29
84056,Xiaopeng,Sanella,Assistant Engineer,1995-04-19,2002-04-19
84056,Xiaopeng,Sanella,Engineer,2002-04-19,9999-01-01
84064,Tayeb,Vidya,Assistant Engineer,1992-03-22,1992-09-28
84086,Xiaoqiang,Negoita,Staff,1997-09-09,9999-01-01
84094,Gilbert,Holburn,Engineer,1990-12-28,1999-12-28
84094,Gilbert,Holburn,Senior Engineer,1999-12-28,9999-01-01
84100,Theron,Heinisuo,Engineer,1992-12-24,1997-12-24
84100,Theron,Heinisuo,Senior Engineer,1997-12-24,9999-01-01
84118,Yuchang,Kaelbling,Senior Staff,1993-06-17,9999-01-01
84118,Yuchang,Kaelbling,Staff,1988-06-17,1993-06-17
84148,Aran,Hedayat,Engineer,1985-12-27,1992-12-27
84148,Aran,Hedayat,Senior Engineer,1992-12-27,9999-01-01
84165,Youssef,Schwaller,Engineer,1991-12-07,1996-12-06
84165,Youssef,Schwaller,Senior Engineer,1996-12-06,1999-06-28
84206,Marc,Anguita,Senior Staff,1996-12-28,9999-01-01
84206,Marc,Anguita,Staff,1988-12-28,1996-12-28
84207,Gro,Czap,Senior Staff,1993-01-21,9999-01-01
84232,Lech,Michaels,Technique Leader,1998-08-01,1999-05-18
84244,Shuzo,Lundstrom,Senior Staff,1998-09-26,9999-01-01
84244,Shuzo,Lundstrom,Staff,1990-09-26,1998-09-26
84258,Eric,Saoudi,Staff,1998-08-05,9999-01-01
84261,Jaber,Luan,Engineer,1990-03-07,1997-03-07
84261,Jaber,Luan,Senior Engineer,1997-03-07,9999-01-01
84277,Nakhoon,Bardell,Engineer,1986-10-21,1994-10-21
84277,Nakhoon,Bardell,Senior Engineer,1994-10-21,9999-01-01
84310,Roddy,Engberts,Staff,1999-02-13,9999-01-01
84313,Tadahiko,Masaki,Engineer,1986-03-02,1993-03-02
84313,Tadahiko,Masaki,Senior Engineer,1993-03-02,9999-01-01
84319,Shichao,Percebois,Engineer,1997-08-14,9999-01-01
84338,Yolla,Lipner,Senior Staff,1990-09-02,9999-01-01
84363,Toshiko,Thiria,Engineer,1985-10-11,1991-10-11
84363,Toshiko,Thiria,Senior Engineer,1991-10-11,9999-01-01
84367,Yuchang,Comyn,Senior Staff,1991-05-27,1996-02-14
84396,Leon,Seuren,Engineer,1986-03-01,1991-03-01
84396,Leon,Seuren,Senior Engineer,1991-03-01,9999-01-01
84410,Zhaofang,Lodder,Staff,1998-05-30,9999-01-01
84418,Sverrir,Strooper,Senior Staff,1993-07-29,2000-10-19
84436,Anyuan,Hofstetter,Senior Staff,1996-04-08,9999-01-01
84436,Anyuan,Hofstetter,Staff,1991-04-09,1996-04-08
84450,Lalit,Lubachevsky,Engineer,1999-08-31,9999-01-01
84491,Chiranjit,Detkin,Engineer,1999-04-01,9999-01-01
84497,Ranan,Vecchio,Staff,1998-09-05,9999-01-01
84504,Masamitsu,Homond,Assistant Engineer,1997-08-21,1999-03-12
84513,Rasiah,Zlotek,Senior Staff,1993-10-11,9999-01-01
84514,Serif,Emmerich,Engineer,1996-06-01,9999-01-01
84516,Khatoun,Vickson,Engineer,1992-09-28,1999-09-29
84516,Khatoun,Vickson,Senior Engineer,1999-09-29,2001-04-12
84528,Mitchel,Beznosov,Senior Staff,1995-02-25,9999-01-01
84564,Fei,Stassinopoulos,Senior Staff,1999-11-26,9999-01-01
84564,Fei,Stassinopoulos,Staff,1990-11-26,1999-11-26
84623,Bernardo,Navazio,Senior Staff,1991-09-26,9999-01-01
84623,Bernardo,Navazio,Staff,1985-09-26,1991-09-26
84640,Constantijn,Alblas,Senior Engineer,1992-07-19,2002-06-01
84651,Xiaoqiang,Polajnar,Senior Engineer,1998-05-24,2001-09-30
84665,Raimond,Bonifati,Senior Staff,1991-09-18,9999-01-01
84697,Hidekazu,Jahnichen,Assistant Engineer,1997-11-29,9999-01-01
84737,Francoise,Brattka,Engineer,1996-11-12,9999-01-01
84749,Waiman,Kitsuregawa,Staff,1987-03-08,1990-12-01
84768,Sreekrishna,Lanzelotte,Senior Engineer,1987-05-27,9999-01-01
84772,Weijing,Gilg,Engineer,1991-08-05,1998-08-05
84772,Weijing,Gilg,Senior Engineer,1998-08-05,9999-01-01
84790,Tremaine,Cummings,Assistant Engineer,1999-06-25,9999-01-01
84805,Uriel,Kamber,Staff,1998-01-05,9999-01-01
84811,Domenico,Frolund,Senior Staff,2001-10-06,9999-01-01
84811,Domenico,Frolund,Staff,1993-10-06,2001-10-06
84822,Zhiguo,Pelz,Engineer,1987-10-25,1995-10-25
84822,Zhiguo,Pelz,Senior Engineer,1995-10-25,9999-01-01
84847,Xiping,Streit,Engineer,1991-11-11,1996-11-10
84847,Xiping,Streit,Senior Engineer,1996-11-10,9999-01-01
84858,Marla,Carrera,Senior Staff,1997-03-05,9999-01-01
84858,Marla,Carrera,Staff,1988-03-05,1997-03-05
84865,Gennady,Gammage,Assistant Engineer,1998-04-01,1999-11-14
84868,Rosalie,Ozeri,Senior Staff,1997-02-22,9999-01-01
84868,Rosalie,Ozeri,Staff,1990-02-22,1997-02-22
84880,Shaunak,Schaad,Engineer,1986-04-12,1995-04-12
84880,Shaunak,Schaad,Senior Engineer,1995-04-12,9999-01-01
84881,Vidya,Biron,Staff,1994-11-09,1997-08-04
84908,Arnould,Boudaillier,Senior Staff,1999-01-19,9999-01-01
84913,Eishiro,Kamber,Engineer,1990-10-09,1997-10-09
84913,Eishiro,Kamber,Senior Engineer,1997-10-09,9999-01-01
84914,Heng,Kaiser,Staff,1990-05-11,1994-09-01
84924,Gino,Waymire,Senior Staff,1989-10-13,1996-07-08
84939,Jiakeng,Krohm,Senior Engineer,1995-08-17,9999-01-01
84956,Koichi,Serov,Senior Staff,1991-12-19,1992-04-02
84956,Koichi,Serov,Staff,1985-12-19,1991-12-19
84959,Shahid,Orlowski,Staff,1996-06-03,1998-12-11
84967,Greger,Masaki,Engineer,1985-10-20,1993-10-20
84967,Greger,Masaki,Senior Engineer,1993-10-20,9999-01-01
84968,Denis,Onuegbe,Technique Leader,1994-04-10,1994-12-05
84969,Girolamo,Coombs,Senior Staff,1995-03-22,9999-01-01
84969,Girolamo,Coombs,Staff,1987-03-22,1995-03-22
84971,Sreenivas,Hitomi,Senior Engineer,1995-09-03,9999-01-01
85019,Nathan,Garigliano,Staff,1995-01-13,2000-02-06
85026,Nagui,Hooghiemstra,Technique Leader,1992-01-08,9999-01-01
85044,Murthy,Kermarrec,Engineer,1985-09-25,1992-09-25
85044,Murthy,Kermarrec,Senior Engineer,1992-09-25,9999-01-01
85098,Hyuncheol,Douceur,Senior Staff,1988-09-03,9999-01-01
85117,Denny,Stellhorn,Senior Staff,2001-08-17,9999-01-01
85117,Denny,Stellhorn,Staff,1993-08-17,2001-08-17
85122,Adin,Lipner,Senior Staff,1994-03-04,9999-01-01
85122,Adin,Lipner,Staff,1989-03-04,1994-03-04
85126,Yuqun,Salinas,Senior Engineer,1988-09-14,9999-01-01
85131,Pintsang,Naudin,Staff,1997-09-06,9999-01-01
85144,Cristinel,Michaeli,Technique Leader,1994-08-19,9999-01-01
85168,Maik,Sevcikova,Assistant Engineer,1986-09-11,1993-09-11
85168,Maik,Sevcikova,Engineer,1993-09-11,2000-09-11
85168,Maik,Sevcikova,Senior Engineer,2000-09-11,9999-01-01
85226,Saniya,Desikan,Staff,1996-08-09,9999-01-01
85229,Taegyun,Linnainmaa,Senior Engineer,1986-09-13,9999-01-01
85245,Somnath,Baar,Engineer,1987-08-14,1996-08-13
85245,Somnath,Baar,Senior Engineer,1996-08-13,9999-01-01
85249,Amabile,Miyakawa,Senior Staff,1992-11-17,9999-01-01
85249,Amabile,Miyakawa,Staff,1986-11-18,1992-11-17
85257,Peternela,Slobodova,Technique Leader,1990-05-25,9999-01-01
85284,Ult,Waterhouse,Senior Staff,1992-01-02,9999-01-01
85291,Subhankar,Barriga,Engineer,1994-10-02,2001-10-02
85291,Subhankar,Barriga,Senior Engineer,2001-10-02,9999-01-01
85348,Sadun,Ferretti,Senior Staff,2001-10-22,9999-01-01
85348,Sadun,Ferretti,Staff,1992-10-22,2001-10-22
85375,Wayne,Tomescu,Senior Staff,1999-05-14,1999-09-21
85375,Wayne,Tomescu,Staff,1992-05-13,1999-05-14
85384,Sahrah,Macedo,Engineer,1996-10-16,9999-01-01
85422,Jolita,Snyers,Staff,1997-07-23,9999-01-01
85423,Xiaopeng,Marchesini,Engineer,1986-03-08,1994-03-08
85423,Xiaopeng,Marchesini,Senior Engineer,1994-03-08,9999-01-01
85428,Indrajit,Thummel,Engineer,1989-08-30,1996-08-30
85428,Indrajit,Thummel,Senior Engineer,1996-08-30,9999-01-01
85430,Duro,Apsitis,Staff,1995-08-15,9999-01-01
85431,Jiann,Khalil,Engineer,1989-07-01,1995-07-01
85431,Jiann,Khalil,Senior Engineer,1995-07-01,9999-01-01
85440,Marjo,Birta,Staff,1995-08-19,9999-01-01
85464,Shahar,Heinisuo,Engineer,1994-05-10,1998-12-26
85467,Mats,Taubman,Assistant Engineer,1999-01-18,1999-10-14
85468,Augustine,Peha,Engineer,1994-09-02,9999-01-01
85479,Mads,Dredge,Engineer,1995-08-14,2000-08-13
85479,Mads,Dredge,Senior Engineer,2000-08-13,9999-01-01
85486,Leah,Valette,Senior Staff,1992-12-03,9999-01-01
85492,Sugwoo,Bressoud,Assistant Engineer,1997-09-02,9999-01-01
85497,Douadi,Nitsch,Engineer,1989-12-04,1995-12-04
85497,Douadi,Nitsch,Senior Engineer,1995-12-04,9999-01-01
85520,Makato,Sommen,Engineer,1989-01-22,1996-01-23
85520,Makato,Sommen,Senior Engineer,1996-01-23,9999-01-01
85529,Clyde,Usery,Senior Staff,1999-02-04,9999-01-01
85529,Clyde,Usery,Staff,1994-02-04,1999-02-04
85546,Kwee,Pluym,Staff,1992-04-08,1996-01-02
85547,Billie,Bauknecht,Engineer,1985-05-12,1992-05-12
85547,Billie,Bauknecht,Senior Engineer,1992-05-12,9999-01-01
85591,Somnath,Motley,Senior Staff,1990-12-21,9999-01-01
85591,Somnath,Motley,Staff,1985-12-21,1990-12-21
85613,Ingmar,Brookner,Engineer,1989-03-17,1996-03-17
85613,Ingmar,Brookner,Senior Engineer,1996-03-17,9999-01-01
85644,Boalin,Thiran,Assistant Engineer,1999-10-05,9999-01-01
85652,Takahira,Flowers,Senior Staff,2000-07-27,9999-01-01
85652,Takahira,Flowers,Staff,1995-07-28,2000-07-27
85657,Toshiki,Bednarek,Senior Engineer,1994-10-20,9999-01-01
85662,Rosalyn,Jansch,Senior Engineer,1997-04-07,9999-01-01
85668,Branimir,Kambil,Senior Staff,1999-09-01,9999-01-01
85668,Branimir,Kambil,Staff,1992-08-31,1999-09-01
85683,Vitaly,Vidya,Engineer,1998-08-21,9999-01-01
85710,Bojan,Nitsche,Senior Engineer,1987-03-15,9999-01-01
85712,Fumitake,Conte,Staff,1999-10-14,9999-01-01
85735,Zdislav,Mullainathan,Staff,1993-01-27,1995-09-01
85753,Snehasis,Coors,Senior Staff,1988-09-16,9999-01-01
85758,Jahangir,Grandbois,Senior Staff,1997-06-27,9999-01-01
85758,Jahangir,Grandbois,Staff,1989-06-27,1997-06-27
85772,Zhiwei,Simkin,Senior Engineer,1993-07-04,1998-08-07
85780,Luisa,Yemenis,Engineer,1994-09-23,1999-09-23
85780,Luisa,Yemenis,Senior Engineer,1999-09-23,9999-01-01
85860,Moriyoshi,Gire,Engineer,1995-01-19,9999-01-01
85879,Ishfaq,Swiss,Staff,1997-03-27,9999-01-01
85923,Odoardo,Candan,Senior Staff,2001-06-12,9999-01-01
85923,Odoardo,Candan,Staff,1996-06-12,2001-06-12
85940,Seshu,Rodiger,Assistant Engineer,1992-03-01,1999-03-02
85940,Seshu,Rodiger,Engineer,1999-03-02,9999-01-01
85953,Mountaz,Kroon,Staff,1993-10-05,1995-08-24
85966,Rosalie,Miara,Engineer,1986-09-07,1991-09-07
85966,Rosalie,Miara,Senior Engineer,1991-09-07,9999-01-01
85967,Huiqun,Mellouli,Senior Engineer,1996-03-07,9999-01-01
85982,Shuichi,Couchot,Engineer,1996-12-19,9999-01-01
86035,Khalil,Mungall,Senior Engineer,1999-11-28,9999-01-01
86048,Matk,Reistad,Engineer,1988-10-01,1994-10-01
86048,Matk,Reistad,Senior Engineer,1994-10-01,9999-01-01
86085,Weiwu,Schach,Engineer,1985-04-19,1991-04-19
86085,Weiwu,Schach,Senior Engineer,1991-04-19,9999-01-01
86089,Baoqiu,Reistad,Senior Staff,1989-03-10,1989-06-04
86094,Tesuro,Rosen,Technique Leader,1992-10-14,9999-01-01
86099,Hyuckchul,Fandrianto,Technique Leader,1995-03-24,9999-01-01
86112,Goh,Atrawala,Engineer,1998-01-31,1999-01-02
86127,Sumali,Rehfuss,Engineer,1989-06-07,1997-06-07
86127,Sumali,Rehfuss,Senior Engineer,1997-06-07,9999-01-01
86160,Guther,Milicia,Technique Leader,1999-07-22,9999-01-01
86170,Kazuhisa,Raoux,Engineer,1987-04-22,1996-04-21
86170,Kazuhisa,Raoux,Senior Engineer,1996-04-21,9999-01-01
86179,Debatosh,Grandbois,Staff,1987-03-31,1992-11-13
86203,Giao,Setia,Senior Staff,1999-08-15,9999-01-01
86203,Giao,Setia,Staff,1993-08-15,1999-08-15
86227,Mohammad,Pillow,Technique Leader,1997-10-28,9999-01-01
86231,Iara,Botman,Engineer,1996-10-21,9999-01-01
86236,Mayuri,Dulay,Engineer,1997-04-02,1999-02-19
86255,Kyoichi,Zschoche,Engineer,1985-06-02,1994-06-02
86255,Kyoichi,Zschoche,Senior Engineer,1994-06-02,9999-01-01
86262,Mana,Sooriamurthi,Staff,1986-12-07,1994-11-11
86266,Danco,Hofman,Senior Staff,1997-10-26,9999-01-01
86266,Danco,Hofman,Staff,1989-10-27,1997-10-26
86268,Angel,McDermid,Engineer,1994-12-08,1997-05-20
86276,Nirmal,Ratzlaff,Engineer,1997-04-10,9999-01-01
86295,Cheong,Hofstetter,Senior Staff,1999-09-26,9999-01-01
86295,Cheong,Hofstetter,Staff,1993-09-26,1999-09-26
86296,Koldo,Monkewich,Engineer,1993-11-27,1999-11-27
86296,Koldo,Monkewich,Senior Engineer,1999-11-27,9999-01-01
86368,Shawna,Schurmann,Senior Engineer,1992-08-15,9999-01-01
86387,Martine,Baaz,Engineer,1997-01-23,9999-01-01
86410,Alejandro,Yeung,Staff,1995-11-21,9999-01-01
86412,Candido,Ciolek,Senior Staff,1989-02-08,2001-04-13
86423,Marko,Marletta,Senior Staff,1999-05-05,9999-01-01
86423,Marko,Marletta,Staff,1991-05-05,1999-05-05
86425,Shigeu,Morris,Senior Staff,1999-01-26,9999-01-01
86425,Shigeu,Morris,Staff,1991-01-26,1999-01-26
86432,Gino,Tsunoo,Engineer,1989-07-28,1998-07-28
86432,Gino,Tsunoo,Senior Engineer,1998-07-28,1999-02-02
86440,Jamaludin,Nitsche,Staff,1997-09-21,9999-01-01
86452,Yurij,Byoun,Engineer,1995-04-06,1996-01-20
86501,Junichi,Kugler,Staff,1997-03-06,9999-01-01
86519,Armond,Denis,Staff,1996-09-10,9999-01-01
86525,Tsvetan,Matzen,Senior Staff,1989-06-09,9999-01-01
86533,Seongbae,Zykh,Senior Staff,1991-02-17,9999-01-01
86533,Seongbae,Zykh,Staff,1986-02-17,1991-02-17
86548,Shigeichiro,Kriebel,Engineer,1987-05-13,1992-05-12
86548,Shigeichiro,Kriebel,Senior Engineer,1992-05-12,9999-01-01
86557,Christophe,Setlzner,Engineer,1985-05-16,1993-05-16
86557,Christophe,Setlzner,Senior Engineer,1993-05-16,9999-01-01
86565,Hitofumi,Garnham,Staff,1997-01-29,9999-01-01
86576,Valery,Moehrke,Engineer,1992-09-16,2000-09-16
86576,Valery,Moehrke,Senior Engineer,2000-09-16,9999-01-01
86580,Billur,Zizka,Staff,1997-09-09,9999-01-01
86587,Anestis,Wuwongse,Assistant Engineer,1998-10-19,9999-01-01
86592,Shounak,Merks,Senior Engineer,1995-12-04,9999-01-01
86637,Gennady,Taubman,Senior Staff,1997-11-11,2001-09-30
86637,Gennady,Taubman,Staff,1989-11-11,1997-11-11
86642,Siddarth,Badache,Engineer,1992-10-17,1997-10-17
86642,Siddarth,Badache,Senior Engineer,1997-10-17,1999-01-09
86680,Carrsten,Murillo,Senior Staff,1998-07-03,9999-01-01
86685,Claude,Fontan,Assistant Engineer,1999-02-11,2000-06-23
86737,Mabhin,Pargaonkar,Engineer,1995-02-03,2000-02-03
86737,Mabhin,Pargaonkar,Senior Engineer,2000-02-03,2002-03-22
86767,Parke,Uhrig,Senior Staff,1993-12-03,9999-01-01
86767,Parke,Uhrig,Staff,1987-12-04,1993-12-03
86771,Dzung,Demian,Staff,1994-12-27,9999-01-01
86773,Leszek,Benveniste,Senior Staff,1998-06-21,9999-01-01
86773,Leszek,Benveniste,Staff,1990-06-21,1998-06-21
86780,Arunas,Munro,Staff,1999-06-15,1999-12-19
86801,Yonghoan,Pouyioutas,Technique Leader,1998-11-03,9999-01-01
86826,Gennadi,Swift,Staff,1999-01-30,9999-01-01
86867,Odoardo,Bazelow,Engineer,1988-08-05,1996-08-05
86867,Odoardo,Bazelow,Senior Engineer,1996-08-05,1997-05-31
86878,Georgy,Koshino,Engineer,1995-08-02,1996-08-17
86885,Filipp,Benaini,Technique Leader,1986-09-09,2001-02-22
86904,Jovan,Serra,Engineer,1990-07-04,1999-07-04
86904,Jovan,Serra,Senior Engineer,1999-07-04,9999-01-01
86925,Florian,Basart,Senior Staff,2000-01-07,9999-01-01
86925,Florian,Basart,Staff,1992-01-07,2000-01-07
86942,Rayond,Taubenfeld,Engineer,1986-02-24,1991-02-24
86942,Rayond,Taubenfeld,Senior Engineer,1991-02-24,1991-11-06
86946,Toshimi,Weedman,Engineer,1997-04-03,9999-01-01
86989,Jouko,Candan,Engineer,1989-04-03,1998-04-02
86989,Jouko,Candan,Senior Engineer,1998-04-02,9999-01-01
86990,Yinghua,Soicher,Technique Leader,1988-04-15,9999-01-01
86994,Elzbieta,Vitiello,Engineer,1992-08-02,1999-08-03
86994,Elzbieta,Vitiello,Senior Engineer,1999-08-03,9999-01-01
87009,Martijn,Aumann,Engineer,1994-07-09,1998-11-08
87016,Hidekazu,Lindenbaum,Senior Engineer,1995-09-15,9999-01-01
87034,Junsik,Anily,Assistant Engineer,1986-08-01,1993-08-01
87034,Junsik,Anily,Engineer,1993-08-01,2000-08-01
87034,Junsik,Anily,Senior Engineer,2000-08-01,9999-01-01
87035,Hideyuki,Kushnir,Senior Staff,1999-05-28,9999-01-01
87035,Hideyuki,Kushnir,Staff,1992-05-27,1999-05-28
87061,Khalid,Srimani,Engineer,1991-03-28,1997-03-27
87061,Khalid,Srimani,Senior Engineer,1997-03-27,1998-12-20
87072,Vesna,Talmor,Staff,1997-07-12,2002-07-10
87102,Kousuke,Stifter,Senior Staff,1995-12-24,1997-02-16
87102,Kousuke,Stifter,Staff,1988-12-23,1995-12-24
87106,Satosi,Coney,Engineer,1992-01-19,1999-01-19
87106,Satosi,Coney,Senior Engineer,1999-01-19,9999-01-01
87141,Marsha,Luders,Engineer,1991-06-01,1998-06-01
87141,Marsha,Luders,Senior Engineer,1998-06-01,9999-01-01
87154,Shooichi,Capobianchi,Senior Staff,1999-11-02,9999-01-01
87154,Shooichi,Capobianchi,Staff,1991-11-02,1999-11-02
87165,Aamod,Kaminger,Senior Staff,1994-04-26,9999-01-01
87165,Aamod,Kaminger,Staff,1985-04-26,1994-04-26
87176,Amalendu,Varker,Engineer,1986-01-11,1991-01-11
87176,Amalendu,Varker,Senior Engineer,1991-01-11,9999-01-01
87188,Marie,Munawer,Engineer,1995-10-14,1996-04-08
87192,Erzsebet,Peek,Staff,1996-10-18,9999-01-01
87204,Lansing,Coney,Senior Staff,1987-12-13,9999-01-01
87214,Sreenivas,Azulay,Senior Engineer,1987-06-18,9999-01-01
87240,Cedric,Pouyioutas,Senior Staff,1991-09-01,1994-03-29
87241,Lijia,Socorro,Engineer,1988-10-14,1994-10-14
87241,Lijia,Socorro,Senior Engineer,1994-10-14,9999-01-01
87275,Larisa,Garnick,Staff,1997-08-31,1999-07-14
87291,Leaf,Lowrie,Senior Engineer,1990-02-13,9999-01-01
87298,Kristine,Bridgland,Senior Staff,2001-11-06,9999-01-01
87298,Kristine,Bridgland,Staff,1995-11-07,2001-11-06
87303,Pranay,Kowalchuk,Senior Engineer,1997-05-01,2001-02-16
87305,Jacopo,Krone,Senior Engineer,1996-10-09,9999-01-01
87329,Lucien,Speckmann,Engineer,1990-12-22,1998-12-22
87329,Lucien,Speckmann,Senior Engineer,1998-12-22,9999-01-01
87330,Zhonghua,Pena,Engineer,1985-12-06,1993-12-05
87330,Zhonghua,Pena,Senior Engineer,1993-12-05,9999-01-01
87346,Tadanori,Steenbeek,Engineer,1985-10-16,1994-10-16
87346,Tadanori,Steenbeek,Senior Engineer,1994-10-16,9999-01-01
87376,Matk,Muhlberg,Engineer,1988-11-06,1997-11-06
87376,Matk,Muhlberg,Senior Engineer,1997-11-06,9999-01-01
87377,Susuma,Hashii,Senior Staff,2002-01-19,9999-01-01
87377,Susuma,Hashii,Staff,1997-01-19,2002-01-19
87444,Collette,Bain,Technique Leader,1992-02-28,9999-01-01
87472,Felicidad,Kropf,Engineer,1993-02-07,1999-02-07
87472,Felicidad,Kropf,Senior Engineer,1999-02-07,9999-01-01
87511,Mabry,Lenart,Technique Leader,1989-04-16,9999-01-01
87527,Zijian,Schlegelmilch,Staff,1987-05-04,1988-08-23
87535,Vidar,Jayawardene,Senior Staff,1993-09-19,9999-01-01
87535,Vidar,Jayawardene,Staff,1985-09-19,1993-09-19
87545,Armond,Birjandi,Senior Engineer,1992-12-24,9999-01-01
87559,Utz,Norsworthy,Senior Staff,1993-07-11,9999-01-01
87559,Utz,Norsworthy,Staff,1985-07-11,1993-07-11
87569,Moie,Orlowski,Senior Staff,1987-12-11,9999-01-01
87612,Troy,Marrakchi,Assistant Engineer,1993-02-03,2000-02-04
87612,Troy,Marrakchi,Engineer,2000-02-04,9999-01-01
87657,Lubomir,Driscoll,Engineer,1995-06-16,9999-01-01
87673,Halsur,Yetto,Staff,1998-03-03,9999-01-01
87695,Lenore,Wrigley,Senior Staff,1995-05-22,2001-07-11
87695,Lenore,Wrigley,Staff,1990-05-22,1995-05-22
87700,Nimmagadda,Hofting,Senior Staff,1994-04-21,9999-01-01
87741,Marsal,Servieres,Engineer,1996-03-28,1999-12-23
87767,Kristof,Steinauer,Senior Engineer,1990-05-23,9999-01-01
87780,Nevin,Strehl,Engineer,1988-01-22,1995-01-22
87780,Nevin,Strehl,Senior Engineer,1995-01-22,9999-01-01
87789,Froduald,Rosenbaum,Senior Staff,1998-02-16,9999-01-01
87789,Froduald,Rosenbaum,Staff,1993-02-16,1998-02-16
87815,Danco,Krider,Engineer,1990-02-28,1999-02-28
87815,Danco,Krider,Senior Engineer,1999-02-28,9999-01-01
87820,Baruch,Thorelli,Senior Staff,2000-06-08,9999-01-01
87820,Baruch,Thorelli,Staff,1995-06-09,2000-06-08
87827,Rimli,Baaz,Engineer,1988-10-08,1997-10-08
87827,Rimli,Baaz,Senior Engineer,1997-10-08,9999-01-01
87853,Masami,Kornatzky,Senior Staff,2001-06-04,9999-01-01
87853,Masami,Kornatzky,Staff,1995-06-05,2001-06-04
87866,Mabry,Georgakopoulos,Assistant Engineer,1985-04-15,1991-04-15
87866,Mabry,Georgakopoulos,Engineer,1991-04-15,1997-04-14
87866,Mabry,Georgakopoulos,Senior Engineer,1997-04-14,9999-01-01
87874,Junichi,Staelin,Technique Leader,1998-05-18,1998-07-14
87891,Manohar,Bridgland,Senior Staff,1990-05-12,9999-01-01
87905,Zissis,Lorys,Staff,1997-04-23,9999-01-01
87918,Aamod,Silva,Engineer,1992-12-13,1998-12-13
87918,Aamod,Silva,Senior Engineer,1998-12-13,9999-01-01
87927,Rosine,Kroft,Staff,1995-02-05,9999-01-01
87928,Mary,Dulin,Senior Staff,1992-08-04,2000-04-05
87928,Mary,Dulin,Staff,1986-08-05,1992-08-04
87947,Alair,Sanella,Engineer,1994-01-06,9999-01-01
87959,Douadi,Gecseg,Staff,1999-10-06,9999-01-01
87965,Mats,Arlazarov,Staff,1994-04-06,2001-08-09
87980,Becky,Janocha,Senior Engineer,1991-04-19,9999-01-01
87988,Hidde,Bharadwaj,Staff,1997-01-12,9999-01-01
87990,Hsiangchu,Herbst,Senior Staff,1994-06-20,9999-01-01
87990,Hsiangchu,Herbst,Staff,1988-06-20,1994-06-20
87994,Heejo,Merks,Engineer,1991-06-25,1997-06-24
87994,Heejo,Merks,Senior Engineer,1997-06-24,9999-01-01
87996,Larisa,Olivero,Staff,1998-06-21,2001-02-16
88002,Shuji,Suwa,Senior Staff,2002-07-20,9999-01-01
88002,Shuji,Suwa,Staff,1996-07-20,2002-07-20
88006,Flemming,Quadeer,Senior Staff,1992-05-02,9999-01-01
88007,Macha,Lorin,Engineer,1985-10-24,1993-10-24
88007,Macha,Lorin,Senior Engineer,1993-10-24,9999-01-01
88039,Jianhui,Merli,Technique Leader,1991-03-27,9999-01-01
88044,Arno,Bratten,Engineer,1993-05-01,1999-05-01
88044,Arno,Bratten,Senior Engineer,1999-05-01,9999-01-01
88084,Tomofumi,Schach,Staff,1987-09-23,1990-10-01
88100,Mrinalini,Pleszkun,Staff,1999-04-22,9999-01-01
88131,Sumant,Siksek,Senior Staff,1997-05-15,9999-01-01
88131,Sumant,Siksek,Staff,1989-05-15,1997-05-15
88156,Larisa,Ranta,Engineer,1997-02-24,9999-01-01
88157,Aimee,Beilner,Staff,1998-07-21,9999-01-01
88164,Francoise,Schmezko,Senior Engineer,1998-04-07,9999-01-01
88165,Souichi,Birdsall,Senior Staff,1992-05-05,9999-01-01
88177,Dmitri,Rosti,Senior Staff,1987-09-04,9999-01-01
88194,Luisa,Litzler,Senior Staff,1991-10-01,9999-01-01
88197,Golgen,Seghrouchni,Staff,1994-12-07,9999-01-01
88201,Leaf,Maraist,Staff,1993-02-06,1994-10-14
88222,Karsten,Geffroy,Senior Staff,1997-02-20,9999-01-01
88222,Karsten,Geffroy,Staff,1988-02-21,1997-02-20
88224,Nahid,Peng,Senior Engineer,1988-12-06,1993-03-07
88225,Heekeun,Ratzlaff,Senior Engineer,1997-06-17,9999-01-01
88245,Berthier,Pero,Engineer,1990-06-20,1997-06-20
88245,Berthier,Pero,Senior Engineer,1997-06-20,9999-01-01
88253,Yakkov,Noriega,Senior Staff,1998-08-28,9999-01-01
88253,Yakkov,Noriega,Staff,1993-08-28,1998-08-28
88256,Weiyi,Fordan,Senior Staff,1989-12-18,9999-01-01
88265,Shrikanth,Perin,Senior Staff,1998-02-09,9999-01-01
88265,Shrikanth,Perin,Staff,1989-02-09,1998-02-09
88274,Xiadong,Junot,Senior Staff,1986-08-26,9999-01-01
88288,Mabry,Percebois,Senior Staff,1997-01-29,9999-01-01
88288,Mabry,Percebois,Staff,1991-01-30,1997-01-29
88300,Przemyslawa,Hofmeyr,Senior Staff,2001-06-03,9999-01-01
88300,Przemyslawa,Hofmeyr,Staff,1994-06-03,2001-06-03
88301,Toney,Cheshire,Staff,1997-06-20,9999-01-01
88349,Genta,Chimia,Engineer,1986-10-08,1992-10-07
88349,Genta,Chimia,Senior Engineer,1992-10-07,9999-01-01
88360,Guoxiang,Kitsuregawa,Senior Engineer,1996-08-09,9999-01-01
88361,Etsuo,Lambe,Engineer,1992-12-04,1998-11-05
88374,Shooichi,Nicolson,Senior Staff,1996-09-14,9999-01-01
88374,Shooichi,Nicolson,Staff,1989-09-14,1996-09-14
88379,Khalid,Lalonde,Senior Engineer,1988-12-24,9999-01-01
88395,Poorav,Jakobus,Technique Leader,1997-02-02,9999-01-01
88416,Zhiguo,Delaune,Staff,1997-06-10,9999-01-01
88454,Radoslaw,Gornas,Senior Staff,2000-01-15,2000-03-11
88465,Marla,Hennings,Senior Staff,1998-08-08,9999-01-01
88465,Marla,Hennings,Staff,1992-08-08,1998-08-08
88481,Godehard,Kisuki,Engineer,1998-11-18,2000-04-13
88482,Martina,Hennebert,Senior Engineer,1988-02-13,9999-01-01
88511,Shigehito,Hofman,Engineer,1997-04-06,2002-04-06
88511,Shigehito,Hofman,Senior Engineer,2002-04-06,9999-01-01
88529,Piyawadee,Benantar,Engineer,1987-04-03,1994-04-03
88529,Piyawadee,Benantar,Senior Engineer,1994-04-03,9999-01-01
88532,Georg,Perly,Staff,1988-07-06,1995-02-27
88555,Pasqua,Zaiane,Senior Staff,1993-05-29,9999-01-01
88555,Pasqua,Zaiane,Staff,1988-05-29,1993-05-29
88578,Yonghong,Ciolek,Senior Engineer,1999-07-30,9999-01-01
88582,Kerryn,Bhattacharjee,Engineer,1988-03-22,1994-03-22
88582,Kerryn,Bhattacharjee,Senior Engineer,1994-03-22,9999-01-01
88583,Christophe,Stenning,Technique Leader,1994-01-21,9999-01-01
88619,Fumiyo,Peck,Engineer,1998-05-12,9999-01-01
88626,Moni,Axelband,Senior Staff,1997-06-22,1998-10-17
88649,Parke,Linares,Staff,1992-08-01,1996-08-10
88653,Martins,Azulay,Staff,1998-04-22,9999-01-01
88655,Miyeon,Moffat,Engineer,1989-09-29,1998-09-29
88655,Miyeon,Moffat,Senior Engineer,1998-09-29,9999-01-01
88666,Unal,Pusterhofer,Assistant Engineer,1987-08-14,1995-08-14
88666,Unal,Pusterhofer,Engineer,1995-08-14,9999-01-01
88674,Sarita,Lorie,Senior Engineer,1989-06-25,9999-01-01
88675,Claudi,Morris,Engineer,1990-12-04,1997-12-04
88675,Claudi,Morris,Senior Engineer,1997-12-04,9999-01-01
88689,Volkmar,Pesch,Engineer,1986-11-08,1994-11-08
88689,Volkmar,Pesch,Senior Engineer,1994-11-08,9999-01-01
88694,Demos,Garnier,Assistant Engineer,1994-07-03,2000-07-02
88694,Demos,Garnier,Engineer,2000-07-02,9999-01-01
88702,Jeanna,Heping,Senior Staff,1999-04-08,9999-01-01
88702,Jeanna,Heping,Staff,1992-04-07,1999-04-08
88716,Saeed,Isaak,Engineer,1992-02-05,2000-02-05
88716,Saeed,Isaak,Senior Engineer,2000-02-05,9999-01-01
88724,Joydip,Ermel,Senior Engineer,1999-04-30,2000-02-20
88809,Arne,Basawa,Senior Staff,1995-11-07,9999-01-01
88809,Arne,Basawa,Staff,1986-11-07,1995-11-07
88818,Ennio,Rothenberg,Engineer,1999-07-24,2001-10-08
88831,Noritoshi,Akiyama,Engineer,1985-02-26,1991-02-26
88831,Noritoshi,Akiyama,Senior Engineer,1991-02-26,9999-01-01
88834,Monique,Rothe,Senior Staff,1998-04-05,9999-01-01
88834,Monique,Rothe,Staff,1992-04-05,1998-04-05
88844,Rafols,Pollock,Engineer,1988-01-07,1995-01-07
88844,Rafols,Pollock,Senior Engineer,1995-01-07,9999-01-01
88862,Yechezkel,Cannata,Engineer,1995-02-03,9999-01-01
88873,Nidapan,Constantine,Technique Leader,1996-04-26,9999-01-01
88879,Ferdinand,Frolund,Technique Leader,1992-02-22,9999-01-01
88882,Fumiko,Angel,Senior Engineer,1987-02-05,9999-01-01
88883,Hailing,Beausoleil,Engineer,1987-08-31,1995-08-31
88883,Hailing,Beausoleil,Senior Engineer,1995-08-31,9999-01-01
88888,Radhia,Demos,Technique Leader,1990-08-09,9999-01-01
88896,Emran,Rullman,Assistant Engineer,1997-07-15,2002-07-15
88896,Emran,Rullman,Engineer,2002-07-15,9999-01-01
88918,Jaana,Vasanthakumar,Engineer,1995-11-18,2000-11-17
88918,Jaana,Vasanthakumar,Senior Engineer,2000-11-17,9999-01-01
88939,Conor,Serdy,Engineer,1996-08-25,9999-01-01
88953,Giordano,Schicker,Engineer,1989-10-08,1998-10-08
88953,Giordano,Schicker,Senior Engineer,1998-10-08,9999-01-01
88982,Stein,McClurg,Senior Staff,2001-02-20,9999-01-01
88982,Stein,McClurg,Staff,1992-02-21,2001-02-20
88983,Mario,Kusakari,Senior Staff,2001-01-30,9999-01-01
88983,Mario,Kusakari,Staff,1993-01-30,2001-01-30
88984,Constantine,Kranzdorf,Staff,1997-10-17,9999-01-01
88998,Chinho,Acton,Engineer,1997-12-16,9999-01-01
88999,Arnd,Bojadziev,Technique Leader,1993-09-12,9999-01-01
89003,Masadi,Picel,Assistant Engineer,1999-03-16,2001-03-23
89055,Guiseppe,Perry,Staff,2000-01-07,2001-11-20
89056,Thanasis,Ullian,Engineer,1987-12-31,1995-12-31
89056,Thanasis,Ullian,Senior Engineer,1995-12-31,9999-01-01
89078,Mack,Kawashima,Assistant Engineer,1987-07-31,1993-07-30
89078,Mack,Kawashima,Engineer,1993-07-30,1999-07-30
89078,Mack,Kawashima,Senior Engineer,1999-07-30,9999-01-01
89086,Utz,Markovitch,Assistant Engineer,1995-09-09,9999-01-01
89107,Vojin,Schreiter,Engineer,1985-08-06,1991-08-06
89107,Vojin,Schreiter,Senior Engineer,1991-08-06,9999-01-01
89126,Arup,Hemaspaandra,Senior Staff,1995-12-30,9999-01-01
89126,Arup,Hemaspaandra,Staff,1989-12-30,1995-12-30
89135,Denny,Munoz,Senior Staff,1999-11-01,9999-01-01
89135,Denny,Munoz,Staff,1991-11-01,1999-11-01
89139,Oguz,Godskesen,Engineer,1993-11-24,9999-01-01
89151,Adas,Hofting,Senior Staff,1996-02-09,9999-01-01
89151,Adas,Hofting,Staff,1990-02-09,1996-02-09
89181,IEEE,Ranze,Senior Staff,2001-06-06,9999-01-01
89181,IEEE,Ranze,Staff,1996-06-06,2001-06-06
89212,Lenore,Eastman,Staff,1985-07-24,1985-08-25
89239,Chinya,Seiwald,Technique Leader,1989-04-20,9999-01-01
89256,Xiong,Ghandeharizadeh,Engineer,1993-09-25,2000-09-25
89256,Xiong,Ghandeharizadeh,Senior Engineer,2000-09-25,9999-01-01
89271,Vidya,Facello,Staff,1985-02-10,1989-02-01
89282,Sadegh,Tzvieli,Engineer,1999-10-18,9999-01-01
89291,Khaled,Swen,Engineer,1998-03-01,9999-01-01
89301,Sakthirel,Parveen,Engineer,1987-02-17,1996-02-17
89301,Sakthirel,Parveen,Senior Engineer,1996-02-17,9999-01-01
89311,Leni,Kropp,Engineer,1991-09-09,1996-09-08
89311,Leni,Kropp,Senior Engineer,1996-09-08,9999-01-01
89336,Visit,Decleir,Assistant Engineer,1989-05-04,1996-05-04
89336,Visit,Decleir,Engineer,1996-05-04,9999-01-01
89366,Werner,Spinelli,Engineer,1991-05-21,1996-05-20
89366,Werner,Spinelli,Senior Engineer,1996-05-20,9999-01-01
89376,Brewster,Rodiger,Assistant Engineer,1985-11-07,1991-11-07
89376,Brewster,Rodiger,Engineer,1991-11-07,1997-11-06
89376,Brewster,Rodiger,Senior Engineer,1997-11-06,9999-01-01
89380,Kazunori,Rindone,Senior Staff,2000-04-23,9999-01-01
89380,Kazunori,Rindone,Staff,1992-04-23,2000-04-23
89389,Mayumi,Poulakidas,Senior Staff,2001-10-11,9999-01-01
89389,Mayumi,Poulakidas,Staff,1993-10-11,2001-10-11
89415,Mahmut,Gniady,Technique Leader,1997-03-31,9999-01-01
89424,Shahab,Roison,Staff,1993-12-16,2000-04-04
89435,Tadahiro,Granlund,Engineer,1993-05-09,2000-05-09
89435,Tadahiro,Granlund,Senior Engineer,2000-05-09,9999-01-01
89439,Mohammad,Bazzichi,Engineer,1989-08-02,1994-08-02
89439,Mohammad,Bazzichi,Senior Engineer,1994-08-02,9999-01-01
89446,Radhia,Breugel,Senior Engineer,1989-10-28,9999-01-01
89462,Tomofumi,Hempstead,Senior Engineer,1989-08-15,9999-01-01
89464,Rildo,Krupka,Senior Staff,1999-07-17,9999-01-01
89464,Rildo,Krupka,Staff,1990-07-17,1999-07-17
89485,Khalil,Vernadat,Assistant Engineer,1999-10-08,9999-01-01
89495,Jeanna,Marquardt,Staff,1989-07-28,1991-12-20
89511,Kazuhiro,DuBourdieux,Staff,1999-11-27,9999-01-01
89536,Sverrir,Matheson,Senior Staff,1992-04-14,9999-01-01
89536,Sverrir,Matheson,Staff,1987-04-15,1992-04-14
89549,Atilio,Yemenis,Staff,1999-02-16,9999-01-01
89586,Denis,Ramsak,Technique Leader,1999-09-02,2002-04-10
89594,Nigel,Hatcliff,Engineer,1986-02-17,1994-02-17
89594,Nigel,Hatcliff,Senior Engineer,1994-02-17,9999-01-01
89595,Mahmut,Jonsson,Assistant Engineer,1997-11-17,2000-02-19
89599,Jasminko,Yeung,Staff,1996-03-13,9999-01-01
89604,Hideo,Birnbaum,Staff,1998-10-13,9999-01-01
89606,Vugranam,Grospietsch,Senior Staff,1994-07-20,9999-01-01
89606,Vugranam,Grospietsch,Staff,1985-07-20,1994-07-20
89633,Nimmagadda,Rosis,Staff,1995-01-29,9999-01-01
89692,Kwan,Usery,Senior Engineer,1986-08-06,9999-01-01
89696,Leni,Isaac,Staff,1993-02-08,1997-06-01
89719,Shahab,Pashtan,Senior Engineer,1996-05-20,9999-01-01
89730,Shigehito,Esposito,Senior Staff,1997-07-16,9999-01-01
89730,Shigehito,Esposito,Staff,1991-07-17,1997-07-16
89749,Pranav,Heystek,Engineer,1985-04-18,1990-11-27
89756,George,Antonakopoulos,Engineer,1989-08-29,1995-08-29
89756,George,Antonakopoulos,Senior Engineer,1995-08-29,2002-02-01
89761,Felicidad,Ritzmann,Senior Staff,1996-04-30,9999-01-01
89761,Felicidad,Ritzmann,Staff,1990-05-01,1996-04-30
89769,Munir,Brodal,Senior Staff,1996-05-12,9999-01-01
89769,Munir,Brodal,Staff,1988-05-12,1996-05-12
89775,Shim,Unni,Assistant Engineer,1989-06-06,1998-06-06
89775,Shim,Unni,Engineer,1998-06-06,9999-01-01
89799,Tsuneo,Marrakchi,Senior Staff,1995-03-17,9999-01-01
89799,Tsuneo,Marrakchi,Staff,1988-03-16,1995-03-17
89807,Shin,Liedekerke,Senior Staff,1991-05-02,9999-01-01
89836,Thodoros,Ouhyoung,Engineer,1996-09-28,9999-01-01
89845,Aloys,Yoshizawa,Engineer,1987-08-23,1991-03-18
89846,Candido,Speel,Engineer,1996-10-16,9999-01-01
89851,Perry,Rajcani,Engineer,1999-01-19,2002-01-22
89855,Takahiro,Haddadi,Senior Staff,1995-05-25,9999-01-01
89855,Takahiro,Haddadi,Staff,1986-05-25,1995-05-25
89862,Mads,Narahara,Engineer,1992-05-21,2001-05-21
89862,Mads,Narahara,Senior Engineer,2001-05-21,9999-01-01
89878,Djenana,Krider,Senior Staff,1995-09-26,2000-11-14
89878,Djenana,Krider,Staff,1989-09-26,1995-09-26
89881,Billie,Coullard,Staff,1998-11-26,9999-01-01
89893,Zhonghui,Baby,Engineer,1986-12-05,1993-12-05
89893,Zhonghui,Baby,Senior Engineer,1993-12-05,9999-01-01
89897,Giri,Gelosh,Engineer,1991-09-17,2000-09-16
89897,Giri,Gelosh,Senior Engineer,2000-09-16,9999-01-01
89901,Mariusz,Akazan,Senior Staff,1999-02-26,9999-01-01
89901,Mariusz,Akazan,Staff,1994-02-26,1999-02-26
89911,Elliott,Michaeli,Senior Engineer,1999-12-01,9999-01-01
89913,Mats,Dehkordi,Senior Engineer,1986-03-05,9999-01-01
89924,Manu,Ecklund,Staff,1997-10-16,9999-01-01
89962,Przemyslawa,Terwilliger,Senior Staff,1996-01-08,9999-01-01
89962,Przemyslawa,Terwilliger,Staff,1987-01-08,1996-01-08
89980,Gretta,Dayang,Senior Staff,1997-10-19,9999-01-01
89980,Gretta,Dayang,Staff,1992-10-19,1997-10-19
89996,Arvin,Mellouli,Engineer,1998-10-21,9999-01-01
90047,Arnould,Zweizig,Senior Engineer,1996-09-09,9999-01-01
90072,Conor,Nanard,Engineer,1988-09-19,1993-09-19
90072,Conor,Nanard,Senior Engineer,1993-09-19,9999-01-01
90094,Debatosh,Baak,Engineer,1994-12-08,9999-01-01
90109,Luigi,Feldhoffer,Senior Staff,1996-03-29,9999-01-01
90109,Luigi,Feldhoffer,Staff,1991-03-30,1996-03-29
90119,Bikash,Cappello,Senior Staff,1999-06-26,9999-01-01
90121,Yefim,Biran,Engineer,1994-02-18,2002-02-18
90121,Yefim,Biran,Senior Engineer,2002-02-18,9999-01-01
90123,Satosi,Tyugu,Senior Staff,1999-03-04,9999-01-01
90128,Steen,Gente,Engineer,1991-08-25,2000-08-24
90128,Steen,Gente,Senior Engineer,2000-08-24,9999-01-01
90142,Saeed,Jenevein,Assistant Engineer,1998-05-26,9999-01-01
90148,Nagui,Ginneken,Senior Staff,2000-10-03,9999-01-01
90148,Nagui,Ginneken,Staff,1991-10-04,2000-10-03
90168,Ottavia,Georg,Technique Leader,1997-06-21,9999-01-01
90177,Atilio,Maliniak,Senior Staff,1992-02-04,9999-01-01
90181,Karlis,Rousseau,Staff,1993-01-01,1994-05-26
90223,Thodoros,Fujisawa,Engineer,1987-06-25,1994-06-25
90223,Thodoros,Fujisawa,Senior Engineer,1994-06-25,9999-01-01
90243,Taegyun,Anido,Senior Engineer,1991-11-15,9999-01-01
90247,Phillip,Koyama,Senior Staff,1988-01-25,9999-01-01
90255,Richara,Suri,Senior Engineer,1989-01-27,9999-01-01
90262,Bernice,Zweizig,Assistant Engineer,1997-07-30,9999-01-01
90283,Dung,Camurati,Engineer,1992-04-25,1998-04-25
90283,Dung,Camurati,Senior Engineer,1998-04-25,9999-01-01
90290,Masato,Cyre,Senior Staff,1994-01-07,9999-01-01
90290,Masato,Cyre,Staff,1988-01-08,1994-01-07
90303,Ulises,Kuhnemann,Engineer,1997-05-16,9999-01-01
90320,Tadahiro,Itzigehl,Engineer,1990-08-12,1997-08-12
90320,Tadahiro,Itzigehl,Senior Engineer,1997-08-12,9999-01-01
90339,Hilary,Munch,Technique Leader,1990-10-05,1998-12-05
90384,Divier,Range,Engineer,1990-04-03,1999-04-02
90384,Divier,Range,Senior Engineer,1999-04-02,9999-01-01
90385,Remmert,Lorie,Senior Staff,1996-10-17,9999-01-01
90385,Remmert,Lorie,Staff,1987-10-18,1996-10-17
90395,Vasilis,Cunliffe,Senior Engineer,1989-09-28,9999-01-01
90396,Georgy,Kalefeld,Senior Staff,1996-03-28,9999-01-01
90400,Huei,Baig,Senior Staff,1997-09-30,9999-01-01
90400,Huei,Baig,Staff,1989-09-30,1997-09-30
90407,Aimee,Comellas,Senior Engineer,1988-01-17,9999-01-01
90408,Zhonghua,Hainaut,Engineer,1998-07-30,9999-01-01
90417,Gao,Makrucki,Engineer,1988-12-28,1993-12-28
90417,Gao,Makrucki,Senior Engineer,1993-12-28,9999-01-01
90435,Mizuhito,Marchesini,Engineer,1985-06-20,1992-06-20
90435,Mizuhito,Marchesini,Senior Engineer,1992-06-20,9999-01-01
90452,Hailing,Collavizza,Engineer,1986-05-05,1994-05-05
90452,Hailing,Collavizza,Senior Engineer,1994-05-05,9999-01-01
90461,Sverrir,Uehara,Senior Staff,2000-01-23,9999-01-01
90461,Sverrir,Uehara,Staff,1995-01-23,2000-01-23
90498,Shakhar,Huttel,Engineer,1997-03-26,9999-01-01
90501,Yoshimitsu,Shiratori,Engineer,1999-12-30,9999-01-01
90549,Alagu,Rosenbaum,Senior Engineer,1988-08-17,1994-09-01
90551,Gurbir,Speel,Senior Engineer,1997-11-26,9999-01-01
90567,Sreekrishna,Sommer,Engineer,1992-09-20,2001-09-20
90567,Sreekrishna,Sommer,Senior Engineer,2001-09-20,9999-01-01
90573,Foong,Nishimukai,Staff,1998-08-01,9999-01-01
90581,Aria,Anily,Engineer,1992-03-04,1998-03-04
90581,Aria,Anily,Senior Engineer,1998-03-04,9999-01-01
90588,Gilbert,Range,Technique Leader,1989-01-12,9999-01-01
90596,Ulf,Collavizza,Senior Staff,1991-06-25,9999-01-01
90596,Ulf,Collavizza,Staff,1986-06-25,1991-06-25
90600,Bokyung,Hainaut,Senior Staff,2002-06-26,9999-01-01
90600,Bokyung,Hainaut,Staff,1995-06-26,2002-06-26
90640,Tremaine,Leonhardt,Engineer,1996-01-26,9999-01-01
90641,Yagil,Setia,Engineer,1990-07-17,1997-07-17
90641,Yagil,Setia,Senior Engineer,1997-07-17,9999-01-01
90643,Jeanna,Bhattacharjee,Senior Staff,1999-03-03,9999-01-01
90643,Jeanna,Bhattacharjee,Staff,1994-03-03,1999-03-03
90650,Henk,Mikschl,Engineer,1986-10-04,1993-10-04
90650,Henk,Mikschl,Senior Engineer,1993-10-04,9999-01-01
90657,Parviz,Lorys,Engineer,1985-11-19,1992-11-15
90681,Cristinel,Tramer,Senior Staff,1998-08-20,2001-09-02
90684,Vidar,Ananiadou,Technique Leader,1992-12-18,9999-01-01
90709,Dietrich,Copas,Engineer,1990-06-27,1995-06-27
90709,Dietrich,Copas,Senior Engineer,1995-06-27,9999-01-01
90726,Debatosh,Oxenboll,Senior Engineer,1998-01-08,9999-01-01
90729,Pintsang,Polupanov,Assistant Engineer,1998-07-24,9999-01-01
90800,Bernice,Perz,Senior Engineer,2000-01-05,2002-04-12
90818,Gaetan,Alblas,Engineer,1994-03-17,1999-03-17
90818,Gaetan,Alblas,Senior Engineer,1999-03-17,9999-01-01
90846,Fayez,Dengi,Engineer,1996-04-10,1999-04-15
90854,Ramalingam,Calkin,Senior Staff,1994-05-07,9999-01-01
90854,Ramalingam,Calkin,Staff,1987-05-07,1994-05-07
90855,Vivian,Doering,Senior Staff,1996-03-05,9999-01-01
90855,Vivian,Doering,Staff,1989-03-05,1996-03-05
90868,Gregory,Suwa,Senior Staff,2001-03-11,9999-01-01
90868,Gregory,Suwa,Staff,1992-03-11,2001-03-11
90869,Akeno,Himler,Engineer,1992-11-22,1997-11-22
90869,Akeno,Himler,Senior Engineer,1997-11-22,2001-04-24
90876,Jaana,Copas,Engineer,1999-11-25,9999-01-01
90907,Frazer,Hashii,Senior Staff,1997-08-18,9999-01-01
90907,Frazer,Hashii,Staff,1988-08-18,1997-08-18
90916,Eishiro,Curless,Engineer,1986-01-01,1991-01-01
90916,Eishiro,Curless,Senior Engineer,1991-01-01,9999-01-01
90918,Radhia,Ranum,Senior Engineer,1990-02-03,9999-01-01
90956,Leszek,Speel,Senior Staff,1997-07-28,9999-01-01
90956,Leszek,Speel,Staff,1989-07-28,1997-07-28
90979,Rosella,Menyhert,Senior Staff,1987-04-24,9999-01-01
90985,Waiman,Munawer,Engineer,1995-04-26,9999-01-01
91019,Lalit,Schaft,Technique Leader,1990-06-26,9999-01-01
91031,Pasqua,Krone,Engineer,1994-09-03,9999-01-01
91054,Persi,Staylopatis,Senior Engineer,1990-05-18,9999-01-01
91065,Gunilla,Cooke,Engineer,1985-10-27,1993-10-27
91065,Gunilla,Cooke,Senior Engineer,1993-10-27,9999-01-01
91090,Radhia,Brodal,Assistant Engineer,1995-01-16,9999-01-01
91104,Sariel,Apsitis,Engineer,1985-08-11,1992-08-11
91104,Sariel,Apsitis,Senior Engineer,1992-08-11,9999-01-01
91106,Behnaam,Oaver,Senior Staff,1999-02-13,9999-01-01
91106,Behnaam,Oaver,Staff,1990-02-13,1999-02-13
91116,JoAnne,Lagarias,Engineer,1989-04-23,1997-04-23
91116,JoAnne,Lagarias,Senior Engineer,1997-04-23,9999-01-01
91164,Badri,Colorni,Staff,1994-09-11,9999-01-01
91186,Masako,Reeker,Senior Staff,1991-09-13,1996-08-03
91186,Masako,Reeker,Staff,1985-09-13,1991-09-13
91201,Zhensheng,Puoti,Senior Engineer,1990-02-27,9999-01-01
91235,Taizo,Gill,Staff,1999-04-01,9999-01-01
91263,Hidefumi,Munos,Engineer,1985-06-01,1990-06-01
91263,Hidefumi,Munos,Senior Engineer,1990-06-01,9999-01-01
91264,Adib,Angot,Engineer,1996-09-25,1999-09-03
91269,Perla,Zuberek,Assistant Engineer,1990-03-28,1996-03-27
91269,Perla,Zuberek,Engineer,1996-03-27,1997-12-14
91283,Takanari,Pettit,Engineer,1986-10-14,1993-10-14
91283,Takanari,Pettit,Senior Engineer,1993-10-14,9999-01-01
91285,Tayeb,Maksimenko,Senior Staff,2000-09-30,2002-03-22
91285,Tayeb,Maksimenko,Staff,1994-10-01,2000-09-30
91302,Ipke,Werthner,Engineer,1995-10-18,9999-01-01
91320,Arunas,Siksek,Senior Staff,2000-12-12,9999-01-01
91320,Arunas,Siksek,Staff,1993-12-12,2000-12-12
91323,Luigi,Provine,Engineer,1986-11-12,1993-11-12
91323,Luigi,Provine,Senior Engineer,1993-11-12,9999-01-01
91331,Saddek,Lortz,Engineer,1988-02-06,1995-02-05
91335,Brigham,Rouquie,Staff,1994-03-10,9999-01-01
91339,Maren,Camurati,Engineer,1992-07-16,1997-07-16
91339,Maren,Camurati,Senior Engineer,1997-07-16,9999-01-01
91345,Lokesh,Atrawala,Technique Leader,1998-04-20,9999-01-01
91357,Yongqiao,Berstel,Engineer,1998-11-18,9999-01-01
91375,Peer,Griswold,Senior Staff,2000-07-02,9999-01-01
91375,Peer,Griswold,Staff,1992-07-02,2000-07-02
91394,Mabhin,Samarati,Senior Engineer,1997-04-25,9999-01-01
91396,Ranan,Kropatsch,Engineer,1988-08-19,1994-08-19
91396,Ranan,Kropatsch,Senior Engineer,1994-08-19,9999-01-01
91422,Mandell,Lorch,Senior Engineer,1999-10-04,9999-01-01
91443,Sergi,Syrotiuk,Assistant Engineer,1990-04-24,1999-04-24
91443,Sergi,Syrotiuk,Engineer,1999-04-24,9999-01-01
91458,Radhakrishnan,Kampfer,Senior Engineer,1991-07-31,1998-06-07
91474,Munehiro,Bennis,Senior Engineer,1998-04-01,9999-01-01
91477,Georgy,Mitzlaff,Senior Engineer,1996-09-19,9999-01-01
91490,Karsten,Matzel,Engineer,1988-07-01,1995-07-02
91490,Karsten,Matzel,Senior Engineer,1995-07-02,9999-01-01
91495,Gro,Danecki,Engineer,1991-08-07,1999-08-07
91495,Gro,Danecki,Senior Engineer,1999-08-07,9999-01-01
91497,Froduald,Dulin,Engineer,1993-07-22,1998-07-22
91497,Froduald,Dulin,Senior Engineer,1998-07-22,9999-01-01
91523,Martine,Kieras,Engineer,1990-04-09,1995-04-09
91523,Martine,Kieras,Senior Engineer,1995-04-09,9999-01-01
91524,Gritta,Gischer,Senior Staff,2000-03-07,9999-01-01
91524,Gritta,Gischer,Staff,1994-03-08,2000-03-07
91535,Sudharsan,Bottner,Senior Engineer,1985-02-05,9999-01-01
91548,Ulf,Zeleznik,Engineer,1992-09-22,1997-09-22
91548,Ulf,Zeleznik,Senior Engineer,1997-09-22,9999-01-01
91556,Sachar,Cincotta,Senior Engineer,1990-07-11,1990-10-17
91560,Aran,Schaap,Engineer,1990-08-18,1998-08-18
91560,Aran,Schaap,Senior Engineer,1998-08-18,9999-01-01
91575,Genki,Shimshoni,Engineer,1991-08-12,1998-08-12
91575,Genki,Shimshoni,Senior Engineer,1998-08-12,9999-01-01
91579,Noritoshi,Erez,Staff,1986-02-24,1990-01-19
91584,Woody,Bernick,Senior Staff,1993-11-04,9999-01-01
91584,Woody,Bernick,Staff,1986-11-04,1993-11-04
91595,Niclas,Yoshimura,Staff,1998-10-01,2002-02-12
91599,Tsz,Mitina,Senior Staff,1992-04-01,9999-01-01
91599,Tsz,Mitina,Staff,1985-04-01,1992-04-01
91601,Sachin,Wixon,Senior Staff,1995-12-29,9999-01-01
91601,Sachin,Wixon,Staff,1986-12-29,1995-12-29
91605,Sandeepan,Bale,Engineer,1992-08-05,2000-08-05
91605,Sandeepan,Bale,Senior Engineer,2000-08-05,9999-01-01
91622,Taizo,Huttel,Senior Staff,2001-04-10,9999-01-01
91622,Taizo,Huttel,Staff,1995-04-11,2001-04-10
91646,Oldrich,Aloia,Senior Staff,1992-09-05,9999-01-01
91669,Yannis,Oehlmann,Engineer,1988-11-05,1997-11-05
91669,Yannis,Oehlmann,Senior Engineer,1997-11-05,9999-01-01
91705,Otmar,Tsukuda,Senior Staff,1997-06-02,9999-01-01
91705,Otmar,Tsukuda,Staff,1989-06-02,1997-06-02
91714,Jordanka,Heemskerk,Senior Staff,1993-09-13,9999-01-01
91714,Jordanka,Heemskerk,Staff,1986-09-13,1993-09-13
91738,Mong,Asser,Engineer,1993-07-15,2000-07-15
91738,Mong,Asser,Senior Engineer,2000-07-15,9999-01-01
91768,Shir,Ladret,Engineer,1999-03-19,9999-01-01
91777,Seshu,Wuwongse,Engineer,1995-11-18,2001-11-17
91777,Seshu,Wuwongse,Senior Engineer,2001-11-17,9999-01-01
91788,Rafols,Danecki,Technique Leader,1998-06-01,9999-01-01
91793,Zongyan,Merey,Assistant Engineer,1985-11-15,1990-11-15
91793,Zongyan,Merey,Engineer,1990-11-15,1995-11-15
91793,Zongyan,Merey,Senior Engineer,1995-11-15,9999-01-01
91831,Isaac,Limongiello,Senior Staff,2000-01-03,9999-01-01
91831,Isaac,Limongiello,Staff,1991-01-03,2000-01-03
91855,Denis,Erbe,Staff,1998-12-17,9999-01-01
91863,Taizo,Demri,Senior Staff,1994-05-21,9999-01-01
91863,Taizo,Demri,Staff,1985-05-21,1994-05-21
91884,Uta,Setlzner,Senior Staff,1995-02-09,9999-01-01
91884,Uta,Setlzner,Staff,1987-02-09,1995-02-09
91942,Leon,Rothenberg,Assistant Engineer,1989-06-09,1997-06-09
91942,Leon,Rothenberg,Engineer,1997-06-09,9999-01-01
91945,Pasqua,Haraldson,Technique Leader,1994-12-13,9999-01-01
91949,Chenye,Denis,Engineer,1995-06-14,2002-06-14
91949,Chenye,Denis,Senior Engineer,2002-06-14,9999-01-01
91967,Takanari,Botman,Technique Leader,1996-05-07,9999-01-01
91998,Zvonko,Unni,Staff,1994-10-02,9999-01-01
92023,Amalendu,Rajcani,Senior Staff,1994-08-07,9999-01-01
92023,Amalendu,Rajcani,Staff,1988-08-07,1994-08-07
92033,Gaurav,Lueh,Engineer,1995-12-28,9999-01-01
92044,Tse,Lortz,Senior Engineer,1995-01-15,1996-05-18
92056,Ravishankar,Dayana,Assistant Engineer,1991-11-01,2000-10-31
92056,Ravishankar,Dayana,Engineer,2000-10-31,9999-01-01
92097,Boutros,Gunderson,Staff,1997-12-06,9999-01-01
92098,Brendon,Erva,Staff,1999-08-22,9999-01-01
92101,Mooi,Highland,Technique Leader,1987-01-14,9999-01-01
92108,Georgi,Brookner,Engineer,1990-05-11,1995-12-22
92116,Mabry,Terkki,Senior Staff,1990-09-28,9999-01-01
92116,Mabry,Terkki,Staff,1985-09-28,1990-09-28
92132,Mart,Benner,Senior Staff,2000-01-09,9999-01-01
92132,Mart,Benner,Staff,1992-01-09,2000-01-09
92146,Harngdar,Broomell,Engineer,1985-05-30,1994-05-30
92146,Harngdar,Broomell,Senior Engineer,1994-05-30,9999-01-01
92153,Shigeo,Versino,Senior Staff,1997-12-11,9999-01-01
92153,Shigeo,Versino,Staff,1991-12-12,1997-12-11
92164,Lene,Sambasivam,Senior Staff,1998-09-29,9999-01-01
92164,Lene,Sambasivam,Staff,1993-09-29,1998-09-29
92179,Rosalyn,Dalphin,Engineer,1995-10-30,2000-10-29
92179,Rosalyn,Dalphin,Senior Engineer,2000-10-29,9999-01-01
92196,Chuanti,Rajala,Engineer,1995-12-10,9999-01-01
92208,Rimon,Sankaranarayanan,Senior Staff,1989-12-02,9999-01-01
92234,Georg,Hofman,Senior Staff,2002-07-06,9999-01-01
92234,Georg,Hofman,Staff,1993-07-06,2002-07-06
92238,Susumu,Curless,Senior Staff,1996-04-08,9999-01-01
92238,Susumu,Curless,Staff,1988-04-08,1996-04-08
92242,Debaprosad,Nations,Senior Engineer,1995-04-25,9999-01-01
92261,Zhiwei,Peot,Senior Engineer,1991-08-31,1995-07-02
92267,Guttorm,Setiz,Assistant Engineer,1986-06-13,1992-06-12
92267,Guttorm,Setiz,Engineer,1992-06-12,1998-06-12
92267,Guttorm,Setiz,Senior Engineer,1998-06-12,9999-01-01
92294,Xiaoqiu,Uludag,Senior Staff,1991-05-09,9999-01-01
92294,Xiaoqiu,Uludag,Staff,1985-05-09,1991-05-09
92300,Poorav,Parhami,Senior Engineer,1989-10-06,9999-01-01
92311,Lucien,Garnham,Engineer,1999-07-02,2001-08-05
92361,Jeong,Boguraev,Senior Staff,1995-02-23,2000-08-12
92361,Jeong,Boguraev,Staff,1989-02-23,1995-02-23
92379,Masoud,Marrevee,Engineer,1990-03-26,1997-03-26
92379,Masoud,Marrevee,Senior Engineer,1997-03-26,9999-01-01
92399,Toong,Collavizza,Senior Staff,1995-09-16,2000-02-05
92399,Toong,Collavizza,Staff,1990-09-16,1995-09-16
92401,Fumitaka,Taneja,Senior Staff,1993-09-18,1999-12-06
92407,Eran,Iivonen,Engineer,1993-10-23,9999-01-01
92420,Jagoda,Pehl,Senior Engineer,1985-08-14,9999-01-01
92425,Sanjoy,Rosti,Staff,1996-09-09,9999-01-01
92445,Kwan,Georgakopoulos,Assistant Engineer,1995-12-05,9999-01-01
92447,Kamakshi,Gini,Senior Staff,1997-01-19,9999-01-01
92447,Kamakshi,Gini,Staff,1988-01-20,1997-01-19
92474,Shai,Salverda,Senior Engineer,1999-12-21,9999-01-01
92495,Dzung,Eickenmeyer,Senior Staff,1994-08-14,9999-01-01
92495,Dzung,Eickenmeyer,Staff,1985-08-14,1994-08-14
92551,Lucien,Farrag,Engineer,1999-08-15,9999-01-01
92557,Serif,Muchinsky,Senior Staff,1994-05-28,9999-01-01
92557,Serif,Muchinsky,Staff,1985-05-28,1994-05-28
92570,Basant,Perez,Senior Engineer,1990-09-29,9999-01-01
92604,Ziva,Valette,Senior Engineer,1992-01-01,9999-01-01
92612,Zdislav,Kulisch,Staff,1998-12-02,9999-01-01
92628,Uta,Milicia,Engineer,1985-12-10,1992-12-10
92628,Uta,Milicia,Senior Engineer,1992-12-10,9999-01-01
92645,Divier,Rebaine,Assistant Engineer,1986-03-27,1993-03-27
92645,Divier,Rebaine,Engineer,1993-03-27,2000-03-27
92645,Divier,Rebaine,Senior Engineer,2000-03-27,9999-01-01
92649,Yurij,Seiwald,Senior Staff,1991-02-03,1995-02-11
92655,Heping,Griswold,Senior Engineer,1988-07-20,9999-01-01
92656,Nobuyoshi,Dengi,Engineer,1994-03-12,9999-01-01
92676,Shahar,Baumann,Senior Engineer,1990-02-15,9999-01-01
92677,True,Salverda,Senior Staff,1992-01-03,9999-01-01
92693,Arch,Bharadwaj,Engineer,1995-10-21,9999-01-01
92703,Ziva,Ressouche,Engineer,1985-04-25,1991-04-25
92703,Ziva,Ressouche,Senior Engineer,1991-04-25,9999-01-01
92710,Mabry,Ebeling,Senior Engineer,1993-07-15,9999-01-01
92714,Valdiodio,Lamba,Technique Leader,1994-01-10,1994-02-26
92721,Otmar,Kobara,Staff,1988-10-31,1989-11-06
92723,Salvador,Swiler,Senior Staff,1989-11-18,9999-01-01
92742,Stafford,Hempstead,Senior Staff,1996-10-07,9999-01-01
92750,Paddy,Rindone,Senior Staff,1995-04-21,9999-01-01
92750,Paddy,Rindone,Staff,1988-04-20,1995-04-21
92756,Heather,Zyda,Engineer,1991-12-29,2000-12-28
92756,Heather,Zyda,Senior Engineer,2000-12-28,9999-01-01
92807,Mikhail,Zambonelli,Senior Engineer,1997-06-28,2000-10-01
92823,Prasadram,Koshiba,Staff,1994-09-20,9999-01-01
92825,Roselyn,Magliocco,Engineer,1998-12-20,9999-01-01
92831,Alselm,Murtha,Engineer,1993-02-26,1999-02-26
92831,Alselm,Murtha,Senior Engineer,1999-02-26,9999-01-01
92845,Diederik,Puppe,Senior Engineer,1992-11-22,1999-09-12
92854,Rafael,McFarlan,Senior Staff,1994-12-01,9999-01-01
92854,Rafael,McFarlan,Staff,1989-12-01,1994-12-01
92861,Gift,Pramanik,Senior Staff,1994-01-02,1998-08-04
92876,Ghassan,Juneja,Engineer,1999-07-15,9999-01-01
92890,Xudong,Hebert,Senior Staff,1996-01-02,9999-01-01
92890,Xudong,Hebert,Staff,1987-01-02,1996-01-02
92919,Kien,Esposito,Senior Staff,1995-05-24,9999-01-01
92933,Kamakshi,Alpay,Senior Staff,1985-11-08,9999-01-01
92938,Kristin,Brickell,Engineer,1994-09-16,9999-01-01
92986,Annemarie,Clouatre,Senior Staff,1991-06-01,9999-01-01
92986,Annemarie,Clouatre,Staff,1986-06-01,1991-06-01
92993,Narain,Marakhovsky,Engineer,1988-05-20,1993-05-20
92993,Narain,Marakhovsky,Senior Engineer,1993-05-20,9999-01-01
93010,Junsik,Farrar,Engineer,1988-04-10,1993-04-10
93010,Junsik,Farrar,Senior Engineer,1993-04-10,9999-01-01
93029,Beshir,Uchoa,Engineer,1989-09-25,1994-09-25
93029,Beshir,Uchoa,Senior Engineer,1994-09-25,9999-01-01
93044,Vasilis,Boissier,Senior Staff,1998-08-16,9999-01-01
93044,Vasilis,Boissier,Staff,1989-08-16,1998-08-16
93053,Mario,Bednarek,Senior Engineer,1989-02-11,9999-01-01
93059,Steve,Feldhoffer,Engineer,1994-06-26,2000-10-30
93060,Shahab,Magalhaes,Engineer,1995-06-13,9999-01-01
93062,Pasqua,Masamoto,Engineer,1985-08-28,1991-08-28
93062,Pasqua,Masamoto,Senior Engineer,1991-08-28,9999-01-01
93070,Bikash,Kolvik,Engineer,1988-08-12,1995-08-13
93070,Bikash,Kolvik,Senior Engineer,1995-08-13,9999-01-01
93071,Jaewon,Rosenbaum,Staff,1999-05-13,2001-10-23
93089,Gay,Bellmore,Assistant Engineer,1986-01-14,1991-01-14
93089,Gay,Bellmore,Engineer,1991-01-14,1996-01-14
93089,Gay,Bellmore,Senior Engineer,1996-01-14,9999-01-01
93093,Jovan,Krychniak,Engineer,1987-12-07,1994-12-07
93093,Jovan,Krychniak,Senior Engineer,1994-12-07,9999-01-01
93106,Mariusz,Poulakidas,Engineer,1999-04-30,2000-05-09
93114,Josyula,Trystram,Engineer,1995-08-18,2001-08-17
93114,Josyula,Trystram,Senior Engineer,2001-08-17,9999-01-01
93128,Marit,Gerteisen,Technique Leader,1991-05-18,9999-01-01
93137,Eben,Francisci,Senior Staff,1998-08-20,2001-01-11
93137,Eben,Francisci,Staff,1992-08-20,1998-08-20
93163,Feixiong,Reghbati,Senior Engineer,1994-05-02,2002-05-19
93179,Kwee,Radivojevic,Senior Staff,2000-02-06,9999-01-01
93179,Kwee,Radivojevic,Staff,1992-02-06,2000-02-06
93182,Marin,Bouloucos,Engineer,1997-12-25,1998-08-04
93186,Naftaly,Naudin,Senior Staff,1991-02-20,9999-01-01
93186,Naftaly,Naudin,Staff,1985-02-20,1991-02-20
93199,Masamitsu,Rosca,Staff,1994-09-29,9999-01-01
93201,Adel,Heinisuo,Staff,1985-03-23,1988-05-10
93213,Macha,Bahl,Senior Engineer,1986-02-27,9999-01-01
93217,Horward,Pietracaprina,Engineer,1997-06-22,2002-06-22
93217,Horward,Pietracaprina,Senior Engineer,2002-06-22,9999-01-01
93235,Moty,Jarecki,Staff,1995-06-25,9999-01-01
93255,Mihalis,Wegerle,Senior Staff,1994-10-06,9999-01-01
93255,Mihalis,Wegerle,Staff,1989-10-06,1994-10-06
93286,Vivian,Veeraraghavan,Engineer,1990-05-14,1999-05-14
93286,Vivian,Veeraraghavan,Senior Engineer,1999-05-14,9999-01-01
93289,Sedat,Strandh,Engineer,1988-02-15,1994-03-09
93295,Byong,Azadmanesh,Assistant Engineer,1987-02-08,1993-02-07
93295,Byong,Azadmanesh,Engineer,1993-02-07,1999-02-07
93295,Byong,Azadmanesh,Senior Engineer,1999-02-07,9999-01-01
93307,Oksana,Bratten,Technique Leader,1987-05-12,9999-01-01
93309,Rasiah,Binkley,Staff,1999-06-13,2001-04-21
93311,Rildo,Keustermans,Senior Staff,1994-12-03,9999-01-01
93311,Rildo,Keustermans,Staff,1987-12-03,1994-12-03
93370,Kiyokazu,Anido,Engineer,1988-02-17,1996-02-17
93370,Kiyokazu,Anido,Senior Engineer,1996-02-17,9999-01-01
93374,Goo,Munck,Technique Leader,1990-07-13,9999-01-01
93382,Jianhui,Vieri,Engineer,1996-09-17,9999-01-01
93395,Mabo,Fontet,Technique Leader,1997-07-10,9999-01-01
93400,Nechama,Nannarelli,Engineer,1998-03-15,9999-01-01
93407,Bernd,Qiwen,Engineer,1992-10-16,1998-10-16
93407,Bernd,Qiwen,Senior Engineer,1998-10-16,9999-01-01
93421,Herbert,Lueh,Technique Leader,1991-01-13,9999-01-01
93423,Takanari,Baik,Engineer,1995-05-08,2002-05-08
93423,Takanari,Baik,Senior Engineer,2002-05-08,9999-01-01
93440,Radoslaw,Carrere,Staff,1998-01-22,9999-01-01
93446,Mona,Orlowski,Engineer,1987-05-07,1993-05-06
93446,Mona,Orlowski,Senior Engineer,1993-05-06,9999-01-01
93461,Subhankar,Vesna,Engineer,1999-04-23,9999-01-01
93480,Chikako,Anandan,Senior Staff,2000-08-12,9999-01-01
93480,Chikako,Anandan,Staff,1991-08-13,2000-08-12
93486,Tianruo,Kugler,Engineer,1999-01-15,9999-01-01
93494,Golgen,Jarecki,Technique Leader,1990-12-28,1997-03-25
93510,Saeed,Luit,Engineer,1990-03-13,1997-03-13
93510,Saeed,Luit,Senior Engineer,1997-03-13,9999-01-01
93514,Somnath,Picaronny,Senior Staff,1999-02-27,9999-01-01
93529,Arvind,Vakili,Engineer,1996-03-19,9999-01-01
93531,Zijian,Ponthieu,Senior Staff,1995-12-16,9999-01-01
93537,Gino,Kisuki,Senior Engineer,1989-12-28,9999-01-01
93570,Eckart,Karunanithi,Staff,1998-08-14,9999-01-01
93578,Cathie,Impagliazzo,Engineer,1987-09-11,1993-09-10
93578,Cathie,Impagliazzo,Senior Engineer,1993-09-10,1999-08-25
93592,Masoud,Felcyn,Engineer,1986-09-28,1992-09-27
93592,Masoud,Felcyn,Senior Engineer,1992-09-27,9999-01-01
93595,Chaosheng,Coullard,Staff,1997-05-07,9999-01-01
93596,Yaghout,Tetzlaff,Senior Staff,1994-02-21,9999-01-01
93596,Yaghout,Tetzlaff,Staff,1989-02-21,1994-02-21
93606,Josyula,Peternell,Engineer,1997-06-23,9999-01-01
93610,Cedric,Kalefeld,Senior Staff,1994-10-19,1996-03-16
93610,Cedric,Kalefeld,Staff,1989-10-19,1994-10-19
93617,Gor,Vadhan,Staff,1997-06-03,9999-01-01
93635,Weijing,Bakhtari,Engineer,1989-02-16,1989-09-15
93642,Alselm,Collette,Engineer,1993-04-05,2002-04-04
93642,Alselm,Collette,Senior Engineer,2002-04-04,9999-01-01
93644,Martins,Lukaszewicz,Senior Staff,1999-04-12,9999-01-01
93644,Martins,Lukaszewicz,Staff,1994-04-12,1999-04-12
93673,Jaewoo,Serna,Engineer,1995-12-17,1997-03-09
93688,Xiaoqiu,Angot,Senior Staff,1994-12-08,9999-01-01
93688,Xiaoqiu,Angot,Staff,1988-12-08,1994-12-08
93696,Berto,Crelier,Engineer,1992-08-17,2000-08-17
93696,Berto,Crelier,Senior Engineer,2000-08-17,9999-01-01
93705,Khaled,Magliocco,Engineer,1994-06-30,2001-06-30
93705,Khaled,Magliocco,Senior Engineer,2001-06-30,9999-01-01
93719,Erez,McClurg,Engineer,1996-06-30,2002-06-30
93719,Erez,McClurg,Senior Engineer,2002-06-30,9999-01-01
93739,Gal,Gecseg,Engineer,1988-11-06,1995-11-07
93739,Gal,Gecseg,Senior Engineer,1995-11-07,9999-01-01
93746,Claudi,Piancastelli,Engineer,1994-01-21,2000-01-21
93746,Claudi,Piancastelli,Senior Engineer,2000-01-21,9999-01-01
93783,Kazuhito,Plumb,Senior Staff,1989-10-11,9999-01-01
93809,Georgi,Kakkar,Engineer,1987-08-03,1994-08-03
93809,Georgi,Kakkar,Senior Engineer,1994-08-03,1999-08-05
93830,Duri,Sudkamp,Staff,1995-11-30,1999-05-25
93850,Florina,Jahnichen,Staff,1997-07-18,9999-01-01
93875,Uli,Byoun,Engineer,1987-09-02,1995-09-02
93875,Uli,Byoun,Senior Engineer,1995-09-02,9999-01-01
93898,Zdislav,Alameldin,Engineer,1992-04-05,1998-04-05
93898,Zdislav,Alameldin,Senior Engineer,1998-04-05,9999-01-01
93907,Shietung,Underwood,Engineer,1993-01-22,2001-01-22
93907,Shietung,Underwood,Senior Engineer,2001-01-22,9999-01-01
93910,Evgueni,Gulik,Senior Staff,1987-07-18,9999-01-01
93919,Jeane,Gronowski,Assistant Engineer,1995-12-02,2001-12-01
93919,Jeane,Gronowski,Engineer,2001-12-01,9999-01-01
93926,Claude,Cusworth,Senior Staff,2001-12-09,9999-01-01
93926,Claude,Cusworth,Staff,1992-12-09,2001-12-09
93935,Odinaldo,Feinberg,Staff,1999-07-19,9999-01-01
93949,Manibrata,Cooley,Engineer,1998-12-05,9999-01-01
93951,Leen,Woycyznski,Senior Staff,1998-05-30,9999-01-01
93951,Leen,Woycyznski,Staff,1993-05-30,1998-05-30
93956,Danco,Blokdijk,Staff,1998-08-22,9999-01-01
93996,Charlene,Aseltine,Engineer,1995-10-04,9999-01-01
94004,Conor,Picco,Engineer,1992-12-03,2000-12-03
94004,Conor,Picco,Senior Engineer,2000-12-03,9999-01-01
94007,Foong,Ramaiah,Senior Engineer,1987-11-20,9999-01-01
94012,Eldridge,Steinauer,Senior Staff,1994-01-16,9999-01-01
94012,Eldridge,Steinauer,Staff,1988-01-17,1994-01-16
94017,Stein,Poulakidas,Assistant Engineer,1990-12-19,1995-12-19
94017,Stein,Poulakidas,Engineer,1995-12-19,2000-12-18
94017,Stein,Poulakidas,Senior Engineer,2000-12-18,9999-01-01
94025,Randy,Ramalingam,Senior Staff,1985-11-16,9999-01-01
94029,Kazuhide,Wossner,Senior Engineer,1991-03-26,9999-01-01
94072,Weiwu,Axelband,Engineer,1997-06-30,9999-01-01
94077,Guttorm,Taubman,Engineer,1991-11-06,1996-11-05
94077,Guttorm,Taubman,Senior Engineer,1996-11-05,9999-01-01
94087,Srinidhi,Dymetman,Engineer,1999-02-25,9999-01-01
94101,Saddek,Osgood,Senior Staff,1993-12-23,9999-01-01
94101,Saddek,Osgood,Staff,1987-12-24,1993-12-23
94144,Guther,Sankaranarayanan,Staff,1997-02-26,9999-01-01
94157,Yuichiro,Wiegley,Engineer,1988-04-21,1993-03-29
94166,Dung,Panienski,Senior Staff,1997-12-22,9999-01-01
94198,Jackson,Melter,Senior Engineer,1992-10-14,9999-01-01
94202,Charlene,Fordan,Senior Staff,2001-11-08,9999-01-01
94202,Charlene,Fordan,Staff,1996-11-08,2001-11-08
94203,Erez,Gargeya,Senior Staff,1996-03-27,2002-02-13
94203,Erez,Gargeya,Staff,1987-03-28,1996-03-27
94216,Pascal,Taubman,Engineer,1990-12-13,1998-12-13
94216,Pascal,Taubman,Senior Engineer,1998-12-13,9999-01-01
94224,Bernice,Kaelbling,Senior Engineer,1988-07-30,9999-01-01
94234,Kristin,Cherinka,Staff,1995-11-24,9999-01-01
94282,Gregory,Meszaros,Senior Staff,1996-06-24,9999-01-01
94282,Gregory,Meszaros,Staff,1989-06-24,1996-06-24
94298,Eran,Stellhorn,Technique Leader,1998-03-21,9999-01-01
94319,Yifei,Chelton,Staff,1998-03-13,9999-01-01
94346,Vishu,Gecsei,Assistant Engineer,1995-10-30,9999-01-01
94353,Jaber,Iivonen,Senior Staff,1994-10-11,9999-01-01
94356,Eric,Herbst,Engineer,1994-07-16,2000-07-15
94356,Eric,Herbst,Senior Engineer,2000-07-15,9999-01-01
94369,Kazuhiro,Birsak,Assistant Engineer,1994-11-14,9999-01-01
94376,Aleksander,Birke,Senior Staff,1995-06-29,9999-01-01
94376,Aleksander,Birke,Staff,1989-06-29,1995-06-29
94407,Keung,Lakshmanan,Engineer,1997-03-12,9999-01-01
94439,Flemming,Delgrange,Assistant Engineer,1994-05-13,9999-01-01
94457,Susanna,Egerstedt,Engineer,1992-02-25,1999-02-25
94457,Susanna,Egerstedt,Senior Engineer,1999-02-25,9999-01-01
94473,Gonzalo,Rabejac,Senior Staff,1988-07-12,9999-01-01
94479,Dzung,Thorensen,Senior Staff,1985-11-17,9999-01-01
94493,Filipp,Lichtman,Senior Staff,1998-03-03,9999-01-01
94497,Mechthild,Foote,Engineer,1993-10-22,1998-10-22
94497,Mechthild,Foote,Senior Engineer,1998-10-22,9999-01-01
94526,Uma,Vanwelkenhuysen,Engineer,1989-12-27,1994-09-16
94566,Adas,Wrigley,Senior Staff,1993-06-05,9999-01-01
94566,Adas,Wrigley,Staff,1986-06-05,1993-06-05
94573,Werner,Chelton,Engineer,1989-10-04,1996-10-04
94573,Werner,Chelton,Senior Engineer,1996-10-04,9999-01-01
94580,Aemilian,Hettesheimer,Engineer,1990-07-27,1997-07-27
94580,Aemilian,Hettesheimer,Senior Engineer,1997-07-27,9999-01-01
94602,Yurii,Mullainathan,Senior Staff,1994-12-16,9999-01-01
94602,Yurii,Mullainathan,Staff,1989-12-16,1994-12-16
94640,Jianhao,Kusakabe,Engineer,1987-06-15,1993-01-26
94641,Byong,Kakkad,Assistant Engineer,1999-11-03,9999-01-01
94646,Mahendra,Kawashimo,Staff,1999-08-03,9999-01-01
94649,Laurentiu,Masand,Senior Staff,2000-05-29,9999-01-01
94649,Laurentiu,Masand,Staff,1994-05-30,2000-05-29
94657,Shahar,Jording,Senior Engineer,1991-10-06,9999-01-01
94669,Garnik,Greenaway,Senior Engineer,1997-04-21,9999-01-01
94671,Adhemar,Tiemann,Senior Staff,1988-01-14,9999-01-01
94676,Valery,Stavenow,Engineer,1992-11-25,1997-11-25
94676,Valery,Stavenow,Senior Engineer,1997-11-25,9999-01-01
94683,Tokuyasu,Preusig,Engineer,1986-02-06,1991-02-06
94683,Tokuyasu,Preusig,Senior Engineer,1991-02-06,9999-01-01
94689,Hausi,Condotta,Staff,1993-04-04,2001-01-11
94706,Rimon,Simmen,Engineer,1998-08-05,2000-07-27
94739,Vishwani,Trachtenberg,Engineer,1989-09-07,1997-09-07
94739,Vishwani,Trachtenberg,Senior Engineer,1997-09-07,9999-01-01
94744,Barry,Chandrasekhar,Senior Engineer,1989-01-25,9999-01-01
94763,Janalee,Viele,Engineer,1997-05-17,1999-01-02
94767,Leon,Chepyzhov,Staff,1998-08-24,9999-01-01
94770,Kamran,Gomatam,Staff,1996-02-13,9999-01-01
94794,Weiyi,Cannard,Staff,1999-09-27,9999-01-01
94795,Adib,dAstous,Assistant Engineer,1996-07-15,9999-01-01
94814,Moty,Kitsuregawa,Staff,1995-05-21,1996-05-13
94821,Syozo,Iacovou,Engineer,1985-08-18,1992-08-18
94821,Syozo,Iacovou,Senior Engineer,1992-08-18,9999-01-01
94823,Xinglin,Mahnke,Assistant Engineer,1998-05-07,9999-01-01
94824,Moheb,Papsdorf,Engineer,1993-02-01,2002-02-01
94824,Moheb,Papsdorf,Senior Engineer,2002-02-01,9999-01-01
94853,Bartek,Mukaidono,Senior Staff,1986-08-28,9999-01-01
94855,Mircea,Range,Engineer,1998-05-04,9999-01-01
94859,Stella,Vasanthakumar,Senior Staff,1986-04-11,9999-01-01
94867,Yuguang,Quadeer,Senior Staff,1999-09-26,9999-01-01
94895,Vivian,Ladret,Assistant Engineer,1994-04-25,2000-04-18
94908,Niranjan,Ritzmann,Engineer,1999-08-22,9999-01-01
94933,Jongsuk,Castellani,Senior Staff,1995-10-06,9999-01-01
94933,Jongsuk,Castellani,Staff,1990-10-06,1995-10-06
94956,JoAnne,Foote,Engineer,1992-12-26,1998-12-26
94956,JoAnne,Foote,Senior Engineer,1998-12-26,9999-01-01
94968,Nobuyoshi,Talmor,Engineer,1996-09-18,1996-09-18
94976,Danny,Verhaegen,Engineer,1991-07-01,1997-06-30
94976,Danny,Verhaegen,Senior Engineer,1997-06-30,9999-01-01
94981,Kauko,Cheshire,Senior Engineer,1985-04-08,9999-01-01
95005,Shai,Zedlitz,Engineer,1989-04-24,1998-04-24
95005,Shai,Zedlitz,Senior Engineer,1998-04-24,9999-01-01
95011,Rosalyn,Chenney,Engineer,1992-12-03,1999-12-04
95011,Rosalyn,Chenney,Senior Engineer,1999-12-04,9999-01-01
95023,Ronghao,Schaad,Engineer,1998-11-11,9999-01-01
95029,Gou,Erez,Senior Staff,1992-06-19,9999-01-01
95029,Gou,Erez,Staff,1985-06-19,1992-06-19
95030,Gianluca,Yetto,Senior Staff,1990-06-29,9999-01-01
95040,KayLiang,Lorho,Technique Leader,1994-09-30,9999-01-01
95055,Yifei,Yoshizawa,Engineer,1994-08-08,2000-08-07
95055,Yifei,Yoshizawa,Senior Engineer,2000-08-07,9999-01-01
95080,Yolla,Gips,Staff,1996-09-29,9999-01-01
95084,Jeong,Bael,Engineer,1992-03-10,2000-03-10
95084,Jeong,Bael,Senior Engineer,2000-03-10,9999-01-01
95102,Jackson,Grospietsch,Engineer,1996-06-06,9999-01-01
95118,Gay,Willoner,Senior Staff,1998-04-15,2002-07-09
95118,Gay,Willoner,Staff,1993-04-15,1998-04-15
95121,Haldun,Braunmuhl,Assistant Engineer,1985-12-26,1994-12-26
95121,Haldun,Braunmuhl,Engineer,1994-12-26,9999-01-01
95124,Giao,Sury,Engineer,1989-12-25,1994-12-25
95124,Giao,Sury,Senior Engineer,1994-12-25,9999-01-01
95127,Kristian,Liedekerke,Senior Staff,1997-05-03,9999-01-01
95130,Vishv,Szilard,Senior Staff,1995-03-04,9999-01-01
95130,Vishv,Szilard,Staff,1987-03-04,1995-03-04
95166,Woody,Cesareni,Senior Staff,1993-07-07,9999-01-01
95166,Woody,Cesareni,Staff,1987-07-08,1993-07-07
95186,Nikolaos,Schmezko,Senior Engineer,1999-09-02,9999-01-01
95201,Chinho,Pokrovskii,Senior Staff,1994-10-25,9999-01-01
95201,Chinho,Pokrovskii,Staff,1988-10-25,1994-10-25
95206,Babette,Fontet,Staff,1995-10-05,2002-06-15
95218,Carrsten,Casley,Senior Staff,1993-09-25,9999-01-01
95218,Carrsten,Casley,Staff,1988-09-25,1993-09-25
95221,Elvis,Bernick,Senior Staff,1997-04-15,9999-01-01
95222,Jolita,Yavatkar,Engineer,1989-09-06,1994-09-06
95222,Jolita,Yavatkar,Senior Engineer,1994-09-06,1998-09-22
95225,Toshimo,Ghalwash,Technique Leader,1997-02-21,9999-01-01
95239,Jongsuk,Stifter,Senior Staff,1990-06-25,9999-01-01
95240,Kokou,Peroz,Senior Staff,2001-08-14,9999-01-01
95240,Kokou,Peroz,Staff,1996-08-14,2001-08-14
95245,Parke,Besancenot,Senior Staff,1996-02-05,1996-03-07
95245,Parke,Besancenot,Staff,1988-02-05,1996-02-05
95254,Gianluca,Lanteri,Engineer,1991-09-03,2000-09-02
95254,Gianluca,Lanteri,Senior Engineer,2000-09-02,9999-01-01
95265,Chiranjit,Denti,Engineer,1993-01-01,1999-01-01
95265,Chiranjit,Denti,Senior Engineer,1999-01-01,9999-01-01
95272,Henk,Ulupinar,Engineer,1990-09-01,1995-09-01
95272,Henk,Ulupinar,Senior Engineer,1995-09-01,9999-01-01
95284,Sanjoy,Haraldson,Engineer,1997-03-06,9999-01-01
95301,Paraskevi,Litvinov,Senior Staff,1994-04-29,9999-01-01
95301,Paraskevi,Litvinov,Staff,1987-04-29,1994-04-29
95331,Mohammad,Rattan,Engineer,1985-02-09,1992-02-10
95331,Mohammad,Rattan,Senior Engineer,1992-02-10,9999-01-01
95332,Seshu,Steenbeek,Senior Engineer,1998-03-26,1999-07-16
95336,Jingling,Luon,Senior Staff,1994-08-21,9999-01-01
95350,Taizo,Reeken,Staff,1992-08-18,1998-06-14
95363,Gen,Oxenboll,Senior Staff,2002-04-12,9999-01-01
95363,Gen,Oxenboll,Staff,1994-04-12,2002-04-12
95388,Gal,Hashii,Senior Engineer,1995-07-18,9999-01-01
95392,Wayne,Schneeberger,Senior Staff,1992-06-10,9999-01-01
95392,Wayne,Schneeberger,Staff,1985-06-10,1992-06-10
95412,Teiji,Kropf,Senior Staff,1993-04-11,1995-01-09
95412,Teiji,Kropf,Staff,1987-04-12,1993-04-11
95423,Christ,Piazza,Assistant Engineer,1996-03-13,2001-03-13
95423,Christ,Piazza,Engineer,2001-03-13,9999-01-01
95468,Jinpo,Pokrovskii,Senior Staff,1996-11-25,9999-01-01
95468,Jinpo,Pokrovskii,Staff,1987-11-26,1996-11-25
95469,Thodoros,Gecseg,Engineer,1994-09-25,1995-09-27
95488,Valeri,Terekhov,Engineer,1993-12-19,1998-12-19
95488,Valeri,Terekhov,Senior Engineer,1998-12-19,9999-01-01
95491,Charlene,Segond,Engineer,1989-10-18,1994-10-18
95491,Charlene,Segond,Senior Engineer,1994-10-18,9999-01-01
95494,Francesca,Vernadat,Senior Staff,1999-05-01,9999-01-01
95494,Francesca,Vernadat,Staff,1990-05-01,1999-05-01
95514,Shaowei,DuCasse,Engineer,1989-10-10,1995-10-10
95514,Shaowei,DuCasse,Senior Engineer,1995-10-10,9999-01-01
95532,Mircea,Harnett,Staff,1998-10-25,9999-01-01
95553,Feixiong,Otillio,Assistant Engineer,1989-06-28,1994-06-28
95553,Feixiong,Otillio,Engineer,1994-06-28,1999-06-28
95553,Feixiong,Otillio,Senior Engineer,1999-06-28,9999-01-01
95571,Ekawit,Yeung,Senior Staff,1991-12-15,9999-01-01
95571,Ekawit,Yeung,Staff,1985-12-15,1991-12-15
95578,Golgen,Vecchi,Engineer,1998-01-11,9999-01-01
95599,Kiyokazu,Encarnacion,Senior Engineer,1985-02-14,9999-01-01
95609,Mokhtar,Chiodo,Senior Staff,1997-06-01,2000-09-09
95635,Fumitaka,Mondadori,Senior Staff,1985-03-20,9999-01-01
95649,Kankanahalli,Lenart,Technique Leader,1998-05-14,9999-01-01
95651,Mooi,Heydon,Technique Leader,1991-05-11,9999-01-01
95655,Mohit,Jayawardene,Engineer,1995-06-09,2002-06-09
95655,Mohit,Jayawardene,Senior Engineer,2002-06-09,9999-01-01
95685,Kiyotoshi,Swift,Engineer,1985-06-13,1994-06-13
95685,Kiyotoshi,Swift,Senior Engineer,1994-06-13,9999-01-01
95694,Lokesh,Qiwen,Technique Leader,1989-09-21,1999-05-30
95695,Tomofumi,Przulj,Engineer,1987-08-22,1996-08-21
95695,Tomofumi,Przulj,Senior Engineer,1996-08-21,9999-01-01
95700,Michaela,Heystek,Engineer,1993-06-14,1998-06-14
95700,Michaela,Heystek,Senior Engineer,1998-06-14,9999-01-01
95704,Toshimori,Vural,Engineer,1992-06-18,1998-06-18
95704,Toshimori,Vural,Senior Engineer,1998-06-18,9999-01-01
95705,Yagil,Perri,Engineer,1993-03-26,1999-03-26
95705,Yagil,Perri,Senior Engineer,1999-03-26,9999-01-01
95707,Gila,Hebert,Senior Staff,1999-01-30,9999-01-01
95708,Koichi,Kornatzky,Senior Staff,1998-09-12,9999-01-01
95741,Tianruo,Renear,Engineer,1985-03-04,1992-03-04
95741,Tianruo,Renear,Senior Engineer,1992-03-04,9999-01-01
95755,Rosella,Decaestecker,Engineer,1986-08-28,1991-08-28
95755,Rosella,Decaestecker,Senior Engineer,1991-08-28,9999-01-01
95795,Sumant,Angelopoulos,Senior Engineer,1985-11-09,9999-01-01
95797,Rafols,Azulay,Senior Staff,2000-10-14,9999-01-01
95797,Rafols,Azulay,Staff,1995-10-15,2000-10-14
95806,Valeska,Aumann,Engineer,1994-11-29,2001-11-29
95806,Valeska,Aumann,Senior Engineer,2001-11-29,9999-01-01
95807,Utpal,Ashish,Engineer,1989-11-10,1998-11-10
95807,Utpal,Ashish,Senior Engineer,1998-11-10,9999-01-01
95824,Phillip,Gecsel,Engineer,1986-07-11,1992-07-10
95824,Phillip,Gecsel,Senior Engineer,1992-07-10,9999-01-01
95833,Pranav,Kaiser,Staff,1986-06-13,1992-08-05
95854,Jordanka,Hennebert,Staff,1997-11-12,9999-01-01
95872,Masoud,Heping,Assistant Engineer,1993-09-26,2000-09-26
95872,Masoud,Heping,Engineer,2000-09-26,9999-01-01
95873,Fatemeh,Majewski,Senior Engineer,1990-02-01,9999-01-01
95911,Mariusz,Vrecion,Engineer,1999-09-13,9999-01-01
95912,Aral,Azuma,Staff,1987-03-15,1991-02-27
95913,Constantine,Setiz,Senior Engineer,1992-10-23,9999-01-01
95921,Vugranam,Riesenhuber,Staff,1993-12-28,1994-08-01
95924,Ranga,Argence,Engineer,1992-03-15,1997-03-15
95924,Ranga,Argence,Senior Engineer,1997-03-15,9999-01-01
95938,Boguslaw,Msuda,Senior Staff,1997-08-17,9999-01-01
95938,Boguslaw,Msuda,Staff,1989-08-17,1997-08-17
95952,Vasilis,Schneeberger,Staff,1998-01-22,9999-01-01
95959,Shahar,Bouloucos,Technique Leader,1992-10-16,9999-01-01
95978,Nitsan,Ranze,Senior Staff,1994-04-07,9999-01-01
95978,Nitsan,Ranze,Staff,1989-04-07,1994-04-07
95987,Yakichi,Acton,Senior Staff,2002-03-04,9999-01-01
95987,Yakichi,Acton,Staff,1995-03-04,2002-03-04
96012,Urs,Gimbel,Engineer,1992-08-27,2000-08-27
96012,Urs,Gimbel,Senior Engineer,2000-08-27,9999-01-01
96013,Fai,Clouatre,Staff,1997-12-20,9999-01-01
96021,Mario,Suermann,Senior Staff,2001-12-16,9999-01-01
96021,Mario,Suermann,Staff,1992-12-16,2001-12-16
96035,Shushma,Staylopatis,Senior Staff,1990-11-10,9999-01-01
96040,Maia,Rosti,Staff,1997-12-31,9999-01-01
96042,Berry,Masand,Staff,1995-07-12,9999-01-01
96080,Jordanka,Zirintsis,Engineer,1996-03-08,2000-04-11
96087,Billur,Rousseau,Senior Staff,1995-06-22,2001-02-25
96087,Billur,Rousseau,Staff,1988-06-21,1995-06-22
96134,Jingling,Maliniak,Staff,1997-06-11,9999-01-01
96149,Yongqiao,Willoner,Senior Staff,2000-12-22,9999-01-01
96149,Yongqiao,Willoner,Staff,1992-12-22,2000-12-22
96155,Carrsten,Bamford,Senior Staff,1998-08-11,9999-01-01
96165,Aamod,Esteva,Engineer,1990-03-18,1996-03-17
96165,Aamod,Esteva,Senior Engineer,1996-03-17,9999-01-01
96190,Zito,Schaar,Staff,1996-05-07,9999-01-01
96225,Mong,Peck,Engineer,1986-06-22,1993-06-22
96225,Mong,Peck,Senior Engineer,1993-06-22,9999-01-01
96227,Shimshon,Tibblin,Engineer,1993-06-09,1999-06-09
96227,Shimshon,Tibblin,Senior Engineer,1999-06-09,9999-01-01
96248,Branimir,Ritzmann,Senior Staff,2001-02-03,9999-01-01
96248,Branimir,Ritzmann,Staff,1995-02-04,2001-02-03
96250,Xudong,Wallrath,Staff,1985-02-14,1991-01-20
96262,Reinhold,Narlikar,Senior Staff,1993-06-08,9999-01-01
96262,Reinhold,Narlikar,Staff,1988-06-08,1993-06-08
96272,Khosrow,Rusmann,Senior Staff,2001-11-22,9999-01-01
96272,Khosrow,Rusmann,Staff,1996-11-22,2001-11-22
96290,Sreekrishna,Azevdeo,Engineer,1998-08-09,9999-01-01
96315,Zhensheng,Adachi,Engineer,1997-12-07,9999-01-01
96335,Arvind,Kavanagh,Engineer,1994-10-16,9999-01-01
96337,Tokuyasu,Mamelak,Staff,1993-12-14,9999-01-01
96345,Gila,Koblitz,Senior Staff,1998-12-29,9999-01-01
96345,Gila,Koblitz,Staff,1991-12-29,1998-12-29
96386,Remzi,Seghrouchni,Engineer,1994-06-01,2002-06-01
96386,Remzi,Seghrouchni,Senior Engineer,2002-06-01,9999-01-01
96391,Goncalo,Barbanera,Engineer,1992-04-11,2001-04-11
96391,Goncalo,Barbanera,Senior Engineer,2001-04-11,9999-01-01
96409,Adel,Spelt,Engineer,1999-03-19,2001-10-14
96411,Cristinel,Ressouche,Engineer,1990-03-28,1998-03-28
96411,Cristinel,Ressouche,Senior Engineer,1998-03-28,9999-01-01
96427,Ipke,Luga,Staff,1996-04-11,9999-01-01
96436,Mahmut,Gini,Assistant Engineer,1996-06-10,2000-12-18
96437,Seongbae,Boudaillier,Senior Staff,1998-11-22,9999-01-01
96437,Seongbae,Boudaillier,Staff,1992-11-22,1998-11-22
96450,Zhenbing,Kriebel,Senior Staff,1994-05-10,9999-01-01
96450,Zhenbing,Kriebel,Staff,1986-05-10,1994-05-10
96455,Shmuel,Menhoudj,Technique Leader,1991-05-02,9999-01-01
96465,Fumiya,Szilard,Assistant Engineer,1992-08-29,2001-08-29
96465,Fumiya,Szilard,Engineer,2001-08-29,9999-01-01
96469,Kitty,Garrabrants,Senior Staff,1986-10-07,9999-01-01
96471,Fei,Garnier,Senior Staff,2000-02-16,9999-01-01
96471,Fei,Garnier,Staff,1992-02-16,2000-02-16
96475,Jiang,Karunanithi,Staff,1998-12-06,9999-01-01
96476,Uta,Brandsma,Assistant Engineer,1998-10-05,2002-05-04
96481,Masoud,Boyle,Senior Staff,1992-06-16,9999-01-01
96481,Masoud,Boyle,Staff,1987-06-17,1992-06-16
96514,Demin,Baby,Staff,1996-11-16,9999-01-01
96535,Kwee,Cincotta,Technique Leader,1991-07-17,9999-01-01
96538,Greger,Valiente,Staff,1997-02-11,9999-01-01
96540,Nikolaos,Menhardt,Senior Staff,1994-09-23,1998-11-16
96540,Nikolaos,Menhardt,Staff,1989-09-23,1994-09-23
96544,Giri,Stamatiou,Senior Engineer,1988-05-04,9999-01-01
96565,Hsiangchu,Dratva,Technique Leader,1989-11-21,9999-01-01
96566,Hauke,Barreiro,Engineer,1987-08-16,1994-08-16
96566,Hauke,Barreiro,Senior Engineer,1994-08-16,1995-03-05
96574,Pramod,Itschner,Senior Staff,1995-11-12,9999-01-01
96574,Pramod,Itschner,Staff,1990-11-12,1995-11-12
96589,Huei,Ramaiah,Senior Staff,1997-11-11,1999-06-29
96589,Huei,Ramaiah,Staff,1988-11-11,1997-11-11
96595,Denis,Doering,Senior Staff,1992-02-03,9999-01-01
96595,Denis,Doering,Staff,1987-02-03,1992-02-03
96632,Jianhua,Vakili,Senior Staff,1993-06-11,1996-10-30
96639,Elliott,Keirsey,Engineer,1988-03-11,1997-03-11
96639,Elliott,Keirsey,Senior Engineer,1997-03-11,9999-01-01
96650,Shai,Berendt,Staff,1999-09-16,2002-03-06
96655,Arlette,Sanella,Senior Engineer,1986-12-25,9999-01-01
96672,Taizo,Rabehasaina,Senior Staff,1994-09-26,9999-01-01
96683,Radoslaw,Suppi,Engineer,1994-09-02,2001-09-02
96683,Radoslaw,Suppi,Senior Engineer,2001-09-02,2001-10-14
96692,Pragnesh,Lalonde,Senior Staff,1997-11-19,9999-01-01
96692,Pragnesh,Lalonde,Staff,1992-11-19,1997-11-19
96693,Diederik,Pettis,Engineer,1994-09-09,2001-09-09
96693,Diederik,Pettis,Senior Engineer,2001-09-09,9999-01-01
96701,Gennadi,Sullins,Engineer,1992-06-24,1997-06-24
96701,Gennadi,Sullins,Senior Engineer,1997-06-24,9999-01-01
96727,Conor,Schwartzbauer,Engineer,1994-02-05,2002-02-05
96727,Conor,Schwartzbauer,Senior Engineer,2002-02-05,9999-01-01
96739,Adin,Trogemann,Engineer,1997-08-11,9999-01-01
96762,Duke,Lanzelotte,Staff,1998-10-23,2002-03-17
96786,Baoqiu,Pulkowski,Engineer,1998-06-16,9999-01-01
96792,Koldo,Angiulli,Senior Staff,1995-07-13,9999-01-01
96800,Pranjal,Pettey,Staff,1994-10-04,1994-10-20
96826,Florina,Veldwijk,Senior Engineer,1991-07-14,2000-11-23
96827,Evgueni,Lambe,Engineer,1989-07-05,1995-07-05
96827,Evgueni,Lambe,Senior Engineer,1995-07-05,9999-01-01
96831,Toong,Slaats,Technique Leader,1987-11-17,9999-01-01
96845,Kazuhito,Seghrouchni,Senior Staff,1996-07-17,9999-01-01
96845,Kazuhito,Seghrouchni,Staff,1990-07-18,1996-07-17
96851,Kensei,Malabarba,Assistant Engineer,1997-11-30,9999-01-01
96859,Kien,Kranzdorf,Senior Staff,1997-05-31,9999-01-01
96859,Kien,Kranzdorf,Staff,1992-05-31,1997-05-31
96862,Udo,Gladwell,Senior Staff,1997-06-27,9999-01-01
96862,Udo,Gladwell,Staff,1992-06-27,1997-06-27
96878,Patricio,Benner,Senior Staff,1998-02-01,9999-01-01
96878,Patricio,Benner,Staff,1989-02-01,1998-02-01
96881,Chaitali,Gire,Engineer,1986-04-27,1992-04-26
96881,Chaitali,Gire,Senior Engineer,1992-04-26,9999-01-01
96893,Haldon,Angelopoulos,Engineer,1998-10-05,9999-01-01
96901,Satyanarayana,Ozeki,Staff,1993-06-07,1999-03-30
96924,Jenwei,Litecky,Senior Staff,1996-12-28,9999-01-01
96973,Serge,Gelosh,Senior Staff,2001-09-24,9999-01-01
96973,Serge,Gelosh,Staff,1992-09-24,2001-09-24
96974,Vugranam,Szilard,Senior Staff,1994-05-11,9999-01-01
97000,Branimir,Pavlopoulou,Engineer,1986-03-03,1993-03-03
97000,Branimir,Pavlopoulou,Senior Engineer,1993-03-03,9999-01-01
97012,Cristinel,Miake,Senior Staff,1998-08-14,9999-01-01
97012,Cristinel,Miake,Staff,1989-08-14,1998-08-14
97030,Etsuo,Baek,Senior Staff,1993-05-25,9999-01-01
97030,Etsuo,Baek,Staff,1988-05-25,1993-05-25
97043,Yinlin,Narahara,Engineer,1995-08-23,2001-08-22
97043,Yinlin,Narahara,Senior Engineer,2001-08-22,9999-01-01
97048,Shahar,McAffer,Senior Staff,1993-05-25,9999-01-01
97048,Shahar,McAffer,Staff,1987-05-26,1993-05-25
97051,Aamod,Kitsuregawa,Senior Staff,1997-06-15,9999-01-01
97057,Piyush,Dulay,Staff,1987-12-26,1990-08-31
97058,Zengping,Iwayama,Assistant Engineer,1996-04-09,9999-01-01
97078,Remzi,Ushiama,Senior Staff,1999-03-19,9999-01-01
97078,Remzi,Ushiama,Staff,1993-03-19,1999-03-19
97110,Arup,Noriega,Engineer,1993-11-05,1997-09-29
97118,Sudharsan,Sankaranarayanan,Staff,1996-06-06,1999-12-29
97127,Tonia,Perez,Staff,1996-02-14,2000-01-20
97162,Alejandro,Marzano,Engineer,1987-12-17,1994-12-17
97162,Alejandro,Marzano,Senior Engineer,1994-12-17,9999-01-01
97172,Keung,Champarnaud,Staff,1998-12-18,9999-01-01
97176,Horward,Bottner,Senior Staff,1991-08-02,9999-01-01
97183,Barun,Puoti,Senior Staff,1995-12-25,1999-04-01
97183,Barun,Puoti,Staff,1987-12-25,1995-12-25
97213,Pradeep,Lenart,Engineer,1991-12-27,2000-12-26
97213,Pradeep,Lenart,Senior Engineer,2000-12-26,9999-01-01
97215,Arif,Makrucki,Senior Staff,1987-12-08,1997-04-11
97234,Aamod,Flasterstein,Technique Leader,1991-10-03,1995-12-21
97246,Thodoros,Showalter,Senior Engineer,1987-09-19,2002-04-03
97250,Fumiyo,Rosiles,Engineer,1988-03-14,1995-03-15
97250,Fumiyo,Rosiles,Senior Engineer,1995-03-15,9999-01-01
97254,Kendra,Miara,Engineer,1997-12-31,1999-10-17
97273,Harngdar,Gammage,Staff,1991-11-07,1999-07-10
97291,Aiichiro,Chaudhury,Senior Staff,1996-11-22,1997-12-05
97291,Aiichiro,Chaudhury,Staff,1988-11-22,1996-11-22
97292,Sungwon,Versino,Engineer,1990-08-12,1993-08-31
97305,Muneo,Schnabel,Senior Staff,1992-03-04,9999-01-01
97307,Khun,Hebden,Engineer,1987-09-29,1993-09-28
97307,Khun,Hebden,Senior Engineer,1993-09-28,9999-01-01
97319,Sumant,Haumacher,Senior Staff,1991-09-24,9999-01-01
97319,Sumant,Haumacher,Staff,1986-09-24,1991-09-24
97338,Shuho,Penz,Assistant Engineer,1989-12-26,1996-12-26
97338,Shuho,Penz,Engineer,1996-12-26,2000-05-15
97349,Chenxi,Emiris,Engineer,1993-10-19,1998-10-19
97349,Chenxi,Emiris,Senior Engineer,1998-10-19,9999-01-01
97388,Duangkaew,Warwick,Senior Engineer,1995-10-29,9999-01-01
97394,Masasuke,Heydon,Engineer,1994-11-25,2000-03-23
97401,Trygve,Halevi,Engineer,1997-02-02,9999-01-01
97403,JiYoung,Ducloy,Senior Staff,1996-06-06,9999-01-01
97438,Sanjoy,Ohori,Engineer,1996-11-21,1999-12-24
97460,Nevin,Rettelbach,Senior Engineer,1993-03-01,9999-01-01
97482,Boaz,Lorin,Senior Staff,1986-04-18,9999-01-01
97484,Weidon,Lamma,Engineer,1988-03-06,1997-03-06
97484,Weidon,Lamma,Senior Engineer,1997-03-06,9999-01-01
97493,Sajjad,Jonsson,Staff,1999-06-25,9999-01-01
97499,Tze,Lorin,Technique Leader,1991-04-04,9999-01-01
97527,Dzung,Bierman,Engineer,1993-04-17,1998-04-17
97527,Dzung,Bierman,Senior Engineer,1998-04-17,9999-01-01
97532,Arnd,Cools,Senior Staff,1998-09-06,9999-01-01
97532,Arnd,Cools,Staff,1990-09-06,1998-09-06
97535,Hironoby,Sherertz,Senior Engineer,1995-06-21,9999-01-01
97568,Tran,Randi,Engineer,1987-03-23,1995-03-23
97568,Tran,Randi,Senior Engineer,1995-03-23,1998-11-07
97579,Tayeb,Puppo,Staff,1993-10-10,1997-01-20
97591,Piyawadee,Thorensen,Engineer,1996-01-05,2001-01-04
97591,Piyawadee,Thorensen,Senior Engineer,2001-01-04,9999-01-01
97596,Caolyn,Schmittgen,Technique Leader,1986-10-04,9999-01-01
97597,Munehiko,Neimat,Senior Engineer,1991-07-13,9999-01-01
97621,Nevio,Pappas,Engineer,1986-09-20,1988-08-07
97635,Huiqun,Lunt,Engineer,1989-03-31,1993-07-15
97637,Suebskul,Mersereau,Staff,1995-10-24,9999-01-01
97656,Fatemeh,Kieras,Assistant Engineer,1993-04-04,1999-04-04
97656,Fatemeh,Kieras,Engineer,1999-04-04,9999-01-01
97662,Kwun,Matzke,Senior Staff,1997-03-25,1997-03-28
97679,Lansing,Sethi,Senior Staff,1987-04-30,9999-01-01
97688,Yifei,Zockler,Senior Staff,1998-04-02,9999-01-01
97688,Yifei,Zockler,Staff,1993-04-02,1998-04-02
97690,Jaroslava,Esposito,Senior Staff,1994-08-14,9999-01-01
97722,Rasikan,Etalle,Senior Staff,2001-07-04,9999-01-01
97722,Rasikan,Etalle,Staff,1996-07-04,2001-07-04
97753,Yongmao,Montresor,Senior Staff,1993-05-09,9999-01-01
97771,Mahmut,Erbe,Staff,1988-06-21,1996-03-28
97773,Taegyun,Gniady,Staff,1997-08-07,9999-01-01
97792,Hironobu,Erol,Senior Staff,1995-02-05,9999-01-01
97792,Hironobu,Erol,Staff,1988-02-05,1995-02-05
97805,Oscal,Lortz,Engineer,1997-09-29,9999-01-01
97806,Sadok,Segond,Staff,1998-04-17,9999-01-01
97827,Tommaso,Kalloufi,Assistant Engineer,1985-08-10,1991-08-10
97827,Tommaso,Kalloufi,Engineer,1991-08-10,1997-08-09
97827,Tommaso,Kalloufi,Senior Engineer,1997-08-09,9999-01-01
97874,Mabhin,Eterovic,Senior Engineer,1985-07-28,9999-01-01
97880,Babette,Benzmuller,Engineer,1988-12-15,1995-12-16
97880,Babette,Benzmuller,Senior Engineer,1995-12-16,9999-01-01
97915,Moriyoshi,Montresor,Staff,1997-05-09,9999-01-01
97919,Xuedong,Vingron,Technique Leader,1999-07-20,2001-08-27
97937,Olivera,Rothenberg,Engineer,1999-02-19,9999-01-01
97957,Jaihie,Ferriere,Assistant Engineer,1991-09-01,1998-09-01
97957,Jaihie,Ferriere,Engineer,1998-09-01,9999-01-01
97969,Gay,Lieberherr,Senior Engineer,1998-03-31,9999-01-01
97971,Vidya,Zweizig,Engineer,1986-12-22,1988-11-26
97991,Munir,Linares,Staff,1997-08-28,9999-01-01
97993,Kazuhiko,Klassen,Engineer,1993-12-16,9999-01-01
98004,Krister,Cyre,Engineer,1990-10-24,1998-10-24
98004,Krister,Cyre,Senior Engineer,1998-10-24,9999-01-01
98049,Tsvetan,Butterworth,Engineer,1998-09-17,9999-01-01
98051,Vivian,Mondadori,Engineer,1985-06-21,1991-06-21
98051,Vivian,Mondadori,Senior Engineer,1991-06-21,9999-01-01
98084,Miquel,Perez,Assistant Engineer,1994-08-17,1999-04-18
98086,Elvis,Levergood,Staff,1997-02-27,9999-01-01
98099,Radhia,Oxenboll,Senior Staff,2001-02-04,9999-01-01
98099,Radhia,Oxenboll,Staff,1992-02-05,2001-02-04
98148,Bangqing,Mansanne,Staff,1996-11-03,9999-01-01
98170,Akeno,Georgatos,Senior Staff,1998-09-05,9999-01-01
98170,Akeno,Georgatos,Staff,1993-09-05,1998-09-05
98184,Tadahiro,Waymire,Senior Staff,1999-04-22,9999-01-01
98186,Sreekrishna,Janetzko,Senior Engineer,1985-12-01,9999-01-01
98193,Jianhua,Zschoche,Senior Staff,1997-05-03,9999-01-01
98193,Jianhua,Zschoche,Staff,1989-05-03,1997-05-03
98203,Ibibia,Usery,Engineer,1997-04-20,9999-01-01
98224,Leandro,Stentiford,Senior Staff,1985-02-13,9999-01-01
98239,Mitsuyuki,Francisci,Senior Staff,1997-09-03,2002-02-17
98239,Mitsuyuki,Francisci,Staff,1992-09-03,1997-09-03
98243,Gio,Azulay,Staff,1996-10-07,9999-01-01
98277,Mari,Versino,Staff,1999-05-24,9999-01-01
98298,Eldridge,Luft,Staff,1994-11-09,9999-01-01
98312,Shuichi,Erdi,Staff,1997-02-04,9999-01-01
98314,Hinrich,Stifter,Staff,1997-06-21,2001-08-09
98318,Gian,Portugali,Engineer,1993-07-08,2000-07-08
98318,Gian,Portugali,Senior Engineer,2000-07-08,9999-01-01
98321,Mariusz,Delaune,Engineer,1985-11-27,1990-11-27
98321,Mariusz,Delaune,Senior Engineer,1990-11-27,9999-01-01
98327,Shmuel,Jiang,Staff,1986-10-06,1987-12-13
98328,Ronnie,Goldhammer,Technique Leader,1989-12-18,9999-01-01
98348,Parto,Adachi,Senior Staff,1998-12-02,9999-01-01
98348,Parto,Adachi,Staff,1990-12-02,1998-12-02
98349,Mary,Brookner,Senior Staff,1995-08-15,9999-01-01
98349,Mary,Brookner,Staff,1986-08-15,1995-08-15
98357,Bowen,Fetvedt,Engineer,1996-01-04,2001-01-07
98367,Jessie,Hopewell,Senior Staff,1996-12-30,9999-01-01
98367,Jessie,Hopewell,Staff,1990-12-31,1996-12-30
98390,Richara,Porotnikoff,Senior Engineer,1986-01-29,1990-05-08
98404,Marie,Zweizig,Staff,1990-07-23,1995-03-09
98450,Lansing,Kitai,Senior Engineer,1985-06-09,9999-01-01
98465,Subhash,Kinley,Engineer,1993-04-24,1999-04-24
98465,Subhash,Kinley,Senior Engineer,1999-04-24,9999-01-01
98480,Jolita,Ratnakar,Engineer,1989-11-14,1995-11-14
98480,Jolita,Ratnakar,Senior Engineer,1995-11-14,9999-01-01
98499,Elrique,Lupu,Assistant Engineer,1994-07-31,2000-07-30
98499,Elrique,Lupu,Engineer,2000-07-30,9999-01-01
98502,Gaurav,Sommen,Assistant Engineer,1988-05-26,1995-05-27
98502,Gaurav,Sommen,Engineer,1995-05-27,1996-07-08
98517,Mokhtar,Bage,Engineer,1987-06-01,1992-05-31
98517,Mokhtar,Bage,Senior Engineer,1992-05-31,9999-01-01
98521,Mana,Hiraishi,Engineer,1986-05-28,1993-05-28
98521,Mana,Hiraishi,Senior Engineer,1993-05-28,9999-01-01
98529,Shem,Gyorkos,Engineer,1999-02-22,2002-04-05
98531,Valter,Munoz,Staff,1998-02-23,9999-01-01
98544,Hilari,Joslin,Engineer,1988-12-03,1994-12-03
98544,Hilari,Joslin,Senior Engineer,1994-12-03,9999-01-01
98545,Kiam,Varker,Engineer,1987-12-23,1992-09-09
98550,Pohua,Radhakrishnan,Senior Staff,1998-08-22,9999-01-01
98550,Pohua,Radhakrishnan,Staff,1990-08-22,1998-08-22
98567,Moss,Krohm,Senior Staff,1999-09-14,9999-01-01
98581,Ravishankar,Solares,Technique Leader,1994-04-26,2000-01-19
98616,Jaewon,Honglei,Senior Staff,1991-05-04,9999-01-01
98632,Kankanahalli,Gajiwala,Senior Engineer,1989-06-24,9999-01-01
98635,Masasuke,Rodier,Staff,1998-03-05,9999-01-01
98659,Ottavia,Haraldson,Engineer,1990-04-29,1997-04-29
98659,Ottavia,Haraldson,Senior Engineer,1997-04-29,9999-01-01
98688,Rildo,Rosay,Engineer,1993-04-19,1994-06-23
98690,Luerbio,Heyers,Senior Staff,1996-03-17,9999-01-01
98690,Luerbio,Heyers,Staff,1989-03-17,1996-03-17
98716,Sanjoy,Zockler,Senior Staff,2001-08-06,9999-01-01
98716,Sanjoy,Zockler,Staff,1992-08-06,2001-08-06
98718,Masasuke,Menhoudj,Engineer,1992-05-04,1999-05-05
98718,Masasuke,Menhoudj,Senior Engineer,1999-05-05,9999-01-01
98721,Candido,Katiyar,Assistant Engineer,1991-10-12,2000-10-11
98721,Candido,Katiyar,Engineer,2000-10-11,9999-01-01
98734,Premsyl,Kilgour,Engineer,1993-06-06,2000-06-06
98734,Premsyl,Kilgour,Senior Engineer,2000-06-06,9999-01-01
98740,Giri,Quittner,Senior Staff,1996-12-07,9999-01-01
98761,Nahid,Thimonier,Senior Engineer,1990-12-31,1995-01-17
98769,Stamatina,Linnainmaa,Staff,1994-02-16,1996-08-18
98779,Ewing,Petereit,Assistant Engineer,1987-01-31,1992-01-31
98779,Ewing,Petereit,Engineer,1992-01-31,1997-01-30
98779,Ewing,Petereit,Senior Engineer,1997-01-30,9999-01-01
98789,Bader,Kaminger,Senior Staff,2001-02-23,9999-01-01
98789,Bader,Kaminger,Staff,1993-02-23,2001-02-23
98808,Basim,Baja,Engineer,1999-12-28,9999-01-01
98824,Maris,Bernick,Technique Leader,1991-07-03,9999-01-01
98841,Byong,Cullers,Engineer,1995-11-28,2000-05-04
98846,Bowen,Zschoche,Engineer,1993-10-16,2001-10-16
98846,Bowen,Zschoche,Senior Engineer,2001-10-16,9999-01-01
98851,Panayotis,Capobianchi,Engineer,1989-10-14,1997-10-14
98851,Panayotis,Capobianchi,Senior Engineer,1997-10-14,9999-01-01
98862,Kristina,Sridhar,Senior Engineer,1999-05-28,9999-01-01
98865,Hisao,Ballarin,Senior Staff,2000-10-09,9999-01-01
98865,Hisao,Ballarin,Staff,1993-10-09,2000-10-09
98878,Spyrose,Onuegbe,Engineer,1993-06-17,1993-10-24
98896,Aleksandar,Suppi,Engineer,1990-07-10,1997-07-10
98896,Aleksandar,Suppi,Senior Engineer,1997-07-10,9999-01-01
98915,Valeska,Angel,Engineer,1997-04-20,2000-08-15
98932,Randi,Benner,Senior Staff,2001-06-03,9999-01-01
98932,Randi,Benner,Staff,1993-06-03,2001-06-03
98969,Jianhao,Kaiserswerth,Assistant Engineer,1994-09-08,2000-09-07
98969,Jianhao,Kaiserswerth,Engineer,2000-09-07,9999-01-01
98974,Kerryn,Hoogerwoord,Senior Staff,1994-03-08,9999-01-01
98974,Kerryn,Hoogerwoord,Staff,1989-03-08,1994-03-08
98994,Jovan,Barriga,Senior Staff,1993-08-12,2001-07-06
98994,Jovan,Barriga,Staff,1987-08-13,1993-08-12
99005,Fay,Benner,Senior Staff,1987-10-10,9999-01-01
99012,Marek,Kugler,Staff,1987-06-19,1988-08-16
99037,Duke,Giveon,Senior Staff,1996-03-28,9999-01-01
99037,Duke,Giveon,Staff,1989-03-28,1996-03-28
99053,Rosella,Reutenauer,Engineer,1996-09-11,9999-01-01
99056,Mads,Hertweck,Senior Staff,1992-11-17,9999-01-01
99056,Mads,Hertweck,Staff,1987-11-18,1992-11-17
99058,Kyoichi,Heyers,Staff,1997-08-07,9999-01-01
99082,Jaihie,Chinin,Senior Staff,1996-05-25,9999-01-01
99082,Jaihie,Chinin,Staff,1987-05-26,1996-05-25
99086,Erzsebet,Slobodova,Technique Leader,1986-12-19,1991-08-18
99095,Adit,Gluchowski,Engineer,1991-12-13,1997-12-12
99095,Adit,Gluchowski,Senior Engineer,1997-12-12,9999-01-01
99117,Adam,Copas,Senior Staff,1999-12-13,2001-10-01
99141,Jaana,VanScheik,Senior Staff,2000-02-23,9999-01-01
99141,Jaana,VanScheik,Staff,1992-02-23,2000-02-23
99143,Debatosh,Marchesini,Senior Staff,1987-05-22,9999-01-01
99159,Guozhong,Schrooten,Engineer,1993-05-26,1999-05-26
99159,Guozhong,Schrooten,Senior Engineer,1999-05-26,9999-01-01
99172,Chikako,Goldhammer,Staff,1997-06-22,9999-01-01
99183,Xianlong,Fordan,Engineer,1995-05-19,2002-05-19
99183,Xianlong,Fordan,Senior Engineer,2002-05-19,9999-01-01
99184,Danel,Braunmuhl,Staff,1992-01-18,1996-04-07
99203,Jiang,Rosca,Staff,1995-08-19,2000-06-22
99205,Zijian,Chelton,Senior Staff,1995-01-25,9999-01-01
99205,Zijian,Chelton,Staff,1986-01-25,1995-01-25
99218,Brigham,Unni,Senior Staff,1993-07-26,9999-01-01
99218,Brigham,Unni,Staff,1988-07-26,1993-07-26
99228,Shai,Rindone,Staff,1992-10-20,1993-09-19
99229,Horward,Morrey,Senior Engineer,1998-12-29,1999-12-25
99250,Rayond,Velasco,Engineer,1987-09-16,1995-09-16
99250,Rayond,Velasco,Senior Engineer,1995-09-16,9999-01-01
99251,Yakkov,Alpin,Senior Staff,1997-05-19,9999-01-01
99258,Akemi,Puppe,Senior Staff,1991-08-23,9999-01-01
99258,Akemi,Puppe,Staff,1986-08-23,1991-08-23
99262,Munir,Rajcani,Senior Staff,1998-11-01,9999-01-01
99262,Munir,Rajcani,Staff,1991-11-01,1998-11-01
99267,Nahla,Maliniak,Technique Leader,1997-07-10,9999-01-01
99305,Yaghout,Miyakawa,Engineer,1996-12-11,9999-01-01
99316,Paloma,Gunderson,Senior Engineer,1993-01-16,9999-01-01
99353,Arto,Merey,Engineer,1999-06-12,9999-01-01
99359,Atreyi,Rijckaert,Staff,1988-05-11,1992-11-05
99378,Toshiko,Antonakopoulos,Senior Staff,1996-12-17,9999-01-01
99378,Toshiko,Antonakopoulos,Staff,1988-12-17,1996-12-17
99382,Kasidit,Masada,Senior Staff,1993-08-15,9999-01-01
99382,Kasidit,Masada,Staff,1985-08-15,1993-08-15
99413,Masadi,Colorni,Engineer,1994-04-09,2000-04-08
99413,Masadi,Colorni,Senior Engineer,2000-04-08,9999-01-01
99414,Guadalupe,Hatcliff,Senior Engineer,1985-03-10,9999-01-01
99424,Gay,Frolund,Assistant Engineer,1992-06-11,1998-06-11
99424,Gay,Frolund,Engineer,1998-06-11,9999-01-01
99450,Ibibia,Kobuchi,Senior Staff,2002-07-01,9999-01-01
99450,Ibibia,Kobuchi,Staff,1993-07-01,2002-07-01
99453,Barton,Munro,Senior Staff,1993-10-17,9999-01-01
99453,Barton,Munro,Staff,1986-10-17,1993-10-17
99474,Fuqing,Bamford,Senior Staff,1999-04-21,9999-01-01
99482,Yurij,Langford,Senior Staff,1999-04-18,9999-01-01
99482,Yurij,Langford,Staff,1991-04-18,1999-04-18
99523,Yakichi,Fairtlough,Senior Staff,1990-09-23,9999-01-01
99533,Moty,Kemmerer,Engineer,1990-12-26,1998-12-26
99533,Moty,Kemmerer,Senior Engineer,1998-12-26,1999-03-21
99547,Yurij,Jeansoulin,Senior Staff,1998-01-09,9999-01-01
99547,Yurij,Jeansoulin,Staff,1990-01-09,1998-01-09
99549,Sashi,Barreiro,Senior Staff,1996-12-22,9999-01-01
99549,Sashi,Barreiro,Staff,1990-12-23,1996-12-22
99558,Volkmar,Roccetti,Senior Staff,1985-11-24,1986-08-26
99568,Tadahiro,Krone,Engineer,1988-07-08,1994-07-08
99568,Tadahiro,Krone,Senior Engineer,1994-07-08,2002-03-03
99573,Aluzio,Bernick,Technique Leader,1994-10-02,9999-01-01
99575,Yonghoan,Deyuan,Staff,1999-06-08,9999-01-01
99636,Sachar,Schiettecatte,Technique Leader,1995-04-21,9999-01-01
99667,Roselyn,Pusterhofer,Senior Engineer,1985-10-23,9999-01-01
99670,Arco,Zhiwei,Senior Staff,1990-06-04,9999-01-01
99670,Arco,Zhiwei,Staff,1985-06-04,1990-06-04
99680,Shaibal,Lorch,Technique Leader,1998-12-30,9999-01-01
99684,Mingzeng,Broder,Senior Staff,1995-01-28,9999-01-01
99697,Mitchel,Fadgyas,Senior Staff,1999-03-21,9999-01-01
99697,Mitchel,Fadgyas,Staff,1993-03-21,1999-03-21
99715,Uri,Raney,Engineer,1985-06-16,1990-06-16
99715,Uri,Raney,Senior Engineer,1990-06-16,1991-11-18
99721,Taizo,Cichocki,Engineer,1995-03-23,2002-03-23
99721,Taizo,Cichocki,Senior Engineer,2002-03-23,9999-01-01
99724,Padma,Himler,Assistant Engineer,1987-05-01,1988-04-13
99734,Zeydy,Krybus,Assistant Engineer,1985-04-11,1992-04-11
99734,Zeydy,Krybus,Engineer,1992-04-11,1999-04-12
99734,Zeydy,Krybus,Senior Engineer,1999-04-12,9999-01-01
99753,Turgut,Ramamoorthy,Engineer,1997-04-19,9999-01-01
99755,Teiji,Breugel,Senior Staff,1999-03-18,9999-01-01
99755,Teiji,Breugel,Staff,1990-03-18,1999-03-18
99757,Sandeepan,Huttel,Staff,1997-11-04,2000-03-15
99764,Mizuhito,Sommer,Senior Staff,1998-12-22,1999-10-15
99764,Mizuhito,Sommer,Staff,1993-12-22,1998-12-22
99787,Sanjiv,Vernadat,Senior Engineer,1995-05-07,9999-01-01
99795,Sungwon,Keohane,Staff,1998-06-03,9999-01-01
99805,Tonny,Nooteboom,Engineer,1990-06-18,1996-06-17
99805,Tonny,Nooteboom,Senior Engineer,1996-06-17,9999-01-01
99821,Mahmut,Crouzet,Senior Staff,2002-05-24,9999-01-01
99821,Mahmut,Crouzet,Staff,1997-05-24,2002-05-24
99829,Shigeichiro,Debuse,Staff,1997-08-26,1999-06-01
99847,Teiji,Panienski,Staff,1991-09-27,1998-10-20
99852,Branimir,Gubsky,Technique Leader,1988-06-10,9999-01-01
99897,Jamaludin,Baik,Senior Staff,1991-01-07,9999-01-01
99933,Spyrose,Waymire,Senior Staff,1993-03-06,9999-01-01
99933,Spyrose,Waymire,Staff,1985-03-06,1993-03-06
99952,Reinhard,Mandelberg,Engineer,1985-10-29,1990-10-29
99952,Reinhard,Mandelberg,Senior Engineer,1990-10-29,1998-05-09
99964,Maia,Levasseur,Senior Staff,2001-02-01,9999-01-01
99964,Maia,Levasseur,Staff,1992-02-02,2001-02-01
99970,Nechama,Heydon,Engineer,1990-10-31,1995-10-31
99970,Nechama,Heydon,Senior Engineer,1995-10-31,9999-01-01
99978,Adamantios,Tagansky,Engineer,1993-06-25,2002-06-25
99978,Adamantios,Tagansky,Senior Engineer,2002-06-25,9999-01-01
99982,Junsik,Hitomi,Senior Staff,1994-01-01,9999-01-01
99982,Junsik,Hitomi,Staff,1989-01-01,1994-01-01
99992,Giordano,Eickenmeyer,Staff,1999-06-16,9999-01-01
99995,Eckart,Usdin,Senior Engineer,1987-11-19,9999-01-01
100000,Hiroyasu,Emden,Senior Staff,1991-07-02,9999-01-01
100006,Janalee,Himler,Engineer,1986-01-15,1993-01-15
100006,Janalee,Himler,Senior Engineer,1993-01-15,9999-01-01
100011,Shmuel,Birge,Senior Engineer,1989-11-23,9999-01-01
100016,Yishai,Schnabel,Senior Staff,1997-06-25,9999-01-01
100016,Yishai,Schnabel,Staff,1988-06-25,1997-06-25
100020,Pramod,Pelc,Senior Staff,1994-03-01,9999-01-01
100020,Pramod,Pelc,Staff,1987-03-01,1994-03-01
100030,Beshir,Yoshimura,Engineer,1996-02-13,2002-02-12
100030,Beshir,Yoshimura,Senior Engineer,2002-02-12,9999-01-01
100034,Takahiro,Middleton,Senior Staff,2000-10-07,9999-01-01
100034,Takahiro,Middleton,Staff,1992-10-07,2000-10-07
100050,Kristina,Marakhovsky,Technique Leader,1989-12-22,9999-01-01
100054,Koldo,Flexer,Staff,1994-10-15,9999-01-01
100057,Gal,Malabarba,Senior Staff,1994-03-12,9999-01-01
100057,Gal,Malabarba,Staff,1988-03-12,1994-03-12
100067,Henk,Barinka,Staff,1992-04-19,1996-10-01
100070,Kazuhiro,Shokrollahi,Engineer,1987-09-30,1994-09-30
100070,Kazuhiro,Shokrollahi,Senior Engineer,1994-09-30,9999-01-01
100093,Shaowei,Serre,Technique Leader,1987-04-11,9999-01-01
100098,Shem,Escriba,Engineer,1996-11-07,9999-01-01
100099,Shigeo,Jullig,Senior Staff,2000-04-14,9999-01-01
100099,Shigeo,Jullig,Staff,1994-04-15,2000-04-14
100100,Sakthirel,Caine,Technique Leader,1998-03-30,9999-01-01
100149,Chiradeep,Hiraishi,Engineer,1991-12-16,1993-04-30
100167,Gou,Crabtree,Engineer,1988-12-17,1997-12-17
100167,Gou,Crabtree,Senior Engineer,1997-12-17,9999-01-01
100198,Lunjin,Swab,Engineer,1995-03-02,2000-10-13
100223,Masasuke,Chenney,Engineer,1985-06-17,1992-06-17
100223,Masasuke,Chenney,Senior Engineer,1992-06-17,9999-01-01
100227,Chenye,Stanger,Senior Staff,1986-08-19,9999-01-01
100242,Janche,Baak,Senior Engineer,1997-01-07,9999-01-01
100247,Siddarth,Sethi,Engineer,1988-01-15,1993-01-14
100247,Siddarth,Sethi,Senior Engineer,1993-01-14,9999-01-01
100288,Indrajit,Antonakopoulos,Senior Staff,1994-05-25,9999-01-01
100288,Indrajit,Antonakopoulos,Staff,1987-05-25,1994-05-25
100302,Hilary,Salverda,Senior Staff,1991-05-29,9999-01-01
100302,Hilary,Salverda,Staff,1986-05-29,1991-05-29
100320,Xiaopeng,Morton,Engineer,1999-02-11,2002-04-07
100342,Waiman,Suri,Staff,1997-10-19,9999-01-01
100344,Amstein,Penz,Senior Staff,1991-06-23,9999-01-01
100344,Amstein,Penz,Staff,1985-06-23,1991-06-23
100357,Hairong,Shiratori,Engineer,1997-04-21,9999-01-01
100367,Yucai,Maraist,Engineer,1998-03-16,9999-01-01
100368,Sadegh,Velasco,Engineer,1998-12-14,9999-01-01
100369,Ramachenga,Weisert,Assistant Engineer,1985-05-30,1994-05-30
100369,Ramachenga,Weisert,Engineer,1994-05-30,1996-05-27
100397,Godehard,Meriste,Engineer,1992-10-13,2000-10-13
100397,Godehard,Meriste,Senior Engineer,2000-10-13,9999-01-01
100412,Irene,Serot,Senior Staff,1997-10-28,9999-01-01
100430,Mayuko,Ulupinar,Engineer,1991-03-18,1992-04-08
100440,Xiong,Ranka,Engineer,1989-01-28,1998-01-28
100440,Xiong,Ranka,Senior Engineer,1998-01-28,9999-01-01
100457,Mani,Atchley,Engineer,1988-12-30,1993-12-30
100457,Mani,Atchley,Senior Engineer,1993-12-30,9999-01-01
100472,Marjo,Kowalchuk,Engineer,1997-08-16,2002-01-27
100493,Ger,Hashii,Senior Staff,1986-03-31,9999-01-01
100506,Sverrir,Sgarro,Engineer,1995-09-16,2000-03-21
100514,Arnould,Jonsson,Engineer,1992-03-10,2000-03-10
100514,Arnould,Jonsson,Senior Engineer,2000-03-10,9999-01-01
100550,Satyanarayana,Zucker,Engineer,1992-02-02,2000-02-02
100550,Satyanarayana,Zucker,Senior Engineer,2000-02-02,9999-01-01
100552,Giao,Herbst,Assistant Engineer,1993-11-09,9999-01-01
100567,Zsolt,Rettelbach,Engineer,1998-06-03,9999-01-01
100573,Domenick,Erbe,Senior Staff,1995-07-11,1996-11-19
100573,Domenick,Erbe,Staff,1990-07-11,1995-07-11
100587,Alain,Hettesheimer,Assistant Engineer,1986-12-10,1993-12-10
100587,Alain,Hettesheimer,Engineer,1993-12-10,2000-12-10
100587,Alain,Hettesheimer,Senior Engineer,2000-12-10,2002-04-15
100589,Lokesh,Whitcomb,Assistant Engineer,1985-05-09,1990-05-09
100589,Lokesh,Whitcomb,Engineer,1990-05-09,1995-05-09
100589,Lokesh,Whitcomb,Senior Engineer,1995-05-09,9999-01-01
100627,Ottavia,Meszaros,Senior Staff,1989-10-31,9999-01-01
100628,Arno,Ashish,Senior Staff,1999-04-22,9999-01-01
100628,Arno,Ashish,Staff,1993-04-22,1999-04-22
100636,Serap,Snedden,Engineer,1988-01-19,1996-01-19
100636,Serap,Snedden,Senior Engineer,1996-01-19,9999-01-01
100641,Aamod,Rosti,Senior Engineer,1995-04-09,9999-01-01
100649,Keung,Marrakchi,Engineer,1996-03-15,9999-01-01
100658,Uma,Antonakopoulos,Senior Staff,1999-05-15,9999-01-01
100658,Uma,Antonakopoulos,Staff,1993-05-15,1999-05-15
100668,Basem,Melski,Engineer,1986-08-12,1991-05-08
100669,Shakhar,Trachtenberg,Senior Staff,1991-11-07,9999-01-01
100669,Shakhar,Trachtenberg,Staff,1985-11-07,1991-11-07
100683,Charmane,Muhling,Engineer,1989-10-06,1994-10-06
100683,Charmane,Muhling,Senior Engineer,1994-10-06,9999-01-01
100693,Toong,Kaelbling,Senior Staff,1988-05-22,9999-01-01
100704,Zhanqiu,Mandelberg,Senior Staff,1999-09-26,9999-01-01
100704,Zhanqiu,Mandelberg,Staff,1994-09-26,1999-09-26
100713,Lech,Pena,Senior Staff,1996-11-23,9999-01-01
100713,Lech,Pena,Staff,1987-11-24,1996-11-23
100714,Boriana,Uhrik,Engineer,1994-03-31,1999-03-31
100714,Boriana,Uhrik,Senior Engineer,1999-03-31,9999-01-01
100734,Serenella,Selvestrel,Engineer,1994-07-16,2002-07-16
100734,Serenella,Selvestrel,Senior Engineer,2002-07-16,9999-01-01
100745,Idoia,Leuchs,Senior Staff,1999-03-12,9999-01-01
100764,Uzi,Randi,Engineer,1987-02-04,1993-02-03
100764,Uzi,Randi,Senior Engineer,1993-02-03,9999-01-01
100766,Supot,Rosen,Senior Staff,1991-10-17,9999-01-01
100767,Shahaf,Vasanthakumar,Technique Leader,1992-10-14,9999-01-01
100781,Tamiya,Tramer,Engineer,1994-02-13,1999-02-13
100781,Tamiya,Tramer,Senior Engineer,1999-02-13,9999-01-01
100796,Xinglin,Waleschkowski,Senior Engineer,1988-12-08,1996-11-30
100818,Fusako,Comte,Senior Staff,1997-12-25,9999-01-01
100818,Fusako,Comte,Staff,1992-12-25,1997-12-25
100831,Dhritiman,Vandervoorde,Engineer,1990-08-01,1995-08-01
100831,Dhritiman,Vandervoorde,Senior Engineer,1995-08-01,9999-01-01
100835,Masako,Guenter,Senior Staff,1995-07-18,9999-01-01
100835,Masako,Guenter,Staff,1986-07-18,1995-07-18
100837,Anneke,Munke,Senior Staff,1992-12-13,9999-01-01
100844,Kristinn,Zizka,Senior Engineer,1997-11-01,9999-01-01
100855,Gou,Gulik,Senior Staff,1998-09-06,9999-01-01
100855,Gou,Gulik,Staff,1989-09-06,1998-09-06
100857,Kristof,Standera,Technique Leader,1989-03-27,9999-01-01
100859,Martien,Schwartzbauer,Staff,1989-01-04,1994-11-04
100870,Alois,Varley,Engineer,1992-12-25,1999-12-26
100870,Alois,Varley,Senior Engineer,1999-12-26,9999-01-01
100883,Geoff,Puppo,Senior Staff,1998-11-04,9999-01-01
100885,Frederique,Kamber,Technique Leader,1995-06-06,9999-01-01
100904,Make,Fadgyas,Engineer,1995-10-18,1999-07-14
100909,Utpal,Llado,Senior Staff,1998-10-29,9999-01-01
100909,Utpal,Llado,Staff,1993-10-30,1998-10-29
100950,Kazuhisa,Vilarrasa,Senior Staff,1999-12-22,9999-01-01
100950,Kazuhisa,Vilarrasa,Staff,1990-12-22,1999-12-22
100957,Alain,Bael,Staff,1998-11-06,9999-01-01
100961,Marke,Penttonen,Senior Staff,1993-03-08,9999-01-01
100961,Marke,Penttonen,Staff,1987-03-09,1993-03-08
100962,Kristian,Dratva,Assistant Engineer,1998-06-09,2001-06-16
100970,George,Khalid,Staff,1998-10-16,9999-01-01
101023,Marjo,Winter,Senior Staff,2001-11-21,9999-01-01
101023,Marjo,Winter,Staff,1994-11-21,2001-11-21
101035,Shiv,Akaboshi,Engineer,1989-07-14,1995-07-08
101055,Jayesh,Krybus,Engineer,1994-08-22,1997-10-28
101070,Fun,Lorcy,Senior Staff,1992-03-28,9999-01-01
101070,Fun,Lorcy,Staff,1985-03-28,1992-03-28
101089,Hirochika,Cmelik,Staff,1998-12-09,9999-01-01
101090,Aamer,Tchuente,Engineer,1986-08-18,1993-08-18
101090,Aamer,Tchuente,Senior Engineer,1993-08-18,9999-01-01
101092,Genki,Giaccio,Senior Engineer,1998-04-14,9999-01-01
101094,Yurij,Hinsberger,Staff,1997-02-14,9999-01-01
101105,Pragnesh,Panwar,Engineer,1988-09-02,1997-09-02
101105,Pragnesh,Panwar,Senior Engineer,1997-09-02,9999-01-01
101113,Vugranam,Raczkowsky,Engineer,1999-02-04,9999-01-01
101128,Sedat,Veccia,Senior Staff,2002-01-03,9999-01-01
101128,Sedat,Veccia,Staff,1995-01-03,2002-01-03
101147,Heon,Shackell,Engineer,1997-07-22,9999-01-01
101157,Amstein,Hasenauer,Staff,1998-12-27,2002-02-15
101160,Nahid,Templeman,Assistant Engineer,1991-07-09,1996-07-08
101160,Nahid,Templeman,Engineer,1996-07-08,2001-07-08
101160,Nahid,Templeman,Senior Engineer,2001-07-08,9999-01-01
101163,Huiqun,Schmezko,Senior Staff,1993-06-01,9999-01-01
101163,Huiqun,Schmezko,Staff,1987-06-02,1993-06-01
101179,Susanta,Kambil,Technique Leader,1987-02-05,1994-10-12
101181,Adit,Hatcliff,Engineer,1991-04-20,1996-04-19
101181,Adit,Hatcliff,Senior Engineer,1996-04-19,9999-01-01
101186,Aleksandar,Stemann,Senior Staff,1992-10-24,9999-01-01
101186,Aleksandar,Stemann,Staff,1987-10-25,1992-10-24
101208,Shaowei,Petersohn,Technique Leader,1999-10-01,9999-01-01
101211,Kazuhide,Werthner,Senior Staff,1997-10-20,9999-01-01
101211,Kazuhide,Werthner,Staff,1989-10-20,1997-10-20
101217,Utpal,Colorni,Staff,1999-11-22,9999-01-01
101279,Fatemeh,Oehlmann,Staff,1999-05-13,9999-01-01
101292,Aruna,Verhaegen,Senior Staff,1990-11-01,9999-01-01
101292,Aruna,Verhaegen,Staff,1985-11-01,1990-11-01
101318,Nitsan,Piancastelli,Senior Staff,2000-12-16,9999-01-01
101318,Nitsan,Piancastelli,Staff,1993-12-16,2000-12-16
101329,Gilbert,Millington,Engineer,1994-08-26,2000-08-25
101329,Gilbert,Millington,Senior Engineer,2000-08-25,9999-01-01
101363,Hugh,Khalil,Assistant Engineer,1996-01-02,2002-01-01
101363,Hugh,Khalil,Engineer,2002-01-01,9999-01-01
101390,Ulf,Perin,Engineer,1998-01-30,9999-01-01
101410,Kensei,Luce,Senior Staff,1996-12-13,1999-01-29
101410,Kensei,Luce,Staff,1989-12-13,1996-12-13
101415,Huiqun,Mikschl,Engineer,1988-08-31,1991-04-26
101422,Hilary,Zaumen,Senior Engineer,1989-08-06,9999-01-01
101429,Djenana,Begiun,Engineer,1995-11-27,2001-11-26
101429,Djenana,Begiun,Senior Engineer,2001-11-26,9999-01-01
101435,Saeko,Vidal,Senior Staff,2000-04-30,9999-01-01
101435,Saeko,Vidal,Staff,1992-04-30,2000-04-30
101457,Kersti,Lundstrom,Staff,1988-04-15,1991-03-04
101463,Cheong,Tibblin,Engineer,1986-07-30,1993-07-30
101463,Cheong,Tibblin,Senior Engineer,1993-07-30,9999-01-01
101480,Baocai,Plavsic,Engineer,1988-01-10,1996-01-10
101480,Baocai,Plavsic,Senior Engineer,1996-01-10,9999-01-01
101483,Phule,Bernini,Staff,1998-10-30,9999-01-01
101488,Genki,Horswill,Senior Staff,1987-07-23,9999-01-01
101511,Stevo,Birrer,Senior Staff,1997-08-09,9999-01-01
101511,Stevo,Birrer,Staff,1991-08-10,1997-08-09
101513,Paris,Brodie,Senior Staff,1992-05-13,9999-01-01
101569,Chiranjit,Gecsei,Senior Staff,1988-01-10,9999-01-01
101571,Mrinalini,Murillo,Staff,1998-09-06,9999-01-01
101578,Huei,Greibach,Engineer,1989-11-12,1995-11-12
101578,Huei,Greibach,Senior Engineer,1995-11-12,9999-01-01
101619,Khalil,Rosca,Engineer,1990-02-01,1996-02-01
101619,Khalil,Rosca,Senior Engineer,1996-02-01,1998-01-29
101625,Maha,Bouloucos,Senior Staff,2000-12-08,9999-01-01
101625,Maha,Bouloucos,Staff,1992-12-08,2000-12-08
101642,Howell,Fujisaki,Engineer,1997-05-06,9999-01-01
101645,Leucio,Sluis,Assistant Engineer,1985-06-25,1992-06-25
101645,Leucio,Sluis,Engineer,1992-06-25,1999-06-26
101645,Leucio,Sluis,Senior Engineer,1999-06-26,9999-01-01
101661,Ortrun,Rahier,Assistant Engineer,1999-11-09,9999-01-01
101682,Marek,Navazio,Engineer,1999-09-23,9999-01-01
101697,Nishit,Guenter,Engineer,1996-07-31,1996-08-06
101698,Danco,Christ,Senior Staff,1997-09-28,9999-01-01
101698,Danco,Christ,Staff,1989-09-28,1997-09-28
101723,Nevin,Khalil,Senior Staff,1986-10-22,9999-01-01
101724,Mari,Bernardeschi,Senior Staff,1986-06-28,9999-01-01
101747,Kwok,Gammage,Engineer,1996-09-16,1999-04-16
101749,Xiahua,McAlpine,Senior Staff,1991-02-12,9999-01-01
101749,Xiahua,McAlpine,Staff,1986-02-12,1991-02-12
101752,Weidon,Frezza,Staff,1994-10-15,1995-06-01
101753,Mary,Biron,Senior Staff,1993-01-25,9999-01-01
101753,Mary,Biron,Staff,1987-01-26,1993-01-25
101763,Sanjit,Vecchio,Senior Staff,1998-06-22,9999-01-01
101763,Sanjit,Vecchio,Staff,1991-06-22,1998-06-22
101766,Radoslaw,Sankaranarayanan,Engineer,1995-12-20,9999-01-01
101797,Shuho,Scharstein,Assistant Engineer,1992-10-19,1998-10-19
101797,Shuho,Scharstein,Engineer,1998-10-19,9999-01-01
101810,Yuguang,Ramsay,Senior Engineer,1998-10-20,9999-01-01
101823,Arfst,Veeraraghavan,Senior Engineer,1995-05-18,1998-09-22
101832,Toshimi,Hennings,Senior Staff,1999-10-10,9999-01-01
101860,Jouni,Hellwagner,Staff,1998-12-28,1999-11-17
101880,Val,Potthoff,Staff,1992-05-12,1997-03-14
101904,Xinglin,Kawashimo,Engineer,1992-04-28,1998-04-28
101904,Xinglin,Kawashimo,Senior Engineer,1998-04-28,9999-01-01
101910,Tsvetan,Muntz,Senior Staff,2000-04-03,9999-01-01
101910,Tsvetan,Muntz,Staff,1995-04-04,2000-04-03
101922,Anoosh,Passino,Engineer,1993-02-04,2002-02-04
101922,Anoosh,Passino,Senior Engineer,2002-02-04,9999-01-01
101925,Duri,Apsitis,Engineer,1985-07-10,1991-07-10
101925,Duri,Apsitis,Senior Engineer,1991-07-10,9999-01-01
101930,Tamiya,Roohalamini,Senior Staff,1992-07-22,1999-01-04
101930,Tamiya,Roohalamini,Staff,1987-07-23,1992-07-22
101931,Francesca,Birdsall,Engineer,1995-09-01,9999-01-01
101937,Eben,Murtha,Senior Engineer,1990-08-06,9999-01-01
101943,Foong,Whittlesey,Senior Staff,1995-12-20,9999-01-01
101947,Lidong,Anily,Engineer,1993-06-02,2001-06-02
101947,Lidong,Anily,Senior Engineer,2001-06-02,9999-01-01
101962,Mana,Etalle,Engineer,1995-01-09,2002-01-09
101962,Mana,Etalle,Senior Engineer,2002-01-09,9999-01-01
101964,Gretta,Aloia,Staff,1997-01-16,2000-06-20
101976,Barton,Millington,Engineer,1995-10-11,2001-10-10
101976,Barton,Millington,Senior Engineer,2001-10-10,9999-01-01
101977,Gila,Shiratori,Engineer,1996-08-22,1998-02-13
102017,Haldon,Birdsall,Engineer,1993-11-30,1996-03-06
102025,Nirmal,Siepmann,Engineer,1997-06-21,1999-03-13
102043,Fun,Michaels,Engineer,1989-10-08,1998-10-08
102043,Fun,Michaels,Senior Engineer,1998-10-08,2000-08-04
102046,Jaroslava,Castellani,Senior Staff,1995-04-06,9999-01-01
102046,Jaroslava,Castellani,Staff,1990-04-06,1995-04-06
102055,Moheb,McConalogue,Senior Staff,1998-08-04,9999-01-01
102055,Moheb,McConalogue,Staff,1992-08-04,1998-08-04
102056,Alper,Gire,Engineer,1993-11-10,1997-04-08
102060,Arco,Erva,Engineer,1997-11-08,9999-01-01
102089,Suzette,Nitsche,Engineer,1986-03-12,1992-03-11
102089,Suzette,Nitsche,Senior Engineer,1992-03-11,9999-01-01
102100,Alair,Birrer,Staff,1998-12-17,9999-01-01
102114,Yurij,Bisiani,Staff,1997-03-11,9999-01-01
102128,Shuho,Rothe,Engineer,1990-03-18,1994-07-10
102156,Marc,Honglei,Engineer,1993-02-01,2001-02-01
102156,Marc,Honglei,Senior Engineer,2001-02-01,9999-01-01
102161,Ronnie,Mitzlaff,Senior Staff,2001-02-14,9999-01-01
102161,Ronnie,Mitzlaff,Staff,1992-02-15,2001-02-14
102163,Guenter,Shobatake,Senior Engineer,1985-04-10,9999-01-01
102167,Lenore,Syang,Engineer,1986-05-07,1992-05-06
102167,Lenore,Syang,Senior Engineer,1992-05-06,9999-01-01
102170,Erzsebet,Fontet,Senior Staff,1996-05-31,9999-01-01
102170,Erzsebet,Fontet,Staff,1988-05-31,1996-05-31
102175,Aiman,Asmuth,Senior Engineer,1987-07-19,9999-01-01
102178,Luerbio,Homond,Senior Staff,1995-05-08,9999-01-01
102178,Luerbio,Homond,Staff,1989-05-08,1995-05-08
102183,Mizuhito,Hammerschmidt,Engineer,1993-03-24,1999-03-24
102183,Mizuhito,Hammerschmidt,Senior Engineer,1999-03-24,9999-01-01
102190,Rosli,Pavlopoulou,Senior Staff,1995-12-19,1999-10-21
102190,Rosli,Pavlopoulou,Staff,1989-12-19,1995-12-19
102203,Kensyu,Adachi,Senior Staff,1992-07-07,1996-11-15
102218,Miomir,Billawala,Senior Staff,2002-02-07,9999-01-01
102218,Miomir,Billawala,Staff,1997-02-07,2002-02-07
102244,Weidon,Edelhoff,Senior Engineer,1985-08-29,9999-01-01
102254,Candido,Beznosov,Staff,1997-08-20,9999-01-01
102269,Marl,Gecsel,Staff,1996-04-13,1997-05-12
102284,Fabrizio,Remmele,Senior Staff,1991-02-21,9999-01-01
102284,Fabrizio,Remmele,Staff,1985-02-21,1991-02-21
102285,Sampalli,Koblick,Senior Staff,1991-07-19,9999-01-01
102310,Nigel,Bruckman,Staff,1998-02-06,9999-01-01
102312,Sugwoo,Attimonelli,Senior Staff,1992-07-21,9999-01-01
102312,Sugwoo,Attimonelli,Staff,1987-07-22,1992-07-21
102316,Shakhar,Sadowski,Engineer,1998-05-07,9999-01-01
102321,Uli,Karcich,Senior Engineer,1990-06-22,9999-01-01
102326,Miomir,Lorie,Staff,1997-05-09,9999-01-01
102338,Sukumar,Moffat,Staff,1996-05-06,1999-07-25
102342,Werner,Erni,Engineer,1989-07-30,1996-07-30
102342,Werner,Erni,Senior Engineer,1996-07-30,9999-01-01
102352,Przemyslawa,Vasanthakumar,Senior Staff,1993-05-22,9999-01-01
102352,Przemyslawa,Vasanthakumar,Staff,1988-05-22,1993-05-22
102361,Hironobu,Rosay,Engineer,1990-09-01,1995-09-01
102361,Hironobu,Rosay,Senior Engineer,1995-09-01,9999-01-01
102364,Adil,Smeets,Senior Staff,1993-11-30,9999-01-01
102364,Adil,Smeets,Staff,1985-11-30,1993-11-30
102367,Abdelaziz,Leivant,Senior Staff,1992-07-14,9999-01-01
102368,Mayumi,Bharadwaj,Assistant Engineer,1985-09-21,1991-09-21
102368,Mayumi,Bharadwaj,Engineer,1991-09-21,1997-09-20
102368,Mayumi,Bharadwaj,Senior Engineer,1997-09-20,9999-01-01
102382,Ennio,Crouzet,Engineer,1988-11-28,1996-11-28
102382,Ennio,Crouzet,Senior Engineer,1996-11-28,9999-01-01
102393,Sahrah,Tasistro,Senior Staff,1990-12-28,1994-02-23
102399,Jenwei,Gladwell,Engineer,1995-07-06,9999-01-01
102402,Chandrasekaran,Lamma,Assistant Engineer,1997-09-14,9999-01-01
102408,Reinhold,Munos,Staff,1999-08-27,9999-01-01
102413,Mechthild,Morrow,Senior Engineer,1993-02-18,9999-01-01
102414,Tsz,Monkewich,Senior Staff,1988-01-15,9999-01-01
102425,Leucio,Bierman,Staff,1999-10-03,9999-01-01
102437,Mitchel,Czap,Engineer,1995-04-22,9999-01-01
102443,Xinglin,Snedden,Senior Staff,1993-04-30,9999-01-01
102443,Xinglin,Snedden,Staff,1985-04-30,1993-04-30
102457,Boalin,Sidhu,Senior Staff,1997-07-24,9999-01-01
102457,Boalin,Sidhu,Staff,1988-07-24,1997-07-24
102474,Chuanti,Sidhu,Senior Staff,1998-05-18,9999-01-01
102474,Chuanti,Sidhu,Staff,1992-05-18,1998-05-18
102501,Martien,Matzov,Staff,1998-07-06,9999-01-01
102509,Filipe,Berendt,Engineer,1996-09-30,9999-01-01
102540,Haldun,Badache,Engineer,1989-06-06,1998-06-06
102540,Haldun,Badache,Senior Engineer,1998-06-06,9999-01-01
102554,Moon,Varley,Staff,1998-01-01,1998-06-15
102555,Gregory,Manderick,Staff,1998-01-19,9999-01-01
102567,Kasturi,Spinelli,Senior Staff,1995-11-22,9999-01-01
102567,Kasturi,Spinelli,Staff,1988-11-21,1995-11-22
102578,Flemming,McConalogue,Technique Leader,1999-02-17,9999-01-01
102581,Augustine,Piveteau,Senior Staff,2000-09-16,9999-01-01
102581,Augustine,Piveteau,Staff,1993-09-16,2000-09-16
102593,Baruch,Conia,Engineer,1991-12-04,1999-12-04
102593,Baruch,Conia,Senior Engineer,1999-12-04,9999-01-01
102601,Arvin,Bugrara,Senior Staff,1996-10-29,1999-04-27
102610,Renee,Encarnacion,Engineer,1992-07-05,1997-08-06
102612,Weicheng,Nergos,Senior Staff,1997-06-21,9999-01-01
102612,Weicheng,Nergos,Staff,1991-06-22,1997-06-21
102641,Srinidhi,Hammerschmidt,Senior Staff,1988-02-15,9999-01-01
102668,Chiranjit,Schauser,Staff,1994-12-16,9999-01-01
102671,Hilari,Chenoweth,Senior Engineer,1992-04-10,9999-01-01
102690,Margo,Stemann,Engineer,1989-08-24,1995-08-24
102690,Margo,Stemann,Senior Engineer,1995-08-24,9999-01-01
102693,Gal,Koshiba,Senior Engineer,1994-02-23,1995-01-01
102732,Kazuhide,Shrader,Engineer,1995-07-09,9999-01-01
102734,Woody,Aamodt,Engineer,1995-09-23,9999-01-01
102744,Zijian,Heydon,Staff,1999-05-09,9999-01-01
102752,Manibrata,Kamber,Staff,1995-01-12,9999-01-01
102753,Wuxu,Kossowski,Engineer,1992-10-30,1998-10-30
102753,Wuxu,Kossowski,Senior Engineer,1998-10-30,9999-01-01
102819,Indrajit,Jonsson,Senior Staff,1988-04-25,9999-01-01
102835,Kazuhide,Marrakchi,Senior Staff,1999-06-16,9999-01-01
102835,Kazuhide,Marrakchi,Staff,1990-06-16,1999-06-16
102872,Yongdong,Melski,Senior Staff,2000-04-19,9999-01-01
102872,Yongdong,Melski,Staff,1991-04-20,2000-04-19
102878,Hilary,Rousseau,Engineer,1988-10-01,1996-10-01
102878,Hilary,Rousseau,Senior Engineer,1996-10-01,1997-11-30
102898,Jixiang,Wolniewicz,Technique Leader,1986-03-27,9999-01-01
102908,Genta,Eiter,Staff,1991-09-12,1992-09-10
102909,Arunas,Pesch,Engineer,1997-09-20,9999-01-01
102919,Luigi,Lunt,Engineer,1988-09-13,1996-09-13
102919,Luigi,Lunt,Senior Engineer,1996-09-13,9999-01-01
102927,Hideo,Przulj,Engineer,1996-04-30,1999-06-24
102933,Yakichi,Steinauer,Senior Staff,1997-05-16,9999-01-01
102933,Yakichi,Steinauer,Staff,1992-05-16,1997-05-16
102948,Bernardo,Szilard,Senior Staff,1994-01-25,9999-01-01
102948,Bernardo,Szilard,Staff,1989-01-25,1994-01-25
102960,Filipe,Rande,Engineer,1985-02-23,1990-02-23
102960,Filipe,Rande,Senior Engineer,1990-02-23,9999-01-01
102968,Ekawit,Kranzdorf,Senior Staff,1985-04-03,9999-01-01
102974,Inderjeet,Lukaszewicz,Staff,1999-06-20,9999-01-01
102978,Tua,Eppinger,Staff,1999-05-22,9999-01-01
103001,Luerbio,Murrill,Engineer,1993-05-18,2001-06-17
103017,Aemilian,Gischer,Technique Leader,1994-06-05,9999-01-01
103021,Prasadram,Taubman,Senior Staff,1992-10-03,9999-01-01
103021,Prasadram,Taubman,Staff,1985-10-03,1992-10-03
103028,Kwangjo,Swift,Engineer,1987-03-12,1994-03-12
103028,Kwangjo,Swift,Senior Engineer,1994-03-12,9999-01-01
103047,Utpal,Hardjono,Senior Staff,1994-07-16,9999-01-01
103047,Utpal,Hardjono,Staff,1989-07-16,1994-07-16
103066,Thanasis,Knightly,Engineer,1998-04-01,1999-05-27
103087,Ayakannu,Miculan,Staff,1995-02-02,1996-10-04
103093,Matt,Griswold,Engineer,1992-03-07,2001-03-07
103093,Matt,Griswold,Senior Engineer,2001-03-07,9999-01-01
103100,Martial,DuCasse,Engineer,1992-06-11,2001-06-11
103100,Martial,DuCasse,Senior Engineer,2001-06-11,9999-01-01
103110,Maria,Vuskovic,Engineer,1994-10-22,9999-01-01
103115,Jouko,Olano,Engineer,1987-06-20,1994-06-20
103115,Jouko,Olano,Senior Engineer,1994-06-20,9999-01-01
103138,Wanqing,Krohm,Staff,1993-11-10,9999-01-01
103162,Chenxi,Birsak,Senior Staff,1994-09-13,9999-01-01
103162,Chenxi,Birsak,Staff,1986-09-13,1994-09-13
103171,Temple,Salvesen,Senior Engineer,1996-06-10,9999-01-01
103200,Weicheng,Suwa,Staff,1998-05-25,9999-01-01
103204,Mani,Genther,Engineer,1996-12-30,9999-01-01
103268,Goa,Azulay,Engineer,1996-12-12,2001-12-12
103268,Goa,Azulay,Senior Engineer,2001-12-12,9999-01-01
103269,Premal,Brodal,Senior Staff,1997-06-22,9999-01-01
103269,Premal,Brodal,Staff,1992-06-22,1997-06-22
103274,Munenori,Bergere,Engineer,1996-01-27,1996-07-08
103286,Jordanka,Conia,Engineer,1999-09-01,2001-09-21
103290,Khalid,Hmelo,Technique Leader,1997-04-05,9999-01-01
103299,Youjian,Eldridge,Technique Leader,1985-07-29,9999-01-01
103307,Kiyokazu,Cusworth,Senior Staff,1986-11-02,1998-01-07
103319,Bouchung,Strandh,Staff,1998-01-11,9999-01-01
103328,Leni,Schieder,Engineer,1992-05-28,1992-09-02
103335,Tayeb,Coney,Senior Staff,1999-07-05,9999-01-01
103335,Tayeb,Coney,Staff,1992-07-04,1999-07-05
103408,Moriyoshi,Marrevee,Senior Staff,1992-02-06,9999-01-01
103408,Moriyoshi,Marrevee,Staff,1986-02-06,1992-02-06
103411,Sham,Conte,Senior Staff,1994-10-05,9999-01-01
103411,Sham,Conte,Staff,1987-10-05,1994-10-05
103433,Kish,Berstel,Senior Staff,1999-05-16,1999-07-23
103434,Remmert,Rosis,Engineer,1993-04-10,2000-04-10
103434,Remmert,Rosis,Senior Engineer,2000-04-10,9999-01-01
103453,Miquel,Ellozy,Senior Engineer,1990-11-01,9999-01-01
103465,Zvonko,Mellouli,Engineer,1997-01-07,1999-03-17
103472,Jaroslava,Murrill,Senior Staff,1994-02-13,9999-01-01
103472,Jaroslava,Murrill,Staff,1989-02-13,1994-02-13
103503,Changho,Rathonyi,Senior Staff,1993-07-12,1996-02-28
103510,Berry,Pargas,Staff,1995-09-13,9999-01-01
103520,Torsten,Sinicrope,Engineer,1987-01-05,1992-01-05
103520,Torsten,Sinicrope,Senior Engineer,1992-01-05,9999-01-01
103549,Aiichiro,Nitsch,Engineer,1994-12-26,2001-12-26
103549,Aiichiro,Nitsch,Senior Engineer,2001-12-26,9999-01-01
103550,Kwangho,Erbe,Staff,1993-09-09,1995-04-28
103571,Xiaoheng,Perelgut,Senior Staff,1993-08-31,9999-01-01
103579,Zeljko,Woycyznski,Staff,1990-07-30,1993-02-08
103593,Stafford,Neimat,Engineer,1987-11-25,1988-10-02
103598,Maria,Tzvieli,Engineer,1989-01-12,1995-01-12
103598,Maria,Tzvieli,Senior Engineer,1995-01-12,9999-01-01
103630,Niteen,Ermel,Staff,1997-08-15,9999-01-01
103660,Sudhanshu,Cooley,Senior Staff,1993-12-19,2000-07-15
103660,Sudhanshu,Cooley,Staff,1988-12-19,1993-12-19
103692,Tsutomu,Tsunoo,Senior Staff,2000-11-17,9999-01-01
103692,Tsutomu,Tsunoo,Staff,1994-11-18,2000-11-17
103705,Angel,Rassart,Senior Staff,2000-10-02,9999-01-01
103705,Angel,Rassart,Staff,1992-10-02,2000-10-02
103706,Remco,Serra,Engineer,1996-04-28,1997-05-14
103714,Lein,Erez,Engineer,1988-08-10,1993-08-10
103714,Lein,Erez,Senior Engineer,1993-08-10,9999-01-01
103716,Gor,Tiemann,Senior Engineer,1988-04-08,1992-05-20
103721,Ger,Cooke,Engineer,1993-11-06,2000-11-06
103721,Ger,Cooke,Senior Engineer,2000-11-06,9999-01-01
103734,Yuriy,Winter,Technique Leader,1992-09-09,9999-01-01
103751,Zongyan,Zhiwei,Engineer,1988-05-17,1993-05-17
103751,Zongyan,Zhiwei,Senior Engineer,1993-05-17,9999-01-01
103755,Mohammad,Bhattacharjee,Engineer,1988-10-02,1993-04-06
103760,Jayson,Krzyzanowski,Senior Staff,1996-08-16,9999-01-01
103760,Jayson,Krzyzanowski,Staff,1990-08-17,1996-08-16
103765,Pantung,Marsiglia,Engineer,1994-07-08,1995-10-22
103801,Gift,Rosaz,Engineer,1987-03-03,1995-03-03
103801,Gift,Rosaz,Senior Engineer,1995-03-03,9999-01-01
103809,Seongbin,Collette,Engineer,1996-10-03,9999-01-01
103824,Erez,Mondadori,Senior Engineer,1992-06-25,1994-03-27
103840,Mats,Anger,Senior Staff,2002-03-01,9999-01-01
103840,Mats,Anger,Staff,1995-03-01,2002-03-01
103851,Rosine,Hettesheimer,Engineer,1993-12-20,1998-12-20
103851,Rosine,Hettesheimer,Senior Engineer,1998-12-20,9999-01-01
103853,Sushant,Verhoeff,Senior Staff,2000-03-10,9999-01-01
103853,Sushant,Verhoeff,Staff,1991-03-11,2000-03-10
103873,Irene,Hooghiemstra,Engineer,1988-04-13,1993-04-13
103873,Irene,Hooghiemstra,Senior Engineer,1993-04-13,9999-01-01
103879,Remmert,Suomi,Staff,1999-03-11,2001-10-14
103899,Odoardo,Unni,Senior Staff,1991-09-26,1995-04-12
103900,Sreenivas,Murillo,Assistant Engineer,1998-01-04,9999-01-01
103917,Mingdong,Docker,Staff,1993-09-25,1999-07-17
103925,Bodh,Foong,Engineer,1985-07-27,1993-07-27
103925,Bodh,Foong,Senior Engineer,1993-07-27,9999-01-01
103952,Nectarios,Sommer,Engineer,1996-06-04,9999-01-01
103991,Sorina,Mukaidono,Senior Staff,1995-11-23,1997-11-02
103991,Sorina,Mukaidono,Staff,1988-11-22,1995-11-23
103992,Aram,Rodham,Senior Staff,1997-03-08,9999-01-01
103992,Aram,Rodham,Staff,1990-03-08,1997-03-08
103993,Maia,Avouris,Engineer,1990-11-23,1996-11-22
103993,Maia,Avouris,Senior Engineer,1996-11-22,9999-01-01
104001,Eishiro,Garrabrants,Senior Engineer,1990-08-07,9999-01-01
104004,Bernt,Baez,Engineer,1990-06-25,1999-06-25
104004,Bernt,Baez,Senior Engineer,1999-06-25,9999-01-01
104010,Adly,Fortenbacher,Staff,1998-07-08,9999-01-01
104030,Tsvetan,Willoner,Senior Staff,1992-08-17,9999-01-01
104039,Leen,Thummel,Technique Leader,1996-03-31,9999-01-01
104050,Bilhanan,Ozeri,Senior Staff,2002-06-14,9999-01-01
104050,Bilhanan,Ozeri,Staff,1993-06-14,2002-06-14
104051,Percy,VanScheik,Senior Engineer,1989-01-08,1994-07-01
104059,Toshiki,Penn,Senior Engineer,1989-12-20,9999-01-01
104061,Katsuyuki,Bennis,Engineer,1998-12-26,9999-01-01
104062,Moss,Acton,Senior Staff,2000-11-27,9999-01-01
104062,Moss,Acton,Staff,1992-11-27,2000-11-27
104064,Heon,Wossner,Senior Engineer,1988-06-21,2001-04-05
104066,Apostol,Biros,Senior Engineer,1987-09-03,9999-01-01
104074,Yoshimitsu,Schaft,Senior Staff,1998-12-08,9999-01-01
104074,Yoshimitsu,Schaft,Staff,1992-12-08,1998-12-08
104080,Niteen,Kadhim,Senior Staff,1996-10-07,9999-01-01
104080,Niteen,Kadhim,Staff,1988-10-07,1996-10-07
104106,Aloke,Angelopoulos,Engineer,1987-07-13,1992-07-12
104106,Aloke,Angelopoulos,Senior Engineer,1992-07-12,1994-08-30
104108,Gor,Denis,Assistant Engineer,1994-03-05,9999-01-01
104150,Srinidhi,Majewski,Engineer,1993-02-15,1998-02-15
104150,Srinidhi,Majewski,Senior Engineer,1998-02-15,9999-01-01
104162,Oscal,Flexer,Engineer,1985-04-05,1991-04-05
104162,Oscal,Flexer,Senior Engineer,1991-04-05,9999-01-01
104164,Dmitri,Szmurlo,Engineer,1997-05-24,2001-06-16
104187,Peer,Lanzelotte,Senior Staff,1996-03-03,9999-01-01
104187,Peer,Lanzelotte,Staff,1990-03-04,1996-03-03
104198,Guangming,Gide,Assistant Engineer,1995-03-30,2001-03-29
104198,Guangming,Gide,Engineer,2001-03-29,9999-01-01
104200,Gunilla,Waleschkowski,Staff,1997-12-16,9999-01-01
104207,Shmuel,Coombs,Senior Staff,1994-12-02,9999-01-01
104207,Shmuel,Coombs,Staff,1989-12-02,1994-12-02
104219,Khalil,Schwartzburd,Engineer,1990-04-21,1999-04-21
104219,Khalil,Schwartzburd,Senior Engineer,1999-04-21,2002-07-12
104225,Yuqun,Rusterholz,Senior Engineer,1995-02-27,9999-01-01
104227,Yongqiao,Schaar,Senior Engineer,2000-01-22,2000-01-25
104230,Anyuan,Domenig,Senior Engineer,1996-05-21,9999-01-01
104236,Masali,Siksek,Engineer,1991-02-09,1993-09-10
104238,Shao,Desikan,Senior Staff,1993-02-10,9999-01-01
104238,Shao,Desikan,Staff,1985-02-10,1993-02-10
104251,Reuven,Kakkad,Senior Staff,1999-07-20,9999-01-01
104251,Reuven,Kakkad,Staff,1994-07-20,1999-07-20
104274,Tomoyuki,Sethi,Senior Engineer,1996-03-28,9999-01-01
104277,Danco,Baranowski,Engineer,1997-10-18,9999-01-01
104292,Heekeun,Ambroszkiewicz,Senior Engineer,1995-10-04,9999-01-01
104296,JiYoung,Lundstrom,Senior Staff,1990-02-10,9999-01-01
104319,Toney,Sherertz,Senior Staff,1997-10-17,9999-01-01
104319,Toney,Sherertz,Staff,1990-10-17,1997-10-17
104320,Franziska,Felder,Senior Engineer,1990-11-07,9999-01-01
104379,Kellyn,Molenaar,Senior Staff,2000-01-28,9999-01-01
104379,Kellyn,Molenaar,Staff,1992-01-28,2000-01-28
104413,Brendon,Harnett,Staff,1993-01-17,1993-04-20
104425,Stafford,Bratten,Assistant Engineer,1992-04-22,2001-04-22
104425,Stafford,Bratten,Engineer,2001-04-22,9999-01-01
104428,Cheong,Jeansoulin,Senior Staff,1998-07-04,9999-01-01
104428,Cheong,Jeansoulin,Staff,1991-07-04,1998-07-04
104430,Richard,Kaiser,Engineer,1990-12-19,1995-12-19
104430,Richard,Kaiser,Senior Engineer,1995-12-19,9999-01-01
104453,Denny,Sankaranarayanan,Senior Engineer,1986-05-18,9999-01-01
104460,Christ,Bultermann,Senior Staff,1993-08-29,9999-01-01
104484,Aloke,Streit,Senior Staff,1993-07-05,9999-01-01
104484,Aloke,Streit,Staff,1988-07-05,1993-07-05
104487,Moni,Munck,Engineer,1991-07-07,1999-07-07
104487,Moni,Munck,Senior Engineer,1999-07-07,9999-01-01
104507,Yuqun,Moehrke,Senior Staff,2002-05-04,9999-01-01
104507,Yuqun,Moehrke,Staff,1996-05-04,2002-05-04
104526,Arunachalam,Litvinov,Assistant Engineer,1991-04-02,1998-04-02
104526,Arunachalam,Litvinov,Engineer,1998-04-02,9999-01-01
104531,Lokesh,Lambe,Engineer,1999-12-02,9999-01-01
104539,Ulf,Vieth,Senior Staff,1995-09-03,2001-03-22
104548,Basil,Kulisch,Senior Staff,1994-03-12,9999-01-01
104548,Basil,Kulisch,Staff,1989-03-12,1994-03-12
104559,Youjian,Crabtree,Engineer,1993-02-01,1997-08-12
104564,Valery,Esposito,Engineer,1994-09-20,9999-01-01
104572,Zvonko,Kragelund,Senior Engineer,1988-01-13,9999-01-01
104574,Satosi,Gurbaxani,Engineer,1987-05-09,1995-05-09
104574,Satosi,Gurbaxani,Senior Engineer,1995-05-09,9999-01-01
104585,Hatim,Colorni,Engineer,1993-08-26,1998-08-26
104585,Hatim,Colorni,Senior Engineer,1998-08-26,9999-01-01
104595,Fun,Lichtner,Engineer,1989-12-30,1990-03-07
104608,Parviz,Kermarrec,Senior Staff,1993-02-17,9999-01-01
104608,Parviz,Kermarrec,Staff,1985-02-17,1993-02-17
104619,Feipei,Heijenga,Senior Staff,1998-08-14,9999-01-01
104619,Feipei,Heijenga,Staff,1989-08-14,1998-08-14
104620,Aruna,Coullard,Senior Staff,2001-12-24,9999-01-01
104620,Aruna,Coullard,Staff,1995-12-25,2001-12-24
104633,Niranjan,Ohori,Senior Engineer,1994-10-30,1997-07-07
104634,Rosella,Dusink,Senior Staff,1994-01-31,9999-01-01
104638,Seongbae,Matzel,Senior Staff,1991-04-28,9999-01-01
104638,Seongbae,Matzel,Staff,1986-04-28,1991-04-28
104683,Heekeun,Brender,Staff,1996-01-12,9999-01-01
104714,Sahrah,Landherr,Senior Staff,1996-09-23,1996-10-01
104714,Sahrah,Landherr,Staff,1991-09-24,1996-09-23
104715,Shalesh,Imataki,Senior Staff,1992-08-18,9999-01-01
104715,Shalesh,Imataki,Staff,1985-08-18,1992-08-18
104719,Guenter,Wynblatt,Senior Staff,1996-06-03,9999-01-01
104719,Guenter,Wynblatt,Staff,1989-06-03,1996-06-03
104732,Elvis,VanScheik,Engineer,1990-01-08,1995-01-08
104732,Elvis,VanScheik,Senior Engineer,1995-01-08,1999-01-10
104734,Shahid,Oppitz,Engineer,1996-03-17,9999-01-01
104737,Heejo,Brobst,Engineer,1998-08-26,9999-01-01
104758,Remco,Welham,Engineer,1987-11-16,1992-11-15
104758,Remco,Welham,Senior Engineer,1992-11-15,9999-01-01
104773,Lokesh,Pintelas,Technique Leader,1997-03-25,9999-01-01
104776,Geoff,Genin,Senior Staff,1997-03-02,9999-01-01
104788,Mabo,Serov,Senior Engineer,1986-06-15,9999-01-01
104791,Alejandra,Dayana,Senior Staff,1988-02-17,9999-01-01
104803,Foong,Bennet,Technique Leader,1999-12-19,9999-01-01
104813,Aamod,Comyn,Senior Staff,2000-01-10,9999-01-01
104813,Aamod,Comyn,Staff,1991-01-10,2000-01-10
104832,Tsuneo,Hennebert,Engineer,1987-01-04,1992-01-04
104832,Tsuneo,Hennebert,Senior Engineer,1992-01-04,9999-01-01
104839,Eirik,Buescher,Senior Staff,1999-05-27,9999-01-01
104839,Eirik,Buescher,Staff,1993-05-27,1999-05-27
104841,Kiyokazu,Mitsuhashi,Senior Staff,2000-11-24,9999-01-01
104841,Kiyokazu,Mitsuhashi,Staff,1992-11-24,2000-11-24
104863,Sergi,Rosti,Senior Staff,1997-08-14,9999-01-01
104863,Sergi,Rosti,Staff,1989-08-14,1997-08-14
104874,Adam,Wrigley,Senior Staff,1991-06-27,9999-01-01
104874,Adam,Wrigley,Staff,1986-06-27,1991-06-27
104878,Kwan,Katzenelson,Staff,1998-11-28,9999-01-01
104886,Mariusz,Wallrath,Senior Staff,1997-09-12,9999-01-01
104886,Mariusz,Wallrath,Staff,1989-09-12,1997-09-12
104905,Eckart,Wilfing,Senior Staff,1994-09-05,1995-04-09
104905,Eckart,Wilfing,Staff,1986-09-05,1994-09-05
104917,Kien,Merlo,Staff,1994-12-29,2000-01-14
104938,Christophe,Motley,Engineer,1992-01-01,1997-12-31
104938,Christophe,Motley,Senior Engineer,1997-12-31,9999-01-01
104953,Prodip,Chachaty,Staff,1999-06-23,9999-01-01
104972,Maya,Trachtenberg,Senior Staff,1990-04-25,9999-01-01
104981,Lorien,Dulin,Engineer,1987-05-13,1996-05-12
104981,Lorien,Dulin,Senior Engineer,1996-05-12,9999-01-01
104989,Oldrich,Lundstrom,Senior Staff,1998-09-23,9999-01-01
104989,Oldrich,Lundstrom,Staff,1989-09-23,1998-09-23
104990,Ebru,Shigei,Senior Engineer,1996-08-06,9999-01-01
105011,Janche,Puppe,Staff,1986-07-09,1990-01-27
105026,Barna,Karcich,Staff,1994-04-25,1999-04-22
105028,JoAnna,Impagliazzo,Technique Leader,1998-03-25,9999-01-01
105046,Kristian,Hagimont,Staff,1999-06-19,2001-11-24
105058,Cristinel,Rullman,Senior Engineer,1988-11-18,1989-01-19
105068,Guoxiang,Potthoff,Senior Staff,2001-04-20,9999-01-01
105068,Guoxiang,Potthoff,Staff,1993-04-20,2001-04-20
105070,Subhankar,Kavvadias,Engineer,1989-09-17,1996-04-21
105106,Gretta,Range,Staff,1999-04-26,9999-01-01
105114,Zdislav,Cunliffe,Senior Engineer,1997-08-09,9999-01-01
105142,Yishay,Mandelberg,Engineer,1987-06-15,1995-06-15
105142,Yishay,Mandelberg,Senior Engineer,1995-06-15,9999-01-01
105147,Marsja,Nittel,Assistant Engineer,1991-01-31,1998-01-31
105147,Marsja,Nittel,Engineer,1998-01-31,9999-01-01
105157,Tadahiko,Gyimothy,Senior Staff,1985-06-25,9999-01-01
105177,Radoslaw,Serra,Engineer,1987-07-24,1995-07-24
105177,Radoslaw,Serra,Senior Engineer,1995-07-24,9999-01-01
105203,Ronghao,Tischendorf,Senior Staff,1992-06-27,9999-01-01
105205,Nahum,Gronowski,Senior Staff,2000-08-29,9999-01-01
105205,Nahum,Gronowski,Staff,1995-08-30,2000-08-29
105213,Yunming,Yamaashi,Senior Staff,1998-10-31,9999-01-01
105229,Taisook,Rousseau,Engineer,1999-01-28,9999-01-01
105249,Vitali,Crouzet,Senior Staff,1997-10-14,9999-01-01
105249,Vitali,Crouzet,Staff,1990-10-14,1997-10-14
105270,Serenella,Kusalik,Engineer,1994-05-25,1997-08-22
105274,Yakkov,Rosti,Engineer,1991-02-17,1999-02-17
105274,Yakkov,Rosti,Senior Engineer,1999-02-17,9999-01-01
105275,Tru,Parhami,Senior Staff,1988-05-26,9999-01-01
105293,Anyuan,Rosaz,Engineer,1993-05-11,1999-05-11
105293,Anyuan,Rosaz,Senior Engineer,1999-05-11,9999-01-01
105295,Mohammed,Gornas,Engineer,1996-05-05,1998-12-08
105308,Mansur,Reistad,Engineer,1989-02-23,1994-02-23
105308,Mansur,Reistad,Senior Engineer,1994-02-23,9999-01-01
105316,Khun,Demos,Staff,1995-07-09,1998-03-06
105331,Mircea,Noriega,Senior Engineer,1991-06-21,9999-01-01
105339,Hiroyasu,Brookman,Staff,1996-04-11,9999-01-01
105348,Satyanarayana,Vidal,Senior Engineer,1997-11-05,1999-01-06
105352,Leandro,Gyimothy,Technique Leader,1989-01-12,9999-01-01
105368,Lijia,Bouloucos,Senior Staff,1997-09-19,9999-01-01
105368,Lijia,Bouloucos,Staff,1988-09-19,1997-09-19
105373,Kristina,Strandh,Technique Leader,1991-02-24,1998-12-31
105394,Arno,Melski,Senior Staff,1992-10-26,9999-01-01
105400,Neelam,Felder,Engineer,1998-05-28,9999-01-01
105402,Marke,Cooke,Assistant Engineer,1997-08-13,9999-01-01
105461,Morrie,Streit,Senior Staff,1998-04-02,9999-01-01
105461,Morrie,Streit,Staff,1989-04-02,1998-04-02
105479,Masami,Soloway,Senior Staff,1985-03-23,9999-01-01
105486,Sampalli,Zielinski,Senior Staff,1997-03-14,9999-01-01
105486,Sampalli,Zielinski,Staff,1990-03-14,1997-03-14
105588,Zhongwei,Mukaidono,Engineer,1992-12-01,1998-12-01
105588,Zhongwei,Mukaidono,Senior Engineer,1998-12-01,9999-01-01
105597,Christfried,Kabayashi,Senior Staff,1988-08-29,9999-01-01
105608,Remco,Baer,Engineer,1997-03-26,2001-12-05
105622,Zhiguo,Sooriamurthi,Engineer,1997-04-16,9999-01-01
105631,IEEE,Pashtan,Engineer,1997-11-14,9999-01-01
105651,Tadahiro,Radhakrishnan,Senior Engineer,1987-10-12,9999-01-01
105677,Bader,Tsukuda,Engineer,1994-02-10,2000-10-15
105709,Gro,Schiettecatte,Senior Staff,2001-08-09,9999-01-01
105709,Gro,Schiettecatte,Staff,1994-08-09,2001-08-09
105725,Panayotis,Narlikar,Senior Staff,1993-11-03,9999-01-01
105725,Panayotis,Narlikar,Staff,1988-11-03,1993-11-03
105730,Roddy,Diderrich,Engineer,1986-02-12,1991-02-12
105730,Roddy,Diderrich,Senior Engineer,1991-02-12,9999-01-01
105732,Hideyuki,Bellmore,Technique Leader,1995-05-15,9999-01-01
105735,Vugranam,Casperson,Senior Staff,1991-07-10,9999-01-01
105735,Vugranam,Casperson,Staff,1985-07-10,1991-07-10
105737,Laurentiu,Passino,Staff,1999-01-25,9999-01-01
105746,Barun,Litecky,Engineer,1991-06-04,1997-06-03
105746,Barun,Litecky,Senior Engineer,1997-06-03,9999-01-01
105751,Karlis,Lally,Engineer,1996-02-15,2001-02-14
105751,Karlis,Lally,Senior Engineer,2001-02-14,9999-01-01
105755,Shai,Granlund,Engineer,1989-08-25,1997-08-25
105755,Shai,Granlund,Senior Engineer,1997-08-25,9999-01-01
105771,Raimond,Blokdijk,Engineer,1994-08-29,2001-08-29
105771,Raimond,Blokdijk,Senior Engineer,2001-08-29,9999-01-01
105778,Aloke,Desikan,Senior Staff,1998-12-07,9999-01-01
105778,Aloke,Desikan,Staff,1993-12-07,1998-12-07
105779,Tokuyasu,Mersereau,Senior Engineer,1989-08-21,9999-01-01
105802,Shichao,Slaats,Staff,1995-09-11,9999-01-01
105823,Sariel,Sluis,Senior Staff,1991-08-25,9999-01-01
105823,Sariel,Sluis,Staff,1986-08-25,1991-08-25
105842,Hugh,Cappelli,Senior Staff,1997-08-15,9999-01-01
105903,Constantijn,Roisin,Engineer,1985-12-19,1992-12-19
105903,Constantijn,Roisin,Senior Engineer,1992-12-19,9999-01-01
105907,Eric,Berztiss,Engineer,1991-02-13,2000-02-13
105907,Eric,Berztiss,Senior Engineer,2000-02-13,9999-01-01
105913,Lalit,England,Assistant Engineer,1993-10-09,9999-01-01
105937,Jaber,Basagni,Staff,2000-01-13,9999-01-01
105943,Rildo,Brodal,Engineer,1999-08-04,9999-01-01
105946,Jaber,Merle,Assistant Engineer,1996-05-13,1996-08-23
105947,Xiaoqiu,Larfeldt,Senior Staff,1992-06-04,9999-01-01
105954,Aleksander,Perl,Senior Staff,1993-05-01,9999-01-01
105958,Ortrud,Irland,Engineer,1999-12-23,9999-01-01
105972,Youpyo,Decleir,Technique Leader,1996-10-24,9999-01-01
105999,Abdelaziz,Anick,Staff,1995-02-23,9999-01-01
106010,Mircea,Welham,Senior Staff,1986-04-16,1989-03-31
106014,Jiong,Birnbaum,Senior Staff,2001-05-31,9999-01-01
106014,Jiong,Birnbaum,Staff,1994-05-31,2001-05-31
106021,Ronghao,Matzat,Senior Staff,1993-11-24,9999-01-01
106033,Bodo,Vasanthakumar,Engineer,1992-10-13,1999-10-14
106033,Bodo,Vasanthakumar,Senior Engineer,1999-10-14,9999-01-01
106046,Subir,Gulik,Staff,1998-05-02,9999-01-01
106052,Neelam,Peak,Staff,1999-09-30,9999-01-01
106055,Jiafu,DasSarma,Engineer,1999-10-15,9999-01-01
106057,Monique,Zyda,Engineer,1999-10-13,9999-01-01
106060,Remko,Underwood,Staff,1998-03-23,9999-01-01
106071,Leen,Hiraishi,Engineer,1997-11-23,9999-01-01
106084,Munehiko,Eterovic,Engineer,1998-05-25,2001-06-11
106087,Divier,Miake,Staff,1997-07-23,9999-01-01
106092,Dmitri,Parhami,Engineer,1998-01-23,9999-01-01
106100,Arie,Cullers,Engineer,1991-03-28,1996-03-27
106100,Arie,Cullers,Senior Engineer,1996-03-27,9999-01-01
106167,Ishfaq,Peternell,Senior Engineer,1996-10-19,9999-01-01
106181,Goo,Garigliano,Senior Staff,1997-06-18,9999-01-01
106181,Goo,Garigliano,Staff,1992-06-18,1997-06-18
106201,Mabo,Felder,Senior Staff,1997-04-22,9999-01-01
106205,Tzu,Gimarc,Engineer,1997-10-12,1999-02-26
106235,Joydip,Penn,Senior Staff,1996-08-18,9999-01-01
106235,Joydip,Penn,Staff,1987-08-19,1996-08-18
106243,Kristinn,Heering,Engineer,1996-05-03,2001-05-03
106243,Kristinn,Heering,Senior Engineer,2001-05-03,9999-01-01
106247,Abdelghani,Vecchio,Senior Staff,1996-08-21,9999-01-01
106247,Abdelghani,Vecchio,Staff,1989-08-21,1996-08-21
106252,Stepehn,Muhlberg,Engineer,1985-10-06,1991-09-18
106258,Ute,Kirkerud,Senior Staff,1995-01-16,2000-03-26
106258,Ute,Kirkerud,Staff,1990-01-16,1995-01-16
106263,Dinah,Lally,Senior Staff,1990-12-13,9999-01-01
106263,Dinah,Lally,Staff,1985-12-13,1990-12-13
106266,Christophe,Piveteau,Engineer,1999-01-14,9999-01-01
106291,Garnik,Lambe,Technique Leader,1997-12-30,9999-01-01
106296,Nakhoon,Lunt,Engineer,1990-06-11,1997-06-11
106296,Nakhoon,Lunt,Senior Engineer,1997-06-11,9999-01-01
106323,Munehiko,Greibach,Engineer,1989-08-15,1998-08-15
106323,Munehiko,Greibach,Senior Engineer,1998-08-15,9999-01-01
106373,Atilio,Perko,Technique Leader,1994-12-25,9999-01-01
106377,Khaled,Belinskaya,Engineer,1990-10-23,1995-10-23
106377,Khaled,Belinskaya,Senior Engineer,1995-10-23,9999-01-01
106398,Juyoung,Zaiane,Engineer,1996-02-25,9999-01-01
106407,Etsuo,Kinley,Assistant Engineer,1986-03-06,1994-03-06
106407,Etsuo,Kinley,Engineer,1994-03-06,2002-03-06
106407,Etsuo,Kinley,Senior Engineer,2002-03-06,9999-01-01
106412,Yongmao,Lieblein,Engineer,1991-09-02,1997-09-01
106412,Yongmao,Lieblein,Senior Engineer,1997-09-01,9999-01-01
106473,Niclas,Hiraishi,Technique Leader,1985-06-05,1987-07-31
106485,Mayumi,Rettelbach,Senior Staff,1992-11-20,9999-01-01
106485,Mayumi,Rettelbach,Staff,1987-11-21,1992-11-20
106505,Trygve,Lienhardt,Senior Engineer,1987-10-07,9999-01-01
106544,Terresa,Christianini,Assistant Engineer,1999-04-19,9999-01-01
106554,Tua,Adachi,Staff,1999-12-06,9999-01-01
106570,Yonghong,Baer,Engineer,1997-05-23,9999-01-01
106576,Djenana,Cincotta,Engineer,1998-09-18,9999-01-01
106581,Leucio,Seghrouchni,Senior Staff,1998-09-05,9999-01-01
106581,Leucio,Seghrouchni,Staff,1992-09-05,1998-09-05
106586,Adas,Denti,Senior Staff,1989-12-25,9999-01-01
106601,Tommaso,Magliocco,Technique Leader,1990-09-15,9999-01-01
106603,Bernd,Fujisaki,Assistant Engineer,1985-08-13,1993-08-13
106603,Bernd,Fujisaki,Engineer,1993-08-13,2001-08-13
106603,Bernd,Fujisaki,Senior Engineer,2001-08-13,9999-01-01
106625,Giap,Huhdanpaa,Engineer,1998-05-21,9999-01-01
106636,Duke,Rosin,Staff,1995-06-25,9999-01-01
106640,Guozhong,Gecsei,Senior Staff,2000-10-27,9999-01-01
106640,Guozhong,Gecsei,Staff,1992-10-27,2000-10-27
106641,Remzi,Pietrzykowski,Engineer,1999-11-19,2002-04-11
106649,Elzbieta,Guardalben,Engineer,1991-02-09,1998-02-22
106660,Suvo,Gimbel,Technique Leader,1989-05-11,9999-01-01
106692,Bowen,Zwicker,Senior Engineer,1985-02-22,9999-01-01
106694,Toong,Halloran,Engineer,1993-12-05,2001-12-05
106694,Toong,Halloran,Senior Engineer,2001-12-05,9999-01-01
106696,Uinam,Schwabacher,Staff,1994-07-21,1996-12-22
106704,Teiji,Munawer,Staff,1999-02-04,2000-12-02
106734,Shmuel,Isard,Senior Staff,1993-05-06,9999-01-01
106734,Shmuel,Isard,Staff,1986-05-06,1993-05-06
106753,Gao,Kaminger,Engineer,1994-09-05,9999-01-01
106754,Tokuyasu,Gimarc,Senior Engineer,1988-04-25,9999-01-01
106760,Marit,Kandlur,Senior Staff,1994-06-27,9999-01-01
106760,Marit,Kandlur,Staff,1986-06-27,1994-06-27
106783,Alassane,Shihab,Assistant Engineer,1986-08-26,1994-08-26
106783,Alassane,Shihab,Engineer,1994-08-26,9999-01-01
106805,Taegyun,Muchinsky,Senior Staff,1993-03-30,1994-02-28
106805,Taegyun,Muchinsky,Staff,1988-03-30,1993-03-30
106820,Tsutomu,Skafidas,Senior Staff,1998-11-21,9999-01-01
106820,Tsutomu,Skafidas,Staff,1991-11-21,1998-11-21
106827,Jaana,McAffer,Staff,1999-12-11,9999-01-01
106857,Conrado,Molenaar,Senior Staff,2000-06-25,9999-01-01
106857,Conrado,Molenaar,Staff,1991-06-26,2000-06-25
106896,Munenori,Vieth,Senior Staff,1992-05-18,9999-01-01
106896,Munenori,Vieth,Staff,1986-05-19,1992-05-18
106898,Evgueni,Alvarado,Senior Staff,1998-04-15,9999-01-01
106898,Evgueni,Alvarado,Staff,1993-04-15,1998-04-15
106901,Chiranjit,Velardi,Engineer,1987-08-12,1993-08-11
106901,Chiranjit,Velardi,Senior Engineer,1993-08-11,9999-01-01
106910,Kankanahalli,Sridhar,Senior Staff,1998-06-27,9999-01-01
106910,Kankanahalli,Sridhar,Staff,1990-06-27,1998-06-27
106919,Mitsuyuki,Siepmann,Senior Engineer,1999-11-02,9999-01-01
106920,Gaetan,Engelmann,Engineer,1994-02-21,1999-02-21
106920,Gaetan,Engelmann,Senior Engineer,1999-02-21,1999-03-08
106924,Ingmar,Fabrizio,Senior Engineer,1993-05-28,9999-01-01
106944,Sergi,Wixon,Assistant Engineer,1999-08-15,9999-01-01
106979,Uzi,Mandell,Engineer,1993-09-22,1998-09-22
106979,Uzi,Mandell,Senior Engineer,1998-09-22,9999-01-01
106980,Vincent,Lortz,Senior Engineer,1985-07-21,9999-01-01
106982,Ulf,Ullian,Technique Leader,1989-05-20,9999-01-01
106984,Doohun,Reutenauer,Engineer,1994-02-09,1995-08-14
107034,Naftaly,Anandan,Staff,1998-05-03,9999-01-01
107043,Shigeo,Koshiba,Engineer,1986-05-31,1994-05-31
107043,Shigeo,Koshiba,Senior Engineer,1994-05-31,9999-01-01
107050,Sreenivas,Uchoa,Engineer,1992-09-12,2000-09-12
107050,Sreenivas,Uchoa,Senior Engineer,2000-09-12,9999-01-01
107099,Maren,Cannata,Staff,1999-04-23,9999-01-01
107114,Bingning,Butterworth,Senior Engineer,1998-07-08,2000-08-07
107120,Aria,Keustermans,Engineer,1998-04-08,9999-01-01
107122,Siddarth,Ellozy,Senior Staff,1999-08-27,9999-01-01
107122,Siddarth,Ellozy,Staff,1991-08-27,1999-08-27
107129,Poorav,Kulisch,Staff,1994-10-17,9999-01-01
107148,Khue,Sambasivam,Engineer,1990-05-10,1999-05-10
107148,Khue,Sambasivam,Senior Engineer,1999-05-10,9999-01-01
107169,Takahira,Khamsi,Engineer,1995-12-13,9999-01-01
107197,Oddvar,Otillio,Senior Engineer,1997-10-09,9999-01-01
107198,Duri,Seghrouchni,Senior Staff,1991-04-16,9999-01-01
107198,Duri,Seghrouchni,Staff,1985-04-16,1991-04-16
107210,Tran,Zielinski,Assistant Engineer,1985-08-08,1993-08-08
107210,Tran,Zielinski,Engineer,1993-08-08,2001-08-08
107210,Tran,Zielinski,Senior Engineer,2001-08-08,9999-01-01
107218,Fumino,Hellwagner,Senior Engineer,1998-01-28,9999-01-01
107220,Vishu,Vieth,Staff,1998-06-09,9999-01-01
107229,Billie,Hiyoshi,Engineer,1985-09-26,1991-09-26
107229,Billie,Hiyoshi,Senior Engineer,1991-09-26,9999-01-01
107252,Heping,Bale,Senior Staff,1993-10-25,9999-01-01
107271,Jagoda,Bennet,Engineer,1998-11-19,9999-01-01
107286,Takanari,Kobara,Engineer,1998-06-22,9999-01-01
107297,Yucel,Stille,Technique Leader,1994-12-27,9999-01-01
107317,Szabolcs,Thummel,Staff,1994-03-29,1996-04-17
107337,Martine,Gire,Senior Staff,1997-04-03,9999-01-01
107337,Martine,Gire,Staff,1992-04-03,1997-04-03
107345,Perla,Kalloufi,Senior Staff,2001-06-12,9999-01-01
107345,Perla,Kalloufi,Staff,1994-06-12,2001-06-12
107352,Ziyad,Zallocco,Senior Engineer,1988-12-04,9999-01-01
107369,Maik,Navazio,Engineer,1996-12-13,2001-12-13
107369,Maik,Navazio,Senior Engineer,2001-12-13,9999-01-01
107376,Dines,Buescher,Engineer,1987-12-01,1994-12-01
107376,Dines,Buescher,Senior Engineer,1994-12-01,9999-01-01
107382,Ulises,Ballarin,Engineer,1985-12-20,1994-12-20
107382,Ulises,Ballarin,Senior Engineer,1994-12-20,9999-01-01
107395,Xiping,Stenning,Senior Staff,1999-07-02,9999-01-01
107395,Xiping,Stenning,Staff,1990-07-02,1999-07-02
107405,Xiaoqiu,Gien,Senior Engineer,1986-09-17,9999-01-01
107418,Vitaly,Slobodova,Engineer,1997-04-06,1999-07-12
107419,Souichi,Pietracaprina,Engineer,1995-03-10,2001-03-09
107419,Souichi,Pietracaprina,Senior Engineer,2001-03-09,9999-01-01
107421,Stein,Vieri,Technique Leader,1997-04-29,1997-08-07
107435,Satoru,Dusink,Staff,1997-09-04,9999-01-01
107459,Jianhua,Cangellaris,Engineer,1995-01-06,2000-01-06
107459,Jianhua,Cangellaris,Senior Engineer,2000-01-06,9999-01-01
107460,Nathalie,Merel,Senior Staff,1994-11-17,9999-01-01
107460,Nathalie,Merel,Staff,1987-11-17,1994-11-17
107478,Krister,Dolinsky,Senior Staff,1993-11-03,9999-01-01
107478,Krister,Dolinsky,Staff,1987-11-04,1993-11-03
107497,Oksana,Maliniak,Senior Staff,1998-05-14,9999-01-01
107497,Oksana,Maliniak,Staff,1992-05-14,1998-05-14
107530,Shakhar,McAlpine,Staff,1995-03-10,9999-01-01
107551,Thanasis,Gomatam,Staff,1998-09-13,9999-01-01
107558,Neelam,Perz,Technique Leader,1996-05-10,9999-01-01
107567,Miquel,Rodham,Engineer,1998-05-21,9999-01-01
107582,Duke,Lorho,Engineer,1990-08-29,1995-08-29
107582,Duke,Lorho,Senior Engineer,1995-08-29,9999-01-01
107587,Hatim,Falck,Engineer,1986-06-05,1990-09-22
107602,Sorina,Aamodt,Engineer,1998-10-08,9999-01-01
107627,Tooru,Zschoche,Senior Staff,1998-01-11,2000-09-06
107628,Fei,Waschkowski,Engineer,1986-07-09,1994-07-09
107628,Fei,Waschkowski,Senior Engineer,1994-07-09,1997-08-06
107638,Xianlong,Karlin,Engineer,1996-07-24,2001-07-24
107638,Xianlong,Karlin,Senior Engineer,2001-07-24,9999-01-01
107661,Katsuyuki,Luke,Senior Staff,1995-10-06,9999-01-01
107662,Weiru,Feldhoffer,Senior Staff,1998-05-19,9999-01-01
107662,Weiru,Feldhoffer,Staff,1991-05-19,1998-05-19
107672,Ugo,Lanphier,Senior Staff,1992-02-03,2001-04-07
107673,Uri,Ermel,Staff,1997-03-01,9999-01-01
107694,Takanari,Delgrossi,Senior Staff,1996-05-03,9999-01-01
107704,Masaki,Siksek,Engineer,1990-09-09,1999-09-09
107704,Masaki,Siksek,Senior Engineer,1999-09-09,2002-05-18
107713,Djenana,Hiltgen,Engineer,1994-07-10,1995-04-29
107735,Kayoko,Acton,Engineer,1994-04-24,2002-04-24
107735,Kayoko,Acton,Senior Engineer,2002-04-24,9999-01-01
107758,Ishfaq,Rossi,Engineer,1993-05-25,2002-05-25
107758,Ishfaq,Rossi,Senior Engineer,2002-05-25,9999-01-01
107775,Yuguang,Sanella,Engineer,1997-09-30,9999-01-01
107785,Perry,Caine,Senior Engineer,1985-06-27,1991-01-10
107795,Pranav,Terkki,Engineer,1986-08-08,1995-08-08
107795,Pranav,Terkki,Senior Engineer,1995-08-08,2000-10-30
107798,Surveyors,Chorvat,Engineer,1992-04-16,1993-12-17
107801,Jaewon,Strehl,Engineer,1991-02-25,1998-02-25
107801,Jaewon,Strehl,Senior Engineer,1998-02-25,9999-01-01
107808,Lihong,Rouquie,Engineer,1992-08-17,2001-08-17
107808,Lihong,Rouquie,Senior Engineer,2001-08-17,9999-01-01
107846,Hideyuki,Mansanne,Senior Staff,1999-08-29,9999-01-01
107846,Hideyuki,Mansanne,Staff,1990-08-29,1999-08-29
107848,Xiaoqiu,Asmuth,Engineer,1998-07-13,9999-01-01
107853,Sverrir,Doering,Senior Staff,1991-04-16,9999-01-01
107853,Sverrir,Doering,Staff,1985-04-16,1991-04-16
107860,Ugo,Krichel,Engineer,1985-12-10,1991-12-10
107860,Ugo,Krichel,Senior Engineer,1991-12-10,9999-01-01
107866,Shakhar,Demos,Engineer,1988-02-20,1995-02-20
107866,Shakhar,Demos,Senior Engineer,1995-02-20,9999-01-01
107872,Jackson,Koshino,Senior Staff,2002-06-10,9999-01-01
107872,Jackson,Koshino,Staff,1993-06-10,2002-06-10
107878,Siamak,Bahr,Engineer,1992-09-29,1999-09-30
107878,Siamak,Bahr,Senior Engineer,1999-09-30,9999-01-01
107885,Khalid,Mersereau,Senior Staff,2000-10-02,9999-01-01
107885,Khalid,Mersereau,Staff,1995-10-03,2000-10-02
107891,Fusako,Sigstam,Senior Staff,2000-12-11,9999-01-01
107891,Fusako,Sigstam,Staff,1993-12-11,2000-12-11
107907,Fox,Stanfel,Engineer,1990-08-28,1998-08-28
107907,Fox,Stanfel,Senior Engineer,1998-08-28,9999-01-01
107920,Jaideep,Grospietsch,Senior Staff,1993-10-29,1999-03-18
107920,Jaideep,Grospietsch,Staff,1987-10-30,1993-10-29
107934,Gilbert,Braunschweig,Engineer,1990-05-27,1992-02-10
107961,Rutger,Douceur,Senior Engineer,1994-03-04,9999-01-01
107963,Werner,Rodiger,Senior Staff,1992-11-15,9999-01-01
107963,Werner,Rodiger,Staff,1987-11-16,1992-11-15
107992,JoAnne,Lamma,Assistant Engineer,1996-02-04,9999-01-01
107998,Persi,Bednarek,Assistant Engineer,1999-12-09,9999-01-01
108008,Jiong,Khamsi,Staff,1997-12-14,9999-01-01
108010,Arunachalam,Schonegge,Senior Staff,2000-03-15,9999-01-01
108010,Arunachalam,Schonegge,Staff,1994-03-16,2000-03-15
108014,Shem,Coombs,Engineer,1998-01-05,2000-01-09
108031,Yonghong,Ranum,Senior Staff,1987-08-26,2001-03-01
108043,Pascal,Adachi,Senior Staff,1998-07-03,9999-01-01
108043,Pascal,Adachi,Staff,1989-07-03,1998-07-03
108058,JiYoung,Zumaque,Engineer,1986-04-20,1992-04-19
108058,JiYoung,Zumaque,Senior Engineer,1992-04-19,9999-01-01
108062,Mingsen,Kakkad,Senior Staff,2002-06-24,9999-01-01
108062,Mingsen,Kakkad,Staff,1997-06-24,2002-06-24
108068,Reinhard,Laurillard,Engineer,1999-11-06,2001-03-15
108101,Val,Halevi,Staff,1997-10-09,9999-01-01
108140,Francoise,Kalefeld,Senior Staff,1996-11-22,9999-01-01
108140,Francoise,Kalefeld,Staff,1989-11-22,1996-11-22
108152,Gunilla,Greenaway,Senior Staff,1994-07-02,9999-01-01
108152,Gunilla,Greenaway,Staff,1988-07-02,1994-07-02
108154,Baruch,Duclos,Staff,1998-08-31,2001-12-22
108163,Gunilla,Passafiume,Engineer,1993-10-02,1995-05-20
108175,IEEE,Potthoff,Staff,1994-09-04,1997-05-10
108199,Dekang,Pluym,Staff,1999-09-16,2000-08-13
108230,Lucian,Crouzet,Engineer,1992-05-14,2001-05-14
108230,Lucian,Crouzet,Senior Engineer,2001-05-14,9999-01-01
108234,Marjo,Seuren,Technique Leader,1995-08-24,1997-08-14
108249,Jinxi,McDermid,Staff,1993-09-01,9999-01-01
108252,Shigeu,Bolotov,Engineer,1988-01-28,1995-01-28
108252,Shigeu,Bolotov,Senior Engineer,1995-01-28,9999-01-01
108258,Stepehn,Christianini,Staff,1995-12-03,9999-01-01
108273,Takahito,Niizuma,Senior Staff,2001-08-19,9999-01-01
108273,Takahito,Niizuma,Staff,1996-08-19,2001-08-19
108277,Richara,Belinskaya,Senior Engineer,1998-05-17,9999-01-01
108284,Prasadram,Montresor,Staff,1995-08-15,9999-01-01
108287,Christoper,Ginneken,Senior Staff,1997-01-22,9999-01-01
108305,Navin,Rusterholz,Engineer,1998-05-07,9999-01-01
108310,Alain,Hooghiemstra,Engineer,1992-08-28,1997-08-28
108310,Alain,Hooghiemstra,Senior Engineer,1997-08-28,9999-01-01
108312,Utz,Schneeberger,Engineer,1989-04-05,1995-04-05
108312,Utz,Schneeberger,Senior Engineer,1995-04-05,9999-01-01
108324,Yongdong,Jullig,Engineer,1990-09-28,1998-09-28
108324,Yongdong,Jullig,Senior Engineer,1998-09-28,9999-01-01
108368,Alselm,Lindenbaum,Assistant Engineer,1988-02-13,1997-02-12
108368,Alselm,Lindenbaum,Engineer,1997-02-12,1999-06-22
108382,Pranay,Maksimenko,Engineer,1992-09-15,1999-09-16
108382,Pranay,Maksimenko,Senior Engineer,1999-09-16,9999-01-01
108387,Aral,Shimshoni,Senior Staff,1993-03-22,9999-01-01
108387,Aral,Shimshoni,Staff,1988-03-22,1993-03-22
108401,Beshir,Schmezko,Engineer,1997-08-19,9999-01-01
108419,KayLiang,Kroft,Engineer,1985-05-01,1993-05-01
108419,KayLiang,Kroft,Senior Engineer,1993-05-01,9999-01-01
108429,Pradeep,Mitzlaff,Staff,1999-11-03,9999-01-01
108438,Collette,Gihr,Engineer,1993-08-22,9999-01-01
108442,Yefim,Furudate,Senior Engineer,1999-10-09,9999-01-01
108457,Shaowei,Awdeh,Senior Staff,1988-10-05,9999-01-01
108485,Roselyn,Nivat,Engineer,1991-12-18,1999-12-18
108485,Roselyn,Nivat,Senior Engineer,1999-12-18,9999-01-01
108493,LiMin,Baig,Staff,1995-05-03,9999-01-01
108509,Yoshinari,Flanders,Engineer,1998-12-15,9999-01-01
108515,Naftaly,Peltason,Engineer,1998-11-14,9999-01-01
108522,Jeanne,Mundy,Assistant Engineer,1990-05-12,1997-05-12
108522,Jeanne,Mundy,Engineer,1997-05-12,9999-01-01
108529,Elgin,Peac,Assistant Engineer,1990-11-26,1991-12-25
108549,Masasuke,Kieras,Senior Staff,1999-08-30,9999-01-01
108549,Masasuke,Kieras,Staff,1991-08-30,1999-08-30
108562,Godehard,Trumbly,Engineer,1998-10-26,9999-01-01
108591,Zorica,Besancenot,Staff,1995-05-07,1999-07-01
108594,Jongsuk,Middleton,Senior Staff,2002-07-09,9999-01-01
108594,Jongsuk,Middleton,Staff,1993-07-09,2002-07-09
108614,Divier,Bala,Staff,1994-10-28,1999-02-07
108618,Nathan,Birnbaum,Senior Engineer,1998-10-29,9999-01-01
108650,Vidya,Homond,Senior Staff,1995-01-30,9999-01-01
108650,Vidya,Homond,Staff,1988-01-30,1995-01-30
108655,Mamdouh,Suwa,Staff,1993-08-07,9999-01-01
108658,Weicheng,DuCasse,Engineer,1997-02-02,1998-03-03
108674,Hilary,Diderrich,Senior Engineer,1992-04-20,9999-01-01
108718,Patricio,Salverda,Senior Engineer,1991-02-28,9999-01-01
108733,Koldo,Baby,Engineer,1987-01-03,1994-01-03
108733,Koldo,Baby,Senior Engineer,1994-01-03,9999-01-01
108738,Gaetan,Ullian,Engineer,1993-07-02,2000-07-02
108738,Gaetan,Ullian,Senior Engineer,2000-07-02,9999-01-01
108754,Edwin,Pettit,Technique Leader,1989-04-17,1994-08-09
108774,Hisao,Merkl,Senior Engineer,1998-07-06,1999-10-28
108792,Constantine,Dulay,Assistant Engineer,1991-02-08,1991-03-22
108810,Ghassan,Gecsei,Senior Staff,1997-04-10,9999-01-01
108810,Ghassan,Gecsei,Staff,1989-04-10,1997-04-10
108812,Shay,Menhardt,Senior Staff,2001-03-08,9999-01-01
108812,Shay,Menhardt,Staff,1996-03-08,2001-03-08
108814,Becky,Shihab,Engineer,1988-12-10,1996-12-10
108814,Becky,Shihab,Senior Engineer,1996-12-10,1999-05-18
108820,Sajjad,Staudhammer,Engineer,1989-02-10,1996-02-11
108820,Sajjad,Staudhammer,Senior Engineer,1996-02-11,9999-01-01
108826,Nikolaus,Bednarek,Staff,1992-03-19,1995-03-09
108827,Vitaly,Poehlman,Senior Staff,1999-08-27,9999-01-01
108827,Vitaly,Poehlman,Staff,1993-08-27,1999-08-27
108837,Stein,Veccia,Engineer,1991-06-17,2000-06-16
108837,Stein,Veccia,Senior Engineer,2000-06-16,9999-01-01
108859,Valter,Chelton,Engineer,1986-09-19,1992-09-18
108859,Valter,Chelton,Senior Engineer,1992-09-18,9999-01-01
108865,Moriyoshi,Eugenio,Engineer,1996-12-18,1998-05-24
108889,Manibrata,Coors,Technique Leader,1998-11-10,2001-11-28
108898,Xuedong,Neiman,Engineer,1993-05-06,1999-05-06
108898,Xuedong,Neiman,Senior Engineer,1999-05-06,9999-01-01
108902,Yakkov,Stamatiou,Senior Staff,1998-07-29,9999-01-01
108914,Arne,Gerteisen,Staff,1986-06-16,1991-08-14
108960,Spyrose,Coors,Senior Staff,1998-03-22,9999-01-01
108960,Spyrose,Coors,Staff,1990-03-22,1998-03-22
108965,Zine,Usery,Senior Staff,1995-05-11,9999-01-01
108965,Zine,Usery,Staff,1988-05-10,1995-05-11
108967,Juichirou,Hiltgen,Engineer,1985-04-12,1990-04-12
108967,Juichirou,Hiltgen,Senior Engineer,1990-04-12,9999-01-01
108978,Ebbe,Eiron,Technique Leader,1987-06-26,9999-01-01
109005,Vishwani,Diderrich,Technique Leader,1990-02-28,9999-01-01
109018,Selwyn,Rattan,Assistant Engineer,1988-08-15,1996-08-15
109018,Selwyn,Rattan,Engineer,1996-08-15,9999-01-01
109042,Tiina,Bondorf,Senior Engineer,1993-12-22,9999-01-01
109063,Chriss,Halevi,Senior Engineer,1996-07-03,9999-01-01
109065,Koichi,Gischer,Technique Leader,1988-07-01,9999-01-01
109075,Chaitali,Kusakabe,Staff,1997-02-06,2001-05-08
109079,Spyrose,Esposito,Technique Leader,1992-03-24,9999-01-01
109120,Sadun,Hitomi,Staff,1999-01-02,9999-01-01
109124,Xiaopeng,Felder,Senior Staff,1999-07-27,9999-01-01
109124,Xiaopeng,Felder,Staff,1992-07-26,1999-07-27
109128,Sreekrishna,Slobodova,Engineer,1998-07-09,2000-09-22
109140,Sachar,Ressouche,Senior Staff,1999-08-10,9999-01-01
109140,Sachar,Ressouche,Staff,1994-08-10,1999-08-10
109142,Stella,Prochazka,Senior Engineer,1986-07-30,9999-01-01
109154,Ioana,Businaro,Senior Staff,1996-08-25,2002-01-15
109160,Susuma,Feinberg,Senior Engineer,1993-12-13,2002-02-14
109176,Uinam,Crelier,Assistant Engineer,1994-10-06,9999-01-01
109198,Gritta,Ozery,Engineer,1993-09-08,2001-09-08
109198,Gritta,Ozery,Senior Engineer,2001-09-08,9999-01-01
109214,Juyoung,Baak,Engineer,1991-09-27,2000-09-26
109214,Juyoung,Baak,Senior Engineer,2000-09-26,9999-01-01
109217,Lene,Pietracaprina,Engineer,1995-06-01,9999-01-01
109227,Shaw,Roohalamini,Engineer,1993-11-16,2000-11-16
109227,Shaw,Roohalamini,Senior Engineer,2000-11-16,2002-03-04
109233,Eldridge,Rabejac,Engineer,1991-08-20,1993-12-26
109241,Howell,Suppi,Senior Staff,2002-04-14,9999-01-01
109241,Howell,Suppi,Staff,1996-04-14,2002-04-14
109247,Satosi,Kaltofen,Engineer,1992-06-30,2001-06-30
109247,Satosi,Kaltofen,Senior Engineer,2001-06-30,9999-01-01
109251,Paraskevi,Ramamoorthy,Assistant Engineer,1988-06-13,1994-06-13
109251,Paraskevi,Ramamoorthy,Engineer,1994-06-13,2000-06-12
109251,Paraskevi,Ramamoorthy,Senior Engineer,2000-06-12,9999-01-01
109265,Moti,Crelier,Staff,1996-02-08,1998-02-10
109302,Maja,Decleir,Engineer,1989-08-28,1996-08-28
109302,Maja,Decleir,Senior Engineer,1996-08-28,9999-01-01
109312,Brendon,Khalil,Senior Engineer,1995-04-15,9999-01-01
109319,Fumitaka,Lorin,Technique Leader,1993-09-24,9999-01-01
109343,Kazuhide,Feldmann,Staff,1997-12-04,9999-01-01
109357,Florina,Feldhoffer,Engineer,1985-12-14,1991-12-14
109357,Florina,Feldhoffer,Senior Engineer,1991-12-14,9999-01-01
109361,Guoxiang,Gulak,Staff,1990-01-24,1993-10-05
109405,Ashish,Pokrovskii,Senior Engineer,1992-04-12,9999-01-01
109406,Arne,Bael,Senior Staff,1997-10-07,9999-01-01
109406,Arne,Bael,Staff,1989-10-07,1997-10-07
109409,Xumin,Coorg,Staff,1999-10-13,9999-01-01
109430,Radhia,Erbe,Staff,1994-03-19,9999-01-01
109441,Danil,Sigstam,Senior Staff,1995-04-13,9999-01-01
109441,Danil,Sigstam,Staff,1988-04-12,1995-04-13
109447,Cedric,Swan,Engineer,1994-09-25,1999-09-25
109447,Cedric,Swan,Senior Engineer,1999-09-25,9999-01-01
109476,Chaosheng,Francisci,Senior Engineer,1986-03-12,9999-01-01
109485,Yinghua,Eterovic,Staff,1995-04-11,2001-04-07
109490,Kannan,Reistad,Staff,1999-12-14,9999-01-01
109495,Guiseppe,Middleton,Engineer,1992-12-21,1999-12-22
109495,Guiseppe,Middleton,Senior Engineer,1999-12-22,9999-01-01
109513,Shimshon,Erol,Assistant Engineer,1994-04-24,2001-04-24
109513,Shimshon,Erol,Engineer,2001-04-24,9999-01-01
109530,Jayson,Imataki,Engineer,1990-08-02,1997-08-02
109530,Jayson,Imataki,Senior Engineer,1997-08-02,9999-01-01
109543,Suebskul,Gurbaxani,Engineer,1994-10-19,1995-07-01
109550,Valter,Irland,Senior Engineer,1993-01-23,9999-01-01
109567,Tooru,Kropatsch,Engineer,1986-04-26,1995-04-26
109567,Tooru,Kropatsch,Senior Engineer,1995-04-26,9999-01-01
109571,Serap,Zeidenstein,Senior Staff,2000-02-29,9999-01-01
109571,Serap,Zeidenstein,Staff,1993-02-28,2000-02-29
109574,Takanari,Cannard,Senior Staff,1998-05-02,9999-01-01
109574,Takanari,Cannard,Staff,1991-05-02,1998-05-02
109576,Make,Tomescu,Senior Staff,1992-11-06,9999-01-01
109576,Make,Tomescu,Staff,1986-11-07,1992-11-06
109588,Gao,Koblick,Technique Leader,1996-10-08,9999-01-01
109593,Genta,Keirsey,Engineer,1995-10-23,1998-09-09
109597,Basil,Vickson,Senior Engineer,1993-03-04,2002-05-23
109605,Duro,Rabejac,Engineer,1998-04-16,1998-11-29
109618,Muzhong,Shokrollahi,Senior Staff,1985-09-05,9999-01-01
109689,Yuchang,Erva,Engineer,1991-06-12,1998-06-12
109689,Yuchang,Erva,Senior Engineer,1998-06-12,9999-01-01
109697,Remco,Cyne,Staff,1992-01-01,1992-03-12
109724,Chaosheng,Kobuchi,Engineer,1991-04-22,1993-03-18
109733,Izaskun,Pena,Senior Engineer,1997-05-15,9999-01-01
109738,Khedija,Mitsuhashi,Senior Staff,1997-12-22,9999-01-01
109738,Khedija,Mitsuhashi,Staff,1992-12-22,1997-12-22
109739,Vasilii,Molenkamp,Senior Staff,2002-01-17,9999-01-01
109739,Vasilii,Molenkamp,Staff,1995-01-17,2002-01-17
109745,Wojceich,Impagliazzo,Engineer,1993-03-22,1999-03-22
109745,Wojceich,Impagliazzo,Senior Engineer,1999-03-22,9999-01-01
109749,Denny,Milicia,Staff,1999-06-19,2000-11-14
109760,Heejo,Tempesti,Assistant Engineer,1993-08-20,9999-01-01
109766,Torsten,Heiserman,Senior Staff,2001-07-31,9999-01-01
109766,Torsten,Heiserman,Staff,1995-08-01,2001-07-31
109785,Christfried,Ranai,Technique Leader,1991-09-26,9999-01-01
109789,Lansing,Domenig,Engineer,1987-03-25,1992-03-24
109789,Lansing,Domenig,Senior Engineer,1992-03-24,2002-07-19
109792,Bouchung,Danley,Engineer,1995-07-30,2002-07-30
109792,Bouchung,Danley,Senior Engineer,2002-07-30,9999-01-01
109806,Premal,Puoti,Senior Staff,2001-04-25,9999-01-01
109806,Premal,Puoti,Staff,1993-04-25,2001-04-25
109819,Tadanori,Anily,Senior Staff,1995-01-27,9999-01-01
109825,Gadiel,Sinitsyn,Senior Staff,1992-10-15,1994-08-12
109825,Gadiel,Sinitsyn,Staff,1986-10-16,1992-10-15
109830,Ramzi,Krupka,Engineer,1997-05-07,2002-05-07
109830,Ramzi,Krupka,Senior Engineer,2002-05-07,9999-01-01
109843,Lucian,Bazzichi,Senior Engineer,1994-03-21,9999-01-01
109860,Mostafa,Osgood,Senior Staff,1986-09-15,9999-01-01
109862,Claude,Garnier,Engineer,1990-04-15,1996-04-14
109862,Claude,Garnier,Senior Engineer,1996-04-14,9999-01-01
109866,Seongbin,Sgarro,Engineer,1997-11-20,9999-01-01
109876,Lubomir,Felder,Engineer,1995-09-15,9999-01-01
109914,Yuuichi,Kusalik,Engineer,1990-01-11,1999-01-11
109914,Yuuichi,Kusalik,Senior Engineer,1999-01-11,9999-01-01
109916,Berthier,Farrow,Engineer,1990-05-31,1998-05-31
109916,Berthier,Farrow,Senior Engineer,1998-05-31,9999-01-01
109918,Fumiyo,Ertl,Technique Leader,1994-01-21,9999-01-01
109965,Wilmer,Heping,Senior Engineer,1999-02-22,9999-01-01
109982,Zeljko,Rodham,Technique Leader,1998-12-27,9999-01-01
109983,Youssef,Emmart,Engineer,1997-08-03,9999-01-01
109994,Guangming,Takkinen,Senior Staff,1993-11-13,9999-01-01
109994,Guangming,Takkinen,Staff,1986-11-13,1993-11-13
110000,Supot,Herath,Assistant Engineer,1989-06-22,1998-06-22
110000,Supot,Herath,Engineer,1998-06-22,9999-01-01
110022,Margareta,Markovitch,Manager,1985-01-01,1991-10-01
110022,Margareta,Markovitch,Senior Staff,1991-10-01,9999-01-01
110303,Krassimir,Wegerle,Manager,1985-01-01,1988-09-09
110303,Krassimir,Wegerle,Technique Leader,1988-09-09,9999-01-01
111784,Marjo,Giarratana,Manager,1988-10-17,1992-09-08
111784,Marjo,Giarratana,Senior Staff,1988-02-12,1988-10-17
111784,Marjo,Giarratana,Staff,1992-09-08,9999-01-01
200020,Filipe,Mungall,Assistant Engineer,1989-01-01,1997-01-01
200020,Filipe,Mungall,Engineer,1997-01-01,9999-01-01
200034,Youngkon,Portugali,Staff,1996-07-22,1996-09-23
200044,Taegyun,Seghrouchni,Staff,1996-12-02,9999-01-01
200055,Isamu,Besancenot,Senior Engineer,1989-12-28,9999-01-01
200084,Hitofumi,Gomatam,Staff,1998-05-19,9999-01-01
200095,Isamu,Kobuchi,Staff,1992-02-15,1992-04-23
200119,Frazer,Poehlman,Senior Staff,1995-06-22,1997-06-19
200123,Kristian,Desikan,Senior Staff,1990-05-11,9999-01-01
200127,Henk,Oehlmann,Senior Staff,1994-12-30,9999-01-01
200127,Henk,Oehlmann,Staff,1988-12-30,1994-12-30
200143,Chinya,Janetzko,Engineer,1985-10-23,1992-10-23
200143,Chinya,Janetzko,Senior Engineer,1992-10-23,9999-01-01
200144,Venkatesan,Muchinsky,Engineer,1991-01-02,2000-01-02
200144,Venkatesan,Muchinsky,Senior Engineer,2000-01-02,9999-01-01
200146,Izaskun,Coors,Staff,1996-11-11,9999-01-01
200155,Wilmer,Lindenbaum,Senior Engineer,1999-08-11,9999-01-01
200186,Feixiong,Sevcikova,Senior Staff,2000-03-04,9999-01-01
200186,Feixiong,Sevcikova,Staff,1993-03-04,2000-03-04
200191,Stella,Cannata,Senior Engineer,1990-08-28,9999-01-01
200200,Willard,Matzen,Senior Staff,1996-09-23,9999-01-01
200220,Koldo,Birnbaum,Staff,1997-09-29,9999-01-01
200228,Olivera,Prochazka,Engineer,1988-10-11,1995-10-12
200228,Olivera,Prochazka,Senior Engineer,1995-10-12,9999-01-01
200236,Tetsushi,Dusink,Engineer,1992-02-26,2001-02-25
200236,Tetsushi,Dusink,Senior Engineer,2001-02-25,9999-01-01
200240,Arch,Back,Senior Engineer,1999-08-15,9999-01-01
200241,Jaques,Kalefeld,Senior Staff,1985-02-01,9999-01-01
200242,Xiadong,Munke,Senior Staff,1998-06-26,9999-01-01
200242,Xiadong,Munke,Staff,1990-06-26,1998-06-26
200244,Danil,Miake,Senior Staff,1996-06-26,9999-01-01
200244,Danil,Miake,Staff,1991-06-27,1996-06-26
200246,Petter,Mansanne,Engineer,1985-04-10,1993-04-10
200246,Petter,Mansanne,Senior Engineer,1993-04-10,9999-01-01
200253,Zorica,Gyimothy,Staff,1999-01-03,9999-01-01
200285,Shigeu,Orsini,Technique Leader,1991-06-22,9999-01-01
200308,Irena,Rohrbach,Engineer,1989-01-12,1998-01-12
200308,Irena,Rohrbach,Senior Engineer,1998-01-12,9999-01-01
200330,Miomir,Riesenhuber,Senior Engineer,1996-12-04,2000-06-17
200335,Junsik,Syang,Staff,1995-09-26,1997-10-29
200341,Eberhardt,Butner,Senior Staff,1997-03-29,9999-01-01
200341,Eberhardt,Butner,Staff,1989-03-29,1997-03-29
200374,Selwyn,Sgarro,Senior Staff,1998-04-24,9999-01-01
200374,Selwyn,Sgarro,Staff,1993-04-24,1998-04-24
200381,Hideo,Kornyak,Senior Engineer,1990-09-30,9999-01-01
200383,Anestis,Reinhard,Engineer,1987-07-14,1993-07-13
200383,Anestis,Reinhard,Senior Engineer,1993-07-13,9999-01-01
200384,Mohua,Junet,Staff,1997-06-14,9999-01-01
200392,Kerhong,Picel,Engineer,1988-12-08,1996-12-08
200392,Kerhong,Picel,Senior Engineer,1996-12-08,9999-01-01
200415,Hironobu,Hegner,Technique Leader,1988-01-01,9999-01-01
200425,Filipe,Fiutem,Senior Staff,2000-07-02,9999-01-01
200425,Filipe,Fiutem,Staff,1994-07-03,2000-07-02
200426,Fun,Auyong,Senior Staff,2000-02-08,9999-01-01
200426,Fun,Auyong,Staff,1995-02-08,2000-02-08
200465,Thanasis,Chinal,Engineer,1999-10-12,9999-01-01
200471,Zijian,Vingron,Engineer,1997-02-01,2002-02-01
200471,Zijian,Vingron,Senior Engineer,2002-02-01,9999-01-01
200485,Trygve,Escriba,Engineer,1985-08-10,1992-08-10
200485,Trygve,Escriba,Senior Engineer,1992-08-10,9999-01-01
200487,Rosalie,Plessier,Senior Engineer,1993-09-22,1994-09-02
200542,Aron,Marchesini,Senior Staff,2001-06-14,9999-01-01
200542,Aron,Marchesini,Staff,1992-06-14,2001-06-14
200552,Vidya,Vingron,Engineer,1986-11-17,1995-11-17
200552,Vidya,Vingron,Senior Engineer,1995-11-17,9999-01-01
200559,Tesuro,Soicher,Senior Staff,1996-01-14,2000-10-27
200562,Arne,Tyugu,Assistant Engineer,1994-11-16,9999-01-01
200615,Along,Brodal,Senior Staff,1998-08-31,9999-01-01
200630,Woody,Beidas,Senior Engineer,1986-03-23,9999-01-01
200637,Xiahua,Clemencon,Senior Staff,1992-06-11,9999-01-01
200637,Xiahua,Clemencon,Staff,1986-06-12,1992-06-11
200651,Dante,Murtagh,Engineer,1993-09-03,1999-09-03
200651,Dante,Murtagh,Senior Engineer,1999-09-03,9999-01-01
200668,Jaana,Whitcomb,Senior Staff,1995-09-29,9999-01-01
200668,Jaana,Whitcomb,Staff,1986-09-29,1995-09-29
200669,Jixiang,Beetstra,Assistant Engineer,1989-01-09,1990-04-26
200675,Josyula,Plump,Assistant Engineer,1991-01-18,2000-01-18
200675,Josyula,Plump,Engineer,2000-01-18,9999-01-01
200680,Berto,Delaune,Senior Staff,1992-01-29,9999-01-01
200691,Raimond,Lieblein,Senior Staff,2000-05-10,9999-01-01
200691,Raimond,Lieblein,Staff,1993-05-10,2000-05-10
200698,Brigham,Improta,Staff,1992-06-22,1996-01-06
200701,Arfst,Vakili,Assistant Engineer,1998-05-17,1999-07-23
200707,Danae,Ranze,Engineer,1991-12-08,1997-12-07
200707,Danae,Ranze,Senior Engineer,1997-12-07,9999-01-01
200719,Shigeichiro,Fabrizio,Senior Staff,1999-08-30,9999-01-01
200719,Shigeichiro,Fabrizio,Staff,1994-08-30,1999-08-30
200723,Honesty,Paludetto,Engineer,1999-08-16,9999-01-01
200730,Bokyung,Saoudi,Senior Staff,1991-06-23,1999-03-29
200760,Uno,Kolinko,Engineer,1998-04-15,9999-01-01
200763,Urs,Ariola,Staff,1999-07-13,9999-01-01
200779,Jaana,Quittner,Technique Leader,1994-09-21,9999-01-01
200808,Zissis,Meszaros,Engineer,1991-11-03,1998-11-03
200808,Zissis,Meszaros,Senior Engineer,1998-11-03,2002-06-13
200829,Kazuhito,Alameldin,Engineer,1989-10-11,1995-10-11
200829,Kazuhito,Alameldin,Senior Engineer,1995-10-11,9999-01-01
200833,Ottavia,Perl,Senior Staff,1999-04-01,1999-10-15
200841,Syozo,Beilner,Engineer,1986-04-24,1992-04-23
200841,Syozo,Beilner,Senior Engineer,1992-04-23,9999-01-01
200843,Aruna,Taubenfeld,Senior Engineer,1989-06-25,9999-01-01
200868,Gro,Pramanik,Senior Staff,1991-06-22,9999-01-01
200868,Gro,Pramanik,Staff,1985-06-22,1991-06-22
200874,Erzsebet,Meszaros,Senior Staff,2000-08-21,9999-01-01
200874,Erzsebet,Meszaros,Staff,1993-08-21,2000-08-21
200883,Ottavia,Mandell,Engineer,1986-10-19,1992-10-18
200883,Ottavia,Mandell,Senior Engineer,1992-10-18,9999-01-01
200886,Yaghout,Unni,Engineer,1991-12-22,1997-12-21
200886,Yaghout,Unni,Senior Engineer,1997-12-21,9999-01-01
200892,Horward,Melter,Senior Staff,1999-01-02,9999-01-01
200894,Idoia,Pusterhofer,Staff,1998-02-13,9999-01-01
200910,Morris,Schlegelmilch,Staff,1992-01-09,1994-12-22
200915,Jinpo,Brickell,Senior Staff,1995-06-23,2001-10-20
200915,Jinpo,Brickell,Staff,1990-06-23,1995-06-23
200927,Stabislas,Puppe,Engineer,1996-10-21,9999-01-01
200932,Rosalyn,Eiter,Engineer,1993-04-26,2000-04-26
200932,Rosalyn,Eiter,Senior Engineer,2000-04-26,9999-01-01
200939,Morrie,Biran,Senior Staff,1990-05-15,9999-01-01
200960,Mary,Ligten,Technique Leader,1994-10-06,9999-01-01
200977,Mingzeng,Bernardeschi,Technique Leader,1991-09-13,9999-01-01
200981,Otmar,Yoshimura,Engineer,1994-11-24,9999-01-01
200983,Shigenori,Rosenbaum,Engineer,1999-11-19,9999-01-01
201000,Persi,Meszaros,Technique Leader,1990-09-07,9999-01-01
201004,Krassimir,Huttel,Senior Staff,1985-08-24,9999-01-01
201008,Marie,Hiraishi,Assistant Engineer,1997-11-02,9999-01-01
201020,Danai,Khasidashvili,Senior Staff,1995-09-03,1996-09-24
201020,Danai,Khasidashvili,Staff,1988-09-02,1995-09-03
201027,Jaewoo,Egerstedt,Senior Engineer,1987-05-25,1999-05-08
201032,Nectarios,Meriste,Engineer,1985-05-26,1991-05-26
201032,Nectarios,Meriste,Senior Engineer,1991-05-26,9999-01-01
201095,Morris,Merey,Engineer,1987-04-17,1990-09-22
201101,Lokesh,Wilharm,Engineer,1986-03-11,1991-03-11
201101,Lokesh,Wilharm,Senior Engineer,1991-03-11,9999-01-01
201103,Kien,Azadmanesh,Engineer,1987-12-18,1993-12-17
201103,Kien,Azadmanesh,Senior Engineer,1993-12-17,1997-05-25
201121,Golgen,Poujol,Senior Staff,1993-06-10,9999-01-01
201121,Golgen,Poujol,Staff,1985-06-10,1993-06-10
201129,Piyush,Schwaller,Staff,1996-05-12,9999-01-01
201139,Angel,Rissanen,Engineer,1994-10-20,2001-10-20
201139,Angel,Rissanen,Senior Engineer,2001-10-20,9999-01-01
201142,Rildo,Baig,Senior Staff,1996-06-02,9999-01-01
201142,Rildo,Baig,Staff,1991-06-03,1996-06-02
201151,Chaosheng,Tyugu,Senior Staff,1998-09-21,9999-01-01
201155,Petter,Templeman,Senior Engineer,1999-07-29,9999-01-01
201189,Tadahiro,Petereit,Senior Staff,1986-04-19,9999-01-01
201198,Berna,Azulay,Engineer,1996-01-06,1998-01-06
201274,Francesca,Begiun,Senior Staff,1997-04-14,9999-01-01
201274,Francesca,Begiun,Staff,1989-04-14,1997-04-14
201289,Oldrich,Peroz,Engineer,1985-09-02,1993-09-02
201289,Oldrich,Peroz,Senior Engineer,1993-09-02,1999-09-15
201301,Howell,Ashish,Senior Staff,1999-03-12,9999-01-01
201301,Howell,Ashish,Staff,1994-03-12,1999-03-12
201304,Yuping,Bharadwaj,Senior Staff,1994-06-27,9999-01-01
201304,Yuping,Bharadwaj,Staff,1987-06-27,1994-06-27
201322,Masaru,Yurov,Senior Engineer,1995-06-07,9999-01-01
201336,Jaewoo,Percebois,Senior Staff,1996-08-30,9999-01-01
201336,Jaewoo,Percebois,Staff,1991-08-31,1996-08-30
201359,Ewing,Zweizig,Assistant Engineer,1985-11-25,1993-11-25
201359,Ewing,Zweizig,Engineer,1993-11-25,1998-04-27
201370,Aran,Lanphier,Senior Staff,2002-06-19,9999-01-01
201370,Aran,Lanphier,Staff,1996-06-19,2002-06-19
201402,DAIDA,Perri,Engineer,1991-04-10,2000-04-09
201402,DAIDA,Perri,Senior Engineer,2000-04-09,9999-01-01
201434,Shen,Haraldson,Senior Staff,2001-12-31,9999-01-01
201434,Shen,Haraldson,Staff,1996-12-31,2001-12-31
201441,Shuky,Luca,Technique Leader,1996-10-31,9999-01-01
201474,Syozo,Munck,Senior Staff,1990-12-29,2000-07-02
201485,Hsiangchu,Rotem,Engineer,1996-09-07,2001-09-07
201485,Hsiangchu,Rotem,Senior Engineer,2001-09-07,9999-01-01
201495,Keung,Salverda,Engineer,1989-03-08,1998-03-08
201495,Keung,Salverda,Senior Engineer,1998-03-08,9999-01-01
201497,Shen,Mondadori,Engineer,1997-05-02,9999-01-01
201514,Kensyu,Lindqvist,Senior Staff,1991-06-21,9999-01-01
201514,Kensyu,Lindqvist,Staff,1985-06-21,1991-06-21
201519,Branimir,Poulakidas,Engineer,1995-08-28,2001-08-27
201519,Branimir,Poulakidas,Senior Engineer,2001-08-27,9999-01-01
201546,Elrique,Heuter,Engineer,1991-03-17,2000-03-16
201546,Elrique,Heuter,Senior Engineer,2000-03-16,9999-01-01
201581,Wanqing,Rothe,Staff,1997-11-12,9999-01-01
201584,Wanqing,Ratnaker,Engineer,1998-02-22,9999-01-01
201585,Gor,Clemencon,Senior Staff,2001-03-03,9999-01-01
201585,Gor,Clemencon,Staff,1994-03-03,2001-03-03
201595,Houman,Baak,Engineer,1994-05-25,2000-05-24
201595,Houman,Baak,Senior Engineer,2000-05-24,9999-01-01
201616,Moon,Mahnke,Staff,1997-01-25,9999-01-01
201630,Frederique,Swiss,Senior Staff,1994-09-29,9999-01-01
201636,Anoosh,Chinen,Engineer,1985-05-04,1994-05-04
201636,Anoosh,Chinen,Senior Engineer,1994-05-04,9999-01-01
201640,Shigeichiro,Leonhardt,Senior Staff,1995-02-20,9999-01-01
201640,Shigeichiro,Leonhardt,Staff,1990-02-20,1995-02-20
201649,Shunichi,McAffer,Senior Staff,2000-09-10,9999-01-01
201649,Shunichi,McAffer,Staff,1992-09-10,2000-09-10
201652,Georg,Wynblatt,Senior Staff,2000-11-17,9999-01-01
201652,Georg,Wynblatt,Staff,1992-11-17,2000-11-17
201741,Martina,Bach,Engineer,1999-02-03,2001-03-05
201749,Val,Standera,Senior Engineer,1988-04-07,9999-01-01
201757,Ulf,Zaccaria,Technique Leader,1993-03-23,9999-01-01
201824,Giap,Coors,Engineer,1991-03-12,1998-03-12
201824,Giap,Coors,Senior Engineer,1998-03-12,9999-01-01
201826,Dines,Cichocki,Staff,1995-08-30,9999-01-01
201836,Hauke,Kamble,Senior Engineer,1989-04-19,9999-01-01
201841,Udo,McDermid,Technique Leader,1996-10-16,9999-01-01
201862,Sreekrishna,Zeidenstein,Senior Staff,2002-07-07,9999-01-01
201862,Sreekrishna,Zeidenstein,Staff,1995-07-07,2002-07-07
201871,Stella,Buescher,Staff,1996-04-06,1999-06-09
201872,Phule,Siochi,Senior Staff,1995-03-05,9999-01-01
201872,Phule,Siochi,Staff,1986-03-05,1995-03-05
201875,Yannis,Suppi,Engineer,1993-02-11,2000-02-12
201875,Yannis,Suppi,Senior Engineer,2000-02-12,9999-01-01
201877,Rosalyn,Cronau,Senior Staff,1985-04-24,9999-01-01
201897,Ziyad,Miake,Senior Staff,1987-08-18,1992-01-09
201898,Flemming,Slaats,Assistant Engineer,1985-10-14,1993-10-14
201898,Flemming,Slaats,Engineer,1993-10-14,2001-10-14
201898,Flemming,Slaats,Senior Engineer,2001-10-14,9999-01-01
201938,Valter,Lieberherr,Senior Staff,2000-08-23,9999-01-01
201938,Valter,Lieberherr,Staff,1995-08-24,2000-08-23
201941,Hatim,Ghemri,Staff,1997-09-25,9999-01-01
201949,Chenyi,Uehara,Engineer,1988-10-06,1995-10-07
201949,Chenyi,Uehara,Senior Engineer,1995-10-07,9999-01-01
201955,Xiaoqiang,Dalton,Engineer,1988-08-04,1996-08-04
201955,Xiaoqiang,Dalton,Senior Engineer,1996-08-04,9999-01-01
201970,Karsten,Greibach,Senior Staff,1993-10-03,9999-01-01
201970,Karsten,Greibach,Staff,1986-10-03,1993-10-03
202009,Sanjiv,Bolotov,Staff,1998-06-27,9999-01-01
202046,Maik,Pleszkun,Senior Staff,1998-07-18,9999-01-01
202046,Maik,Pleszkun,Staff,1990-07-18,1998-07-18
202057,Nahla,Christianini,Senior Staff,1998-08-01,9999-01-01
202057,Nahla,Christianini,Staff,1989-08-01,1998-08-01
202061,Mantis,Barvinok,Engineer,1987-03-15,1993-03-14
202061,Mantis,Barvinok,Senior Engineer,1993-03-14,1995-01-30
202062,Jongsuk,Raczkowsky,Senior Engineer,1993-02-05,9999-01-01
202064,Ekawit,Badr,Assistant Engineer,1985-12-15,1993-12-15
202064,Ekawit,Badr,Engineer,1993-12-15,2001-12-15
202064,Ekawit,Badr,Senior Engineer,2001-12-15,9999-01-01
202088,Mohd,Bernini,Senior Staff,1993-01-04,9999-01-01
202092,Takahiro,Decleir,Engineer,1994-05-08,1999-05-08
202092,Takahiro,Decleir,Senior Engineer,1999-05-08,2002-01-17
202121,Jayson,Sudkamp,Assistant Engineer,1987-08-30,1995-08-30
202121,Jayson,Sudkamp,Engineer,1995-08-30,9999-01-01
202123,Hailing,Preusig,Senior Staff,1991-12-31,9999-01-01
202136,Nevin,Kusakabe,Engineer,1995-11-30,2001-08-15
202143,Shigeo,Nooteboom,Senior Staff,2001-01-15,9999-01-01
202143,Shigeo,Nooteboom,Staff,1995-01-16,2001-01-15
202171,Wilmer,Syrotiuk,Senior Staff,1986-06-08,9999-01-01
202187,Arra,Keustermans,Senior Staff,1997-11-11,9999-01-01
202187,Arra,Keustermans,Staff,1992-11-11,1997-11-11
202215,Trygve,Guerreiro,Engineer,1986-12-17,1992-12-16
202215,Trygve,Guerreiro,Senior Engineer,1992-12-16,9999-01-01
202217,Golgen,Spieker,Assistant Engineer,1987-09-09,1992-09-08
202217,Golgen,Spieker,Engineer,1992-09-08,1997-09-08
202217,Golgen,Spieker,Senior Engineer,1997-09-08,9999-01-01
202239,Jiafu,Wissmann,Engineer,1993-06-07,1998-06-07
202239,Jiafu,Wissmann,Senior Engineer,1998-06-07,2000-03-28
202240,Christophe,Michaeli,Engineer,1989-04-14,1997-04-14
202240,Christophe,Michaeli,Senior Engineer,1997-04-14,9999-01-01
202241,Mamdouh,Vidya,Engineer,1996-03-30,9999-01-01
202263,Anneke,Melter,Staff,1997-08-14,9999-01-01
202274,Parke,Masand,Senior Staff,2001-06-01,9999-01-01
202274,Parke,Masand,Staff,1992-06-01,2001-06-01
202278,Szabolcs,Marakhovsky,Staff,1997-10-06,9999-01-01
202293,Rutger,Hellwagner,Senior Staff,1991-02-10,9999-01-01
202293,Rutger,Hellwagner,Staff,1986-02-10,1991-02-10
202294,Guenter,Setiz,Engineer,1987-03-21,1994-03-21
202294,Guenter,Setiz,Senior Engineer,1994-03-21,9999-01-01
202347,Giordano,Brandsma,Senior Staff,1994-09-19,9999-01-01
202347,Giordano,Brandsma,Staff,1987-09-19,1994-09-19
202354,Jeong,Siochi,Senior Staff,1998-01-15,9999-01-01
202387,Mamdouh,Luga,Engineer,1987-08-27,1993-08-26
202387,Mamdouh,Luga,Senior Engineer,1993-08-26,9999-01-01
202422,Toshimi,Staudhammer,Senior Staff,1995-10-15,9999-01-01
202422,Toshimi,Staudhammer,Staff,1990-10-15,1995-10-15
202466,Marl,Bamford,Engineer,1990-05-31,1994-03-28
202471,Vatsa,Mahmud,Engineer,1999-05-19,9999-01-01
202478,Xiaoheng,Michaels,Senior Engineer,1991-07-27,1995-05-16
202480,Suvo,Benzmuller,Senior Staff,1995-05-11,9999-01-01
202485,Fatemeh,Krider,Staff,1997-10-19,9999-01-01
202494,Hugo,Gyimothy,Senior Staff,1991-04-13,9999-01-01
202494,Hugo,Gyimothy,Staff,1985-04-13,1991-04-13
202495,Mabhin,Suppi,Senior Staff,2002-02-17,9999-01-01
202495,Mabhin,Suppi,Staff,1993-02-17,2002-02-17
202496,Shridhar,Penz,Assistant Engineer,1985-07-09,1993-07-09
202496,Shridhar,Penz,Engineer,1993-07-09,2001-07-09
202496,Shridhar,Penz,Senior Engineer,2001-07-09,9999-01-01
202523,Sanjit,Kobara,Engineer,1988-03-09,1991-06-13
202528,Claude,Dalton,Engineer,1986-10-21,1994-10-21
202528,Claude,Dalton,Senior Engineer,1994-10-21,9999-01-01
202535,Kasidit,Veevers,Engineer,1996-05-20,2002-05-20
202535,Kasidit,Veevers,Senior Engineer,2002-05-20,9999-01-01
202540,Xumin,Gils,Senior Staff,1991-09-09,9999-01-01
202540,Xumin,Gils,Staff,1986-09-09,1991-09-09
202554,Uzi,Vandervoorde,Senior Staff,2002-02-16,9999-01-01
202554,Uzi,Vandervoorde,Staff,1994-02-16,2002-02-16
202565,Caolyn,Murtha,Senior Staff,1993-04-24,9999-01-01
202565,Caolyn,Murtha,Staff,1987-04-25,1993-04-24
202566,Udi,Moffat,Engineer,1996-05-26,2001-05-26
202566,Udi,Moffat,Senior Engineer,2001-05-26,9999-01-01
202572,Marit,Perin,Senior Staff,1995-09-29,9999-01-01
202572,Marit,Perin,Staff,1989-09-29,1995-09-29
202596,Somnath,Kenevan,Staff,1998-11-26,1999-09-25
202645,Valter,Rouquie,Assistant Engineer,1987-03-11,1993-03-10
202645,Valter,Rouquie,Engineer,1993-03-10,1999-03-10
202645,Valter,Rouquie,Senior Engineer,1999-03-10,9999-01-01
202653,Mabo,Coombs,Engineer,1993-10-01,1999-10-01
202653,Mabo,Coombs,Senior Engineer,1999-10-01,9999-01-01
202654,Tua,Remmers,Engineer,1995-04-02,2001-04-01
202654,Tua,Remmers,Senior Engineer,2001-04-01,9999-01-01
202658,Kamakshi,Decleir,Staff,1991-05-16,1998-02-13
202662,Jouni,Furedi,Senior Engineer,1992-08-28,9999-01-01
202694,Leah,Hambrick,Assistant Engineer,1992-02-08,2000-02-08
202694,Leah,Hambrick,Engineer,2000-02-08,9999-01-01
202703,Janche,Trelles,Staff,1989-06-16,1993-09-07
202705,Sedat,Gustavson,Staff,1996-09-11,9999-01-01
202710,Yechiam,Journel,Technique Leader,1989-09-05,9999-01-01
202722,Kwangyoen,Bahi,Engineer,1993-06-15,2000-06-15
202722,Kwangyoen,Bahi,Senior Engineer,2000-06-15,9999-01-01
202751,Beshir,Czaja,Senior Staff,1985-03-04,2001-08-26
202755,Piyush,Stifter,Senior Staff,1993-07-10,9999-01-01
202755,Piyush,Stifter,Staff,1985-07-10,1993-07-10
202761,Navid,Zirintsis,Engineer,1987-03-26,1995-03-26
202761,Navid,Zirintsis,Senior Engineer,1995-03-26,9999-01-01
202767,Aloys,Francisci,Senior Engineer,1988-05-20,9999-01-01
202770,Nahid,Prochazka,Engineer,1995-10-26,9999-01-01
202781,Sergi,Laventhal,Senior Engineer,1994-03-31,9999-01-01
202791,Yifei,Esposito,Staff,1988-08-06,1994-01-23
202798,Stepehn,Knightly,Engineer,1996-01-30,2001-01-29
202798,Stepehn,Knightly,Senior Engineer,2001-01-29,9999-01-01
202803,Apostol,Zielinski,Engineer,1988-12-22,1996-12-22
202803,Apostol,Zielinski,Senior Engineer,1996-12-22,9999-01-01
202808,Vatsa,Flowers,Senior Staff,1998-01-18,9999-01-01
202808,Vatsa,Flowers,Staff,1990-01-18,1998-01-18
202812,Kerryn,Bauknecht,Senior Engineer,1993-10-21,9999-01-01
202839,Barton,Mansanne,Senior Staff,1995-04-09,9999-01-01
202870,Elzbieta,Lambe,Senior Staff,1993-11-30,9999-01-01
202870,Elzbieta,Lambe,Staff,1985-11-30,1993-11-30
202892,Owen,Pokrovskii,Senior Staff,1990-06-29,1997-12-12
202892,Owen,Pokrovskii,Staff,1985-06-29,1990-06-29
202895,Naftali,Cannane,Engineer,1994-01-25,9999-01-01
202911,Manu,Irland,Staff,1996-10-02,9999-01-01
202925,Vesna,Gerlach,Staff,1999-03-20,9999-01-01
202927,Vatsa,Mattern,Staff,1991-10-08,1996-03-22
202991,Francesca,Zallocco,Senior Staff,1999-08-27,9999-01-01
202991,Francesca,Zallocco,Staff,1991-08-27,1999-08-27
203006,Barun,Bennet,Senior Engineer,1989-12-12,9999-01-01
203009,Clyde,Avouris,Engineer,1990-11-17,1997-11-17
203009,Clyde,Avouris,Senior Engineer,1997-11-17,9999-01-01
203019,Mitchel,Birnbaum,Senior Staff,1994-09-12,9999-01-01
203019,Mitchel,Birnbaum,Staff,1989-09-12,1994-09-12
203027,Alassane,Bale,Staff,1998-06-13,2001-03-19
203039,Maya,Mukaidono,Technique Leader,1986-06-15,1989-07-08
203044,Arto,Trumbly,Senior Staff,2002-03-12,9999-01-01
203044,Arto,Trumbly,Staff,1997-03-12,2002-03-12
203047,Arnould,Luke,Engineer,1991-04-24,1999-04-24
203047,Arnould,Luke,Senior Engineer,1999-04-24,9999-01-01
203080,Denis,Fasbender,Senior Engineer,1988-08-27,9999-01-01
203081,Gianluca,Tischendorf,Senior Staff,2002-04-27,9999-01-01
203081,Gianluca,Tischendorf,Staff,1996-04-27,2002-04-27
203090,Clyde,Rikino,Engineer,1994-05-17,2002-05-11
203119,Branimir,Bach,Engineer,1986-02-08,1992-02-08
203119,Branimir,Bach,Senior Engineer,1992-02-08,9999-01-01
203121,Satyanarayana,Garigliano,Technique Leader,1986-07-15,9999-01-01
203123,Nikolaos,Schlenzig,Technique Leader,1986-09-23,1990-02-01
203127,Mats,Gils,Staff,1998-06-21,9999-01-01
203151,Fay,Garnham,Engineer,1985-03-31,1990-03-31
203151,Fay,Garnham,Senior Engineer,1990-03-31,1993-08-05
203153,Junsik,Orsini,Senior Staff,1995-07-02,9999-01-01
203153,Junsik,Orsini,Staff,1986-07-02,1995-07-02
203163,Bingning,Antonakopoulos,Engineer,1998-08-05,9999-01-01
203169,Vishv,Bage,Senior Staff,1998-06-16,9999-01-01
203169,Vishv,Bage,Staff,1990-06-16,1998-06-16
203191,Alejandro,Kropp,Engineer,1997-09-03,9999-01-01
203212,Arumugam,Ulupinar,Engineer,1989-10-17,1996-10-17
203212,Arumugam,Ulupinar,Senior Engineer,1996-10-17,9999-01-01
203213,Chuanyi,Griswold,Engineer,1994-05-20,2002-05-20
203213,Chuanyi,Griswold,Senior Engineer,2002-05-20,9999-01-01
203217,Yolla,Stafford,Engineer,1992-05-31,1998-05-31
203217,Yolla,Stafford,Senior Engineer,1998-05-31,9999-01-01
203233,Jianhui,Chiodo,Staff,1998-02-14,9999-01-01
203252,Zongyan,Bondorf,Senior Staff,1995-08-31,9999-01-01
203252,Zongyan,Bondorf,Staff,1986-08-31,1995-08-31
203259,Maria,Kampfer,Engineer,1992-02-19,1999-02-19
203259,Maria,Kampfer,Senior Engineer,1999-02-19,9999-01-01
203260,Harngdar,Penttonen,Technique Leader,1987-01-07,1993-01-24
203265,Aleksandar,Muhlberg,Senior Staff,1985-11-29,1998-03-31
203271,Emran,Peris,Engineer,1997-11-01,9999-01-01
203276,Tesuro,Thibadeau,Engineer,1998-04-23,9999-01-01
203279,Tomoyuki,Iisaka,Staff,1995-01-21,9999-01-01
203287,Yahiko,Cronan,Senior Engineer,1998-10-28,9999-01-01
203306,Hirochika,Flowers,Senior Engineer,1986-10-29,9999-01-01
203322,Chriss,Danley,Engineer,1996-03-29,9999-01-01
203332,Gal,Foote,Senior Staff,1990-07-06,9999-01-01
203336,Kayoko,Leivant,Engineer,1993-06-14,2001-06-14
203336,Kayoko,Leivant,Senior Engineer,2001-06-14,9999-01-01
203425,Gift,Kilgore,Engineer,1985-12-01,1992-12-01
203425,Gift,Kilgore,Senior Engineer,1992-12-01,9999-01-01
203435,Gal,Validov,Senior Staff,1999-11-30,9999-01-01
203477,Ung,Eiron,Engineer,1997-05-30,9999-01-01
203489,Kwangsub,Breugel,Senior Staff,1995-01-15,9999-01-01
203489,Kwangsub,Breugel,Staff,1988-01-15,1995-01-15
203499,Rimli,Daescu,Senior Staff,1999-01-09,9999-01-01
203499,Rimli,Daescu,Staff,1991-01-09,1999-01-09
203508,Perla,Lund,Senior Engineer,1999-02-08,9999-01-01
203535,Jessie,Kabayashi,Staff,1996-07-01,9999-01-01
203547,Gunilla,Marrakchi,Senior Staff,1994-04-19,1996-02-04
203547,Gunilla,Marrakchi,Staff,1985-04-19,1994-04-19
203552,Guther,Templeman,Engineer,1995-01-01,9999-01-01
203564,Bernice,Munck,Engineer,1990-09-07,1997-09-07
203564,Bernice,Munck,Senior Engineer,1997-09-07,9999-01-01
203587,Vojin,Syang,Senior Engineer,1998-08-30,9999-01-01
203603,Shawna,Bage,Senior Staff,1995-05-04,9999-01-01
203603,Shawna,Bage,Staff,1990-05-04,1995-05-04
203614,Petter,Zhang,Engineer,1988-11-22,1994-11-22
203614,Petter,Zhang,Senior Engineer,1994-11-22,9999-01-01
203624,Marco,Cmelik,Engineer,1988-10-18,1994-10-18
203624,Marco,Cmelik,Senior Engineer,1994-10-18,9999-01-01
203625,Zeljko,Ghalwash,Technique Leader,1986-06-04,9999-01-01
203634,Alejandro,Christ,Technique Leader,1989-08-03,9999-01-01
203654,Xiong,Jeong,Staff,1994-07-25,1998-07-18
203660,Kasturi,Olivero,Senior Staff,1994-10-11,2001-07-14
203660,Kasturi,Olivero,Staff,1987-10-11,1994-10-11
203661,Mona,Kamber,Technique Leader,1986-10-20,1989-11-16
203666,Mikhail,Juneja,Engineer,1998-04-15,9999-01-01
203686,Torsten,Schrooten,Senior Staff,2001-07-10,9999-01-01
203686,Torsten,Schrooten,Staff,1994-07-10,2001-07-10
203687,Sanjai,Harbusch,Senior Staff,1997-04-09,9999-01-01
203687,Sanjai,Harbusch,Staff,1992-04-09,1997-04-09
203701,Udo,Cappelletti,Engineer,1991-09-03,1996-09-02
203701,Udo,Cappelletti,Senior Engineer,1996-09-02,9999-01-01
203723,Doowon,Hasenauer,Engineer,1990-07-20,1997-07-20
203723,Doowon,Hasenauer,Senior Engineer,1997-07-20,9999-01-01
203727,Ronghao,Nanard,Senior Staff,1994-04-29,9999-01-01
203727,Ronghao,Nanard,Staff,1989-04-29,1994-04-29
203754,Jingling,Isaak,Senior Staff,1996-01-31,9999-01-01
203758,Yaghout,Verspoor,Staff,1994-09-08,9999-01-01
203760,Claude,Dusink,Engineer,1989-08-12,1995-08-12
203760,Claude,Dusink,Senior Engineer,1995-08-12,2000-08-27
203764,Ghassan,Mersereau,Staff,1996-09-11,9999-01-01
203774,Atreyi,Plessier,Engineer,1998-03-13,2001-04-04
203797,Tonia,Lambe,Senior Staff,1996-06-23,9999-01-01
203797,Tonia,Lambe,Staff,1989-06-23,1996-06-23
203814,Shigenori,Pietracaprina,Assistant Engineer,1994-12-31,9999-01-01
203819,Oldrich,Kalsbeek,Engineer,1997-09-08,9999-01-01
203822,Aleksandar,Welham,Senior Staff,1998-09-01,9999-01-01
203822,Aleksandar,Welham,Staff,1993-09-01,1998-09-01
203829,Shugo,Luan,Staff,1997-10-10,2001-08-27
203832,Kankanahalli,Perko,Senior Staff,1985-11-08,9999-01-01
203851,Macha,Georg,Technique Leader,1997-07-29,1998-02-11
203881,Rance,Berztiss,Senior Staff,2002-01-12,9999-01-01
203881,Rance,Berztiss,Staff,1993-01-12,2002-01-12
203888,Hausi,Miculan,Senior Staff,1985-05-21,9999-01-01
203913,Berni,Nanard,Technique Leader,1987-09-27,9999-01-01
203916,Florian,Reinhard,Engineer,1993-06-09,2002-06-09
203916,Florian,Reinhard,Senior Engineer,2002-06-09,9999-01-01
203918,Lakshmi,Usery,Senior Staff,1996-01-22,9999-01-01
203918,Lakshmi,Usery,Staff,1989-01-21,1996-01-22
203925,Aiichiro,Bonifati,Engineer,1989-11-09,1994-11-09
203925,Aiichiro,Bonifati,Senior Engineer,1994-11-09,9999-01-01
203930,Aiman,Delgrande,Engineer,1996-11-22,9999-01-01
203945,Shahar,Back,Senior Staff,2001-01-24,9999-01-01
203945,Shahar,Back,Staff,1996-01-25,2001-01-24
203962,Martijn,Sidje,Engineer,1985-06-27,1991-06-27
203962,Martijn,Sidje,Senior Engineer,1991-06-27,9999-01-01
203965,Nathalie,Pews,Staff,1998-10-18,9999-01-01
203973,Alejandra,Vesna,Engineer,1999-11-01,9999-01-01
203979,Tokuyasu,Serre,Engineer,1999-10-27,9999-01-01
204010,Shigehiro,Rindone,Senior Staff,1992-10-22,9999-01-01
204010,Shigehiro,Rindone,Staff,1986-10-23,1992-10-22
204023,Marl,Harbusch,Senior Staff,2001-08-07,9999-01-01
204023,Marl,Harbusch,Staff,1994-08-07,2001-08-07
204041,Vatsa,Nollmann,Senior Staff,1997-12-04,9999-01-01
204041,Vatsa,Nollmann,Staff,1988-12-04,1997-12-04
204052,Navid,Melter,Staff,1995-04-15,1996-05-10
204054,Anestis,Rathonyi,Engineer,1990-05-27,1996-05-26
204054,Anestis,Rathonyi,Senior Engineer,1996-05-26,2001-01-21
204086,Jaques,Valette,Staff,1998-08-24,9999-01-01
204087,Pragnesh,Chachaty,Senior Engineer,1992-08-20,1997-04-20
204098,Goetz,Legleitner,Engineer,1986-11-10,1994-11-10
204098,Goetz,Legleitner,Senior Engineer,1994-11-10,9999-01-01
204100,Moty,Erbe,Senior Engineer,1992-09-24,1992-11-07
204123,Marc,Gargeya,Assistant Engineer,1987-10-29,1996-10-28
204123,Marc,Gargeya,Engineer,1996-10-28,9999-01-01
204153,Marko,Alblas,Senior Staff,1999-07-10,9999-01-01
204153,Marko,Alblas,Staff,1991-07-10,1999-07-10
204161,Ferdinand,Katiyar,Senior Engineer,1985-11-29,2000-02-01
204163,Sanjiv,Ozeki,Senior Staff,1995-03-28,9999-01-01
204201,Saddek,Pews,Senior Engineer,1991-12-18,9999-01-01
204224,Youngkon,Camarinopoulos,Assistant Engineer,1988-04-03,1993-04-03
204224,Youngkon,Camarinopoulos,Engineer,1993-04-03,1998-04-03
204224,Youngkon,Camarinopoulos,Senior Engineer,1998-04-03,9999-01-01
204257,Margareta,Joslin,Engineer,1995-10-16,9999-01-01
204270,Piyush,Gist,Engineer,1990-04-18,1999-04-18
204270,Piyush,Gist,Senior Engineer,1999-04-18,2000-02-22
204280,Berni,Wursthorn,Engineer,1996-07-12,1998-01-12
204283,Jinpo,Sifakis,Staff,1998-03-10,9999-01-01
204329,Premsyl,Lamparter,Senior Staff,1995-12-03,9999-01-01
204342,Qingxiang,Bojadziev,Senior Staff,1996-08-29,9999-01-01
204342,Qingxiang,Bojadziev,Staff,1991-08-30,1996-08-29
204344,Heekeun,Wendorf,Engineer,1998-04-29,9999-01-01
204358,Youngkon,Matzel,Senior Staff,1999-11-19,9999-01-01
204365,Tiina,Stanfel,Engineer,1996-05-30,9999-01-01
204370,Rosli,Hitomi,Staff,1991-04-27,1993-08-26
204374,Xiping,Moffat,Engineer,1993-10-27,1999-10-27
204374,Xiping,Moffat,Senior Engineer,1999-10-27,9999-01-01
204375,Jolita,Munch,Senior Staff,1998-05-07,9999-01-01
204375,Jolita,Munch,Staff,1989-05-07,1998-05-07
204388,Herbert,Itzigehl,Engineer,1986-06-23,1994-06-23
204388,Herbert,Itzigehl,Senior Engineer,1994-06-23,9999-01-01
204398,Mantis,Encarnacion,Engineer,1988-01-22,1993-01-21
204398,Mantis,Encarnacion,Senior Engineer,1993-01-21,9999-01-01
204437,Badri,Rosin,Senior Staff,1999-07-18,9999-01-01
204437,Badri,Rosin,Staff,1990-07-18,1999-07-18
204492,Adas,Basawa,Senior Engineer,1994-01-27,9999-01-01
204499,Danai,Heemskerk,Assistant Engineer,1999-09-14,9999-01-01
204504,Zijian,Ducloy,Engineer,1992-06-20,1997-06-20
204504,Zijian,Ducloy,Senior Engineer,1997-06-20,9999-01-01
204538,Jessie,Barvinok,Senior Staff,1998-04-30,9999-01-01
204538,Jessie,Barvinok,Staff,1992-04-30,1998-04-30
204544,Xiping,Zirintsis,Senior Engineer,1994-11-23,1997-05-14
204563,Laurentiu,Chenney,Senior Staff,1994-04-28,9999-01-01
204563,Laurentiu,Chenney,Staff,1988-04-28,1994-04-28
204568,Uinam,Ertl,Engineer,1992-02-05,1997-02-04
204568,Uinam,Ertl,Senior Engineer,1997-02-04,1998-06-01
204599,Chinho,Christ,Engineer,1985-12-08,1990-12-08
204599,Chinho,Christ,Senior Engineer,1990-12-08,9999-01-01
204614,Raimond,Heuser,Engineer,1987-06-25,1995-06-25
204614,Raimond,Heuser,Senior Engineer,1995-06-25,1996-01-26
204684,Fox,Cullers,Senior Staff,1997-12-20,9999-01-01
204684,Fox,Cullers,Staff,1988-12-20,1997-12-20
204704,Yuuichi,Francisci,Senior Staff,1993-06-24,9999-01-01
204704,Yuuichi,Francisci,Staff,1988-06-24,1993-06-24
204728,Uriel,Hebden,Engineer,1999-08-13,2000-02-05
204762,Hideo,Samarati,Senior Engineer,1994-09-24,9999-01-01
204765,Pohua,Merlo,Engineer,1993-02-17,2002-02-17
204765,Pohua,Merlo,Senior Engineer,2002-02-17,9999-01-01
204789,Yefim,Fritzsche,Senior Staff,1996-05-26,9999-01-01
204789,Yefim,Fritzsche,Staff,1991-05-27,1996-05-26
204823,Yinghua,Kenevan,Engineer,1991-03-25,1997-03-24
204823,Yinghua,Kenevan,Senior Engineer,1997-03-24,9999-01-01
204830,Rosella,Coullard,Senior Engineer,1991-07-12,9999-01-01
204867,Naftali,Versino,Engineer,1985-08-26,1991-08-26
204867,Naftali,Versino,Senior Engineer,1991-08-26,9999-01-01
204878,Garnet,Keustermans,Technique Leader,1991-11-09,9999-01-01
204901,Weiye,Merey,Assistant Engineer,1998-12-02,9999-01-01
204909,Radoslaw,Pardalos,Assistant Engineer,1986-12-07,1994-12-07
204909,Radoslaw,Pardalos,Engineer,1994-12-07,9999-01-01
204914,Maya,Eldridge,Engineer,1992-10-25,1999-12-19
204924,Flemming,Matzat,Staff,1997-12-02,1999-03-02
204927,Domenick,Quittner,Engineer,1985-06-22,1991-06-22
204927,Domenick,Quittner,Senior Engineer,1991-06-22,9999-01-01
204932,Ronghao,Thibadeau,Senior Staff,1990-05-28,9999-01-01
204939,Kellie,Keirsey,Senior Engineer,1999-09-04,9999-01-01
204940,Howell,Cesareni,Senior Staff,1995-06-04,1997-07-30
204940,Howell,Cesareni,Staff,1990-06-04,1995-06-04
204942,Berthier,Nitto,Senior Staff,1990-05-10,9999-01-01
204944,Shuichi,Pashtan,Senior Engineer,1989-02-11,9999-01-01
204948,Chenye,Krohm,Staff,1996-07-01,2000-01-30
204956,Moon,Willoner,Senior Staff,1987-09-27,9999-01-01
204966,Jinpo,Selenyi,Engineer,1999-12-02,9999-01-01
204968,Guenter,Merlo,Senior Staff,1991-05-26,9999-01-01
204999,Jamaludin,Varman,Engineer,1986-04-09,1994-04-09
204999,Jamaludin,Varman,Senior Engineer,1994-04-09,9999-01-01
205000,Charmane,Griswold,Senior Staff,1999-10-12,9999-01-01
205000,Charmane,Griswold,Staff,1991-10-12,1999-10-12
205002,Lenore,Schlenzig,Staff,1995-08-07,2000-12-15
205010,Manton,Riesenhuber,Engineer,1992-06-24,1998-06-24
205010,Manton,Riesenhuber,Senior Engineer,1998-06-24,9999-01-01
205016,Yolla,Erez,Assistant Engineer,1996-08-29,9999-01-01
205017,DAIDA,Holburn,Engineer,1985-08-14,1990-08-14
205017,DAIDA,Holburn,Senior Engineer,1990-08-14,9999-01-01
205023,Pintsang,Pelc,Senior Engineer,1999-04-17,9999-01-01
205027,Maren,Wilharm,Staff,1999-06-03,9999-01-01
205041,Akhilish,Anger,Engineer,1989-11-12,1995-11-12
205041,Akhilish,Anger,Senior Engineer,1995-11-12,9999-01-01
205046,Aria,Muntz,Staff,1996-01-01,1998-01-11
205059,Kendra,Schapire,Senior Staff,1994-08-26,1999-12-06
205059,Kendra,Schapire,Staff,1986-08-26,1994-08-26
205088,Pranav,Boreale,Senior Staff,1997-10-06,9999-01-01
205088,Pranav,Boreale,Staff,1989-10-06,1997-10-06
205097,Golgen,Rosaz,Technique Leader,1987-01-13,9999-01-01
205099,Aloys,Feinberg,Senior Engineer,1999-08-27,9999-01-01
205102,Visit,Gihr,Staff,1997-09-19,9999-01-01
205122,Oguz,Byoun,Senior Staff,1998-01-31,1998-11-28
205122,Oguz,Byoun,Staff,1991-01-31,1998-01-31
205130,Gina,Manderick,Senior Staff,2001-06-03,9999-01-01
205130,Gina,Manderick,Staff,1992-06-03,2001-06-03
205139,Marsal,Kusakabe,Senior Staff,1996-11-17,1997-09-28
205149,Bodo,Decaestecker,Senior Staff,1996-01-04,9999-01-01
205164,Baocai,Baaleh,Senior Staff,1996-07-01,9999-01-01
205208,Toshimori,Bolsens,Senior Staff,1990-10-21,9999-01-01
205208,Toshimori,Bolsens,Staff,1985-10-21,1990-10-21
205210,DAIDA,Gyimothy,Engineer,1997-12-02,2001-12-13
205226,Kish,Streng,Engineer,1988-03-29,1994-03-29
205226,Kish,Streng,Senior Engineer,1994-03-29,1998-07-04
205228,Zhongwei,Emmart,Engineer,1993-07-03,1998-07-03
205228,Zhongwei,Emmart,Senior Engineer,1998-07-03,9999-01-01
205231,Dipankar,Kowalchuk,Engineer,1992-03-31,1998-03-31
205231,Dipankar,Kowalchuk,Senior Engineer,1998-03-31,9999-01-01
205253,Xianlong,Sudbeck,Senior Staff,1985-12-27,9999-01-01
205257,Xuedong,Peak,Engineer,1989-05-03,1997-05-03
205257,Xuedong,Peak,Senior Engineer,1997-05-03,9999-01-01
205264,Guther,Moehrke,Assistant Engineer,1991-11-19,1997-11-18
205264,Guther,Moehrke,Engineer,1997-11-18,9999-01-01
205274,Yonghong,Diderrich,Engineer,1997-10-12,9999-01-01
205275,Sukumar,Rodiger,Senior Staff,1998-04-24,9999-01-01
205275,Sukumar,Rodiger,Staff,1990-04-24,1998-04-24
205285,Susuma,Cannane,Engineer,1987-10-04,1988-08-05
205299,Unal,Gurbaxani,Senior Staff,1985-08-28,9999-01-01
205312,Arco,Matzat,Senior Staff,1999-02-24,9999-01-01
205312,Arco,Matzat,Staff,1993-02-24,1999-02-24
205322,Satoru,Schapiro,Senior Engineer,1995-05-31,9999-01-01
205323,Vitaly,Basart,Engineer,1985-04-08,1991-04-08
205323,Vitaly,Basart,Senior Engineer,1991-04-08,9999-01-01
205328,Shem,Setiz,Senior Staff,1988-01-26,9999-01-01
205342,Elzbieta,Dymetman,Senior Staff,1995-01-06,9999-01-01
205342,Elzbieta,Dymetman,Staff,1988-01-06,1995-01-06
205385,Sajjad,Ciolek,Senior Staff,1999-09-23,9999-01-01
205385,Sajjad,Ciolek,Staff,1990-09-23,1999-09-23
205429,Tsz,DuCasse,Technique Leader,1996-11-16,9999-01-01
205431,Tadanori,Wursthorn,Senior Staff,1994-04-04,9999-01-01
205431,Tadanori,Wursthorn,Staff,1988-04-04,1994-04-04
205437,Baziley,Kermarrec,Staff,1996-08-05,1998-06-14
205459,Lijia,Mahnke,Engineer,1995-02-23,2002-02-23
205459,Lijia,Mahnke,Senior Engineer,2002-02-23,9999-01-01
205462,Piyush,Segond,Engineer,1998-03-18,9999-01-01
205473,Faiza,Smeets,Senior Staff,1991-12-19,9999-01-01
205473,Faiza,Smeets,Staff,1985-12-19,1991-12-19
205501,Denis,Vernadat,Staff,1996-09-16,1998-05-29
205507,Hyuckchul,Zaumen,Engineer,1996-04-21,9999-01-01
205540,Bogdan,Saoudi,Engineer,1991-02-19,1996-02-19
205540,Bogdan,Saoudi,Senior Engineer,1996-02-19,9999-01-01
205574,Larisa,Badache,Engineer,1993-12-24,9999-01-01
205596,Owen,Birta,Engineer,1996-12-07,9999-01-01
205626,Kwan,Ozeki,Senior Staff,1997-01-18,9999-01-01
205626,Kwan,Ozeki,Staff,1992-01-19,1997-01-18
205633,Zsolt,Ernst,Senior Staff,1998-04-26,9999-01-01
205633,Zsolt,Ernst,Staff,1990-04-26,1998-04-26
205644,Lena,Sambasivam,Staff,1992-07-10,1998-06-05
205659,Morrie,Cannane,Assistant Engineer,1988-10-19,1993-10-19
205659,Morrie,Cannane,Engineer,1993-10-19,1997-11-20
205664,Venkatesan,Lamba,Staff,1987-07-10,1989-11-22
205692,Berni,Suppi,Senior Staff,2002-05-18,9999-01-01
205692,Berni,Suppi,Staff,1997-05-18,2002-05-18
205697,Sajjad,Muhling,Technique Leader,1991-11-24,9999-01-01
205704,Chanjung,Potthoff,Assistant Engineer,1989-05-10,1997-05-10
205704,Chanjung,Potthoff,Engineer,1997-05-10,9999-01-01
205707,Maha,Ecklund,Assistant Engineer,1989-04-30,1996-04-30
205707,Maha,Ecklund,Engineer,1996-04-30,9999-01-01
205725,Premsyl,Tomescu,Senior Staff,1999-10-01,9999-01-01
205725,Premsyl,Tomescu,Staff,1990-10-01,1999-10-01
205747,Kamakshi,Cusworth,Senior Staff,1992-05-05,9999-01-01
205786,Jiang,Chinin,Engineer,1987-09-26,1988-08-03
205795,Kwangsub,Rosen,Staff,1993-11-29,9999-01-01
205797,Stabislas,McAffer,Senior Staff,1992-06-02,9999-01-01
205797,Stabislas,McAffer,Staff,1987-06-03,1992-06-02
205825,Gennadi,Georgakopoulos,Engineer,1992-01-16,2000-01-16
205825,Gennadi,Georgakopoulos,Senior Engineer,2000-01-16,9999-01-01
205841,Nahid,Koblick,Engineer,1995-05-24,2000-10-18
205901,Anwar,Reghbati,Engineer,1998-10-14,9999-01-01
205914,Jouko,Varman,Senior Staff,1998-02-28,9999-01-01
205951,Itzchak,Hiroyama,Staff,1986-04-19,1990-07-20
205960,Mohit,Benveniste,Senior Staff,1999-09-22,9999-01-01
205960,Mohit,Benveniste,Staff,1991-09-22,1999-09-22
205979,Tuval,Riefers,Engineer,1992-09-12,1998-09-12
205979,Tuval,Riefers,Senior Engineer,1998-09-12,9999-01-01
205992,Yakichi,Camurati,Engineer,1995-06-18,2000-06-17
205992,Yakichi,Camurati,Senior Engineer,2000-06-17,9999-01-01
206007,Kwun,Benzaken,Engineer,1993-02-17,2002-02-17
206007,Kwun,Benzaken,Senior Engineer,2002-02-17,9999-01-01
206025,Mart,Nourani,Staff,1997-07-21,9999-01-01
206032,Ayakannu,Quittner,Senior Engineer,1996-06-11,9999-01-01
206063,Mats,Poupard,Engineer,1997-09-25,9999-01-01
206068,Khalid,Pauthner,Senior Staff,1999-12-11,9999-01-01
206068,Khalid,Pauthner,Staff,1994-12-11,1999-12-11
206082,Alejandro,Linnainmaa,Senior Engineer,1996-09-08,9999-01-01
206107,Ute,Brobst,Staff,1999-04-24,2001-08-31
206123,Kristian,Pleszkun,Engineer,1985-06-12,1993-06-12
206123,Kristian,Pleszkun,Senior Engineer,1993-06-12,9999-01-01
206167,Yagil,Gajiwala,Senior Staff,1997-01-03,9999-01-01
206167,Yagil,Gajiwala,Staff,1990-01-03,1997-01-03
206171,Shietung,Maksimenko,Technique Leader,1999-05-12,9999-01-01
206228,Xiadong,Karunanithi,Senior Staff,1994-11-26,9999-01-01
206228,Xiadong,Karunanithi,Staff,1987-11-26,1994-11-26
206239,Faiza,Sambasivam,Engineer,1992-01-26,1997-01-25
206239,Faiza,Sambasivam,Senior Engineer,1997-01-25,9999-01-01
206264,Mihalis,Khasidashvili,Senior Staff,1992-07-14,9999-01-01
206264,Mihalis,Khasidashvili,Staff,1987-07-15,1992-07-14
206265,Constantino,Pileggi,Senior Staff,1999-09-22,9999-01-01
206266,Heng,Joslin,Engineer,1990-06-10,1995-06-10
206266,Heng,Joslin,Senior Engineer,1995-06-10,9999-01-01
206294,Kitty,Plotkin,Engineer,1994-03-13,2002-03-13
206294,Kitty,Plotkin,Senior Engineer,2002-03-13,9999-01-01
206297,Zissis,Walstra,Engineer,1997-02-15,9999-01-01
206320,Chenyi,Mellouli,Senior Staff,1998-10-19,1999-01-31
206320,Chenyi,Mellouli,Staff,1992-10-19,1998-10-19
206334,Supot,Gajiwala,Senior Staff,2001-07-13,9999-01-01
206334,Supot,Gajiwala,Staff,1994-07-13,2001-07-13
206364,Panayotis,Kusakari,Technique Leader,1991-01-03,9999-01-01
206371,Brewster,Hammerschmidt,Staff,1996-07-21,9999-01-01
206386,Zhaofang,Pashtan,Senior Staff,1988-04-26,1993-07-29
206410,Aris,Besselaar,Senior Staff,1986-03-07,9999-01-01
206419,Elrique,Aingworth,Assistant Engineer,1993-06-07,1999-06-07
206419,Elrique,Aingworth,Engineer,1999-06-07,9999-01-01
206471,Yuqun,Itschner,Staff,2000-01-08,9999-01-01
206497,Yaghout,Garnick,Engineer,1991-09-20,1997-09-19
206497,Yaghout,Garnick,Senior Engineer,1997-09-19,9999-01-01
206508,Lidong,Brodal,Senior Engineer,1992-09-07,9999-01-01
206517,Rimli,Munoz,Engineer,1995-06-30,9999-01-01
206519,Ibibia,Ginesta,Senior Staff,1993-12-21,9999-01-01
206537,Mabry,Rodier,Engineer,1987-09-09,1995-09-09
206537,Mabry,Rodier,Senior Engineer,1995-09-09,9999-01-01
206574,Ekawit,Renear,Engineer,1990-05-11,1998-05-11
206574,Ekawit,Renear,Senior Engineer,1998-05-11,2000-12-09
206585,Berry,Dusink,Engineer,1999-10-02,9999-01-01
206619,Panayotis,Maquelin,Technique Leader,1999-12-27,9999-01-01
206681,Piyush,Selvestrel,Senior Engineer,1994-11-08,1998-09-24
206690,Premal,Ecklund,Senior Staff,1993-10-23,9999-01-01
206690,Premal,Ecklund,Staff,1987-10-24,1993-10-23
206722,Oksana,Alameldin,Senior Engineer,1999-07-27,9999-01-01
206723,Aamer,Cummings,Technique Leader,2000-01-19,9999-01-01
206742,Dinah,Pehl,Senior Staff,1996-11-11,9999-01-01
206742,Dinah,Pehl,Staff,1988-11-11,1996-11-11
206773,Rayond,Mukaidono,Senior Engineer,1999-06-20,9999-01-01
206775,Kwangyoen,Templeman,Staff,1993-12-02,1994-08-15
206814,Lene,Aingworth,Senior Staff,1991-08-31,9999-01-01
206814,Lene,Aingworth,Staff,1986-08-31,1991-08-31
206826,Kwun,Kadhim,Staff,1996-03-12,2000-11-11
206833,Jinxi,Fasbender,Engineer,1989-07-11,1996-07-11
206833,Jinxi,Fasbender,Senior Engineer,1996-07-11,9999-01-01
206849,Sandeepan,Alpin,Engineer,1987-03-17,1992-03-16
206849,Sandeepan,Alpin,Senior Engineer,1992-03-16,9999-01-01
206870,Yucel,Besselaar,Staff,1998-07-27,9999-01-01
206880,Honglan,Ramaiah,Engineer,1990-02-25,1999-02-25
206880,Honglan,Ramaiah,Senior Engineer,1999-02-25,9999-01-01
206907,Fabrizio,Staudhammer,Senior Staff,1994-10-03,1994-12-17
206915,Venkatesan,Kavanagh,Senior Staff,1998-02-12,9999-01-01
206915,Venkatesan,Kavanagh,Staff,1990-02-12,1998-02-12
206922,Hugh,Wilfing,Senior Staff,2001-09-19,9999-01-01
206922,Hugh,Wilfing,Staff,1996-09-19,2001-09-19
206924,Shao,Mahnke,Senior Staff,1995-08-04,9999-01-01
206924,Shao,Mahnke,Staff,1989-08-04,1995-08-04
206971,Xudong,Foong,Engineer,1993-04-20,2001-04-20
206971,Xudong,Foong,Senior Engineer,2001-04-20,9999-01-01
206975,Turgut,Backhouse,Staff,1998-06-09,9999-01-01
206990,Hyuckchul,Miculan,Senior Staff,1995-11-08,9999-01-01
206990,Hyuckchul,Miculan,Staff,1987-11-08,1995-11-08
207000,Feiyu,Chenney,Engineer,1998-04-30,9999-01-01
207003,Jasminko,Nicolson,Senior Staff,1998-09-02,1998-09-16
207006,Yakichi,Butterworth,Technique Leader,1989-06-26,9999-01-01
207023,Sushant,Camurati,Technique Leader,1992-04-27,9999-01-01
207034,Bodh,Foong,Senior Staff,1988-07-23,9999-01-01
207055,Jaques,Ducloy,Senior Staff,1991-01-20,9999-01-01
207067,Chriss,Schrooten,Assistant Engineer,1996-10-11,9999-01-01
207096,Georg,Luders,Engineer,1988-01-26,1993-01-25
207096,Georg,Luders,Senior Engineer,1993-01-25,9999-01-01
207139,Fumiyo,Swift,Engineer,1998-11-10,9999-01-01
207157,Weicheng,Garnham,Technique Leader,1985-07-07,9999-01-01
207165,Toshimi,Mullainathan,Senior Staff,2000-10-16,9999-01-01
207165,Toshimi,Mullainathan,Staff,1991-10-17,2000-10-16
207172,Teiji,Demke,Senior Staff,2000-11-05,9999-01-01
207172,Teiji,Demke,Staff,1992-11-05,2000-11-05
207179,Valeska,Thombley,Senior Staff,1987-10-15,9999-01-01
207229,Bader,Peng,Assistant Engineer,1998-02-10,9999-01-01
207246,Alair,Lorch,Senior Staff,1999-08-07,9999-01-01
207246,Alair,Lorch,Staff,1993-08-07,1999-08-07
207253,Aamer,Rodite,Senior Engineer,1991-08-15,9999-01-01
207255,Jouko,Restivo,Senior Staff,1995-05-05,9999-01-01
207255,Jouko,Restivo,Staff,1988-05-04,1995-05-05
207269,Shuzo,Leslie,Senior Staff,1994-07-14,9999-01-01
207269,Shuzo,Leslie,Staff,1985-07-14,1994-07-14
207270,Guttorm,Duclos,Senior Staff,1991-10-14,9999-01-01
207270,Guttorm,Duclos,Staff,1985-10-14,1991-10-14
207298,Gill,Wroclawski,Senior Staff,1994-06-20,9999-01-01
207298,Gill,Wroclawski,Staff,1985-06-20,1994-06-20
207312,Shigeo,Lenart,Engineer,1987-12-30,1993-12-29
207312,Shigeo,Lenart,Senior Engineer,1993-12-29,9999-01-01
207314,Laurentiu,Anily,Senior Staff,1992-10-12,1999-07-15
207314,Laurentiu,Anily,Staff,1985-10-12,1992-10-12
207324,Akemi,Byoun,Engineer,1989-06-02,1998-06-02
207324,Akemi,Byoun,Senior Engineer,1998-06-02,9999-01-01
207334,Vidya,Beutelspacher,Senior Staff,2000-02-21,9999-01-01
207334,Vidya,Beutelspacher,Staff,1995-02-21,2000-02-21
207335,Udo,Oaver,Technique Leader,1990-11-07,9999-01-01
207339,Poornachandra,Guerreiro,Senior Staff,1995-08-26,1996-09-04
207339,Poornachandra,Guerreiro,Staff,1989-08-26,1995-08-26
207347,Yolla,Mukaidono,Senior Engineer,1990-01-24,9999-01-01
207349,Erez,Zeleznik,Senior Staff,1987-09-07,9999-01-01
207351,Moni,Murtagh,Senior Staff,1999-02-19,9999-01-01
207351,Moni,Murtagh,Staff,1993-02-19,1999-02-19
207352,Yannis,Morton,Senior Staff,1985-06-03,2001-10-19
207359,Eirik,Nanard,Engineer,2000-01-13,9999-01-01
207368,Nathan,Schonegge,Senior Engineer,1995-09-06,1997-11-29
207379,Indrajit,Peir,Engineer,1996-08-22,9999-01-01
207388,Tokuyasu,Rouquie,Engineer,1999-10-16,2001-08-16
207393,Tadanori,Erni,Staff,1993-01-04,1997-08-26
207410,Hironoby,Pulkowski,Senior Engineer,1986-01-11,9999-01-01
207427,Subhrajyoti,Haddadi,Staff,1998-07-11,9999-01-01
207435,Satosi,Lindenbaum,Staff,1999-08-23,2000-02-15
207438,Keung,Morris,Engineer,1989-12-06,1995-04-06
207442,Keung,Badache,Senior Engineer,1999-07-17,9999-01-01
207467,Mikhail,Bodoff,Assistant Engineer,1996-11-22,2001-08-07
207470,Aloke,Chaudhury,Technique Leader,1988-09-23,9999-01-01
207472,Sandeepan,Sherertz,Assistant Engineer,1999-09-05,2001-12-17
207477,Tetsurou,Pagter,Staff,1992-10-16,1996-04-23
207478,Roddy,Parveen,Senior Engineer,1985-07-11,9999-01-01
207485,Muzhong,Fortenbacher,Senior Staff,1992-01-20,9999-01-01
207485,Muzhong,Fortenbacher,Staff,1986-01-20,1992-01-20
207498,Niteen,Camarinopoulos,Engineer,1991-12-15,1993-06-29
207499,Adit,Bale,Engineer,1991-07-13,1996-07-12
207499,Adit,Bale,Senior Engineer,1996-07-12,9999-01-01
207511,Lansing,Emmart,Engineer,1994-12-16,1999-10-11
207528,Basant,Redmiles,Assistant Engineer,1992-12-27,1998-12-27
207528,Basant,Redmiles,Engineer,1998-12-27,9999-01-01
207534,Manton,Bridgland,Senior Engineer,1999-11-02,2000-09-05
207537,Val,Masaki,Technique Leader,1999-09-06,9999-01-01
207540,Shigeichiro,Bottner,Senior Staff,1998-02-11,9999-01-01
207557,Xudong,Escriba,Senior Staff,1987-05-21,9999-01-01
207575,Sugwoo,Lalonde,Senior Engineer,1997-03-25,1999-06-08
207593,Sanjay,Berstel,Senior Engineer,1988-07-12,9999-01-01
207641,Huan,Foong,Senior Engineer,1995-06-26,9999-01-01
207664,Hironoby,Salvesen,Senior Staff,2001-01-24,9999-01-01
207664,Hironoby,Salvesen,Staff,1993-01-24,2001-01-24
207677,Idoia,Zhang,Senior Staff,1997-08-23,9999-01-01
207677,Idoia,Zhang,Staff,1989-08-23,1997-08-23
207694,Zvonko,Hettesheimer,Senior Engineer,1994-11-14,1996-06-18
207695,Hsiangchu,Azuma,Engineer,1994-08-27,1999-08-27
207695,Hsiangchu,Azuma,Senior Engineer,1999-08-27,9999-01-01
207721,Heejo,Yetim,Senior Staff,1993-04-11,9999-01-01
207721,Heejo,Yetim,Staff,1986-04-11,1993-04-11
207781,Geraldo,Erez,Engineer,1999-07-06,2000-07-15
207796,Duangkaew,Cooman,Engineer,1995-09-09,2000-09-08
207796,Duangkaew,Cooman,Senior Engineer,2000-09-08,2002-05-16
207804,Aamod,Rajcani,Engineer,1992-12-22,1993-01-14
207814,Gonzalo,Ramsay,Senior Staff,1999-02-02,9999-01-01
207814,Gonzalo,Ramsay,Staff,1992-02-02,1999-02-02
207826,Shaowei,Wynblatt,Senior Staff,1985-03-02,9999-01-01
207850,Sukumar,Claffy,Engineer,1996-08-20,9999-01-01
207885,Rafael,Goodrum,Senior Staff,1999-01-04,9999-01-01
207885,Rafael,Goodrum,Staff,1991-01-04,1999-01-04
207886,Seshu,Isaac,Assistant Engineer,1997-06-08,9999-01-01
207917,Moti,Milicic,Assistant Engineer,1985-12-12,1991-12-12
207917,Moti,Milicic,Engineer,1991-12-12,1997-12-11
207917,Moti,Milicic,Senior Engineer,1997-12-11,9999-01-01
207927,Patricia,Melton,Engineer,1993-10-19,2000-10-19
207927,Patricia,Melton,Senior Engineer,2000-10-19,9999-01-01
207928,Chrisa,Cools,Engineer,1986-08-21,1993-08-21
207928,Chrisa,Cools,Senior Engineer,1993-08-21,9999-01-01
207992,Shahid,Gente,Senior Staff,2001-08-18,9999-01-01
207992,Shahid,Gente,Staff,1995-08-19,2001-08-18
207996,Tianruo,Milicic,Senior Staff,1999-05-29,9999-01-01
207996,Tianruo,Milicic,Staff,1991-05-29,1999-05-29
208006,Kazuhira,Plump,Engineer,1988-05-31,1990-12-28
208033,Visit,Ermel,Senior Staff,2001-07-22,9999-01-01
208033,Visit,Ermel,Staff,1995-07-23,2001-07-22
208036,Owen,Klassen,Staff,1997-09-20,9999-01-01
208059,Fen,Levergood,Staff,1995-12-11,9999-01-01
208060,Almudena,Slaats,Staff,1997-08-10,9999-01-01
208063,Leen,Perez,Engineer,1989-10-30,1990-03-04
208076,Berto,Bugaenko,Senior Engineer,1991-07-22,9999-01-01
208079,Bedrich,Kusalik,Engineer,1996-02-08,9999-01-01
208104,Bartek,Bahr,Engineer,2000-01-27,9999-01-01
208135,Wanqing,Wissmann,Senior Staff,1995-05-14,9999-01-01
208135,Wanqing,Wissmann,Staff,1990-05-14,1995-05-14
208138,Kerhong,Matzat,Engineer,1986-07-20,1992-06-20
208146,Takanari,Suermann,Engineer,1996-05-12,2000-03-26
208161,Aria,Kakkar,Engineer,1996-12-09,2000-03-08
208174,Mokhtar,Rosca,Senior Staff,1994-11-30,9999-01-01
208174,Mokhtar,Rosca,Staff,1986-11-30,1994-11-30
208180,Caolyn,Cochrane,Engineer,1998-04-06,2000-04-12
208211,Jaideep,Hopewell,Engineer,1994-04-07,2000-04-06
208211,Jaideep,Hopewell,Senior Engineer,2000-04-06,9999-01-01
208223,Bokyung,Lortz,Engineer,1988-05-15,1989-11-29
208243,Atreye,Perng,Staff,1997-04-19,9999-01-01
208246,Jaideep,Figueira,Senior Staff,2000-09-05,9999-01-01
208246,Jaideep,Figueira,Staff,1995-09-06,2000-09-05
208250,Arvind,Ellozy,Engineer,1993-01-23,1993-06-22
208262,Remko,Dymetman,Engineer,1995-09-02,9999-01-01
208264,Naftali,Beeson,Senior Staff,1994-01-15,9999-01-01
208264,Naftali,Beeson,Staff,1989-01-15,1994-01-15
208266,Zongyan,Osgood,Senior Staff,1994-08-15,1995-09-19
208266,Zongyan,Osgood,Staff,1986-08-15,1994-08-15
208287,Pantung,Crelier,Engineer,1999-08-27,2001-10-04
208295,Abdulah,Farrow,Senior Engineer,1988-02-02,9999-01-01
208314,Mrinalini,Heusch,Assistant Engineer,1998-03-05,9999-01-01
208315,Rance,Pettey,Engineer,1988-03-01,1996-03-01
208315,Rance,Pettey,Senior Engineer,1996-03-01,9999-01-01
208321,Mechthild,Maginnis,Staff,1999-04-22,9999-01-01
208325,Juichirou,Snedden,Senior Staff,1999-07-25,9999-01-01
208325,Juichirou,Snedden,Staff,1993-07-25,1999-07-25
208342,Qiwen,Garnier,Senior Staff,1992-04-08,9999-01-01
208342,Qiwen,Garnier,Staff,1987-04-09,1992-04-08
208365,Phule,Baby,Staff,1999-02-14,2002-07-14
208368,Chinho,Majewski,Engineer,1986-01-15,1991-01-15
208368,Chinho,Majewski,Senior Engineer,1991-01-15,9999-01-01
208378,Pranay,Fabrizio,Senior Staff,1998-01-19,9999-01-01
208378,Pranay,Fabrizio,Staff,1992-01-20,1998-01-19
208381,Chiranjit,Stemann,Staff,1999-04-18,9999-01-01
208384,Huiqun,Juneja,Staff,1999-12-05,9999-01-01
208403,Subir,Olano,Engineer,1990-02-19,1991-01-02
208415,Aloke,Baba,Senior Staff,1993-09-07,9999-01-01
208420,Pascal,Ghelli,Senior Engineer,1992-01-07,1992-11-03
208425,Boutros,dAstous,Engineer,1995-11-02,1999-12-15
208430,Tzu,Baba,Engineer,1997-01-23,9999-01-01
208439,Emdad,Rahier,Senior Staff,1986-01-04,9999-01-01
208447,Geraldo,Fairtlough,Staff,1989-03-23,1993-06-10
208466,Hilari,Ballarin,Staff,1995-04-28,9999-01-01
208467,Sanjai,Nishimukai,Staff,1995-08-09,9999-01-01
208476,Mircea,Akazan,Senior Engineer,1997-07-28,9999-01-01
208481,Patricia,Genther,Engineer,1993-02-25,2000-02-26
208481,Patricia,Genther,Senior Engineer,2000-02-26,9999-01-01
208517,Yongqiao,Basagni,Engineer,1989-10-04,1997-10-04
208517,Yongqiao,Basagni,Senior Engineer,1997-10-04,9999-01-01
208520,Anneke,Khalil,Engineer,1994-11-13,2001-03-14
208529,Toshimitsu,Schonegge,Senior Staff,1991-03-30,9999-01-01
208529,Toshimitsu,Schonegge,Staff,1986-03-30,1991-03-30
208552,Heather,Niizuma,Senior Staff,1996-08-21,9999-01-01
208552,Heather,Niizuma,Staff,1991-08-22,1996-08-21
208555,Toshimi,McFarlan,Engineer,1988-07-11,1993-07-11
208555,Toshimi,McFarlan,Senior Engineer,1993-07-11,9999-01-01
208564,Masadi,Kropatsch,Senior Engineer,1988-06-20,9999-01-01
208594,Doowon,Domenig,Staff,1998-04-01,9999-01-01
208601,Sanjay,Giveon,Engineer,1991-12-09,1998-12-09
208601,Sanjay,Giveon,Senior Engineer,1998-12-09,9999-01-01
208602,Tamiya,Weedon,Senior Staff,1994-10-01,9999-01-01
208606,Odysseas,Yurov,Engineer,1995-04-25,2000-04-24
208606,Odysseas,Yurov,Senior Engineer,2000-04-24,9999-01-01
208613,Janche,Giarratana,Staff,1989-12-12,1993-04-20
208636,Terresa,Maginnis,Senior Staff,1996-05-28,1998-04-28
208636,Terresa,Maginnis,Staff,1987-05-29,1996-05-28
208642,Conor,Siegrist,Assistant Engineer,1997-02-24,9999-01-01
208646,Mohammad,Suppi,Engineer,1985-04-30,1994-04-30
208646,Mohammad,Suppi,Senior Engineer,1994-04-30,9999-01-01
208647,Valeri,Penz,Engineer,1999-12-06,9999-01-01
208657,Sandeepan,Malinowski,Assistant Engineer,1992-08-22,2001-08-22
208657,Sandeepan,Malinowski,Engineer,2001-08-22,9999-01-01
208662,Jamaludin,Beilner,Engineer,1994-12-13,9999-01-01
208670,Willard,Journel,Senior Staff,1999-12-17,9999-01-01
208670,Willard,Journel,Staff,1993-12-17,1999-12-17
208675,Steve,Kobara,Engineer,1990-04-16,1998-04-16
208675,Steve,Kobara,Senior Engineer,1998-04-16,9999-01-01
208681,Kwun,Rindone,Engineer,1996-07-25,9999-01-01
208704,Tooru,Hatcliff,Senior Staff,2001-06-09,9999-01-01
208704,Tooru,Hatcliff,Staff,1994-06-09,2001-06-09
208711,Susanne,Marciano,Senior Staff,1992-09-06,9999-01-01
208711,Susanne,Marciano,Staff,1986-09-07,1992-09-06
208723,Noritoshi,Takkinen,Senior Staff,1990-10-04,9999-01-01
208734,Makato,Sundgren,Senior Staff,2002-05-28,9999-01-01
208734,Makato,Sundgren,Staff,1994-05-28,2002-05-28
208754,Gao,Speckmann,Senior Staff,1994-10-01,9999-01-01
208759,Marek,Sambasivam,Senior Staff,2001-03-06,9999-01-01
208759,Marek,Sambasivam,Staff,1993-03-06,2001-03-06
208773,Zhongwei,Kamber,Staff,1999-01-21,9999-01-01
208780,Marko,Famili,Engineer,1991-05-07,1997-05-06
208780,Marko,Famili,Senior Engineer,1997-05-06,9999-01-01
208792,Chanjung,Llado,Engineer,1991-07-30,1998-07-30
208792,Chanjung,Llado,Senior Engineer,1998-07-30,9999-01-01
208817,Sachio,Rajaraman,Senior Staff,1993-09-03,9999-01-01
208819,Tristan,Kampfer,Assistant Engineer,1996-04-20,2001-03-29
208830,Yurii,Rosar,Engineer,1987-09-03,1996-09-02
208830,Yurii,Rosar,Senior Engineer,1996-09-02,9999-01-01
208834,Tadahiro,Varker,Senior Staff,1985-11-19,9999-01-01
208836,Hailing,Kusalik,Engineer,1987-05-11,1994-05-11
208836,Hailing,Kusalik,Senior Engineer,1994-05-11,9999-01-01
208853,Susumu,Kropf,Staff,1999-05-30,9999-01-01
208922,Hausi,Porotnikoff,Engineer,1996-03-23,1997-08-19
208923,Margo,Veldwijk,Engineer,1986-08-18,1994-08-18
208923,Margo,Veldwijk,Senior Engineer,1994-08-18,9999-01-01
208933,Fabrizio,Farrag,Staff,1996-09-18,9999-01-01
208948,Zeljko,Collette,Engineer,1994-12-22,1995-07-25
208957,Vivian,Kriebel,Senior Staff,1993-09-09,1995-04-21
208957,Vivian,Kriebel,Staff,1988-09-09,1993-09-09
208968,Takahira,Ramsay,Senior Staff,1996-06-19,9999-01-01
208987,Seshu,Apsitis,Senior Engineer,1999-01-31,9999-01-01
208995,Jiong,Zykh,Assistant Engineer,1988-07-06,1994-07-06
208995,Jiong,Zykh,Engineer,1994-07-06,2000-07-05
208995,Jiong,Zykh,Senior Engineer,2000-07-05,9999-01-01
209019,Manton,Ullian,Staff,1998-03-23,9999-01-01
209023,Mana,Begiun,Assistant Engineer,1992-07-18,1997-07-18
209023,Mana,Begiun,Engineer,1997-07-18,2002-07-18
209023,Mana,Begiun,Senior Engineer,2002-07-18,9999-01-01
209038,Sachio,Klassen,Senior Staff,1997-11-05,1998-09-19
209050,Alexius,Zastre,Technique Leader,1990-07-28,9999-01-01
209051,Shridhar,Condotta,Senior Staff,1994-08-24,9999-01-01
209051,Shridhar,Condotta,Staff,1989-08-24,1994-08-24
209065,Mona,Karcich,Assistant Engineer,1994-06-20,9999-01-01
209076,Moon,Uhrik,Assistant Engineer,1985-08-23,1992-08-23
209076,Moon,Uhrik,Engineer,1992-08-23,1999-08-24
209076,Moon,Uhrik,Senior Engineer,1999-08-24,9999-01-01
209105,Saddek,Luga,Staff,1997-10-19,9999-01-01
209107,Uli,Boissier,Staff,1996-11-26,1999-09-13
209113,Guangming,Scallan,Senior Staff,1993-09-19,9999-01-01
209113,Guangming,Scallan,Staff,1987-09-20,1993-09-19
209114,Richard,DuCasse,Senior Staff,1996-10-11,9999-01-01
209128,Marla,Kamble,Senior Staff,1999-08-12,2001-09-14
209128,Marla,Kamble,Staff,1994-08-12,1999-08-12
209138,Rosalie,Broder,Staff,1995-07-10,9999-01-01
209139,Chenyi,Demos,Senior Staff,2002-01-05,9999-01-01
209139,Chenyi,Demos,Staff,1993-01-05,2002-01-05
209150,Make,Matzov,Senior Staff,1998-03-20,9999-01-01
209158,Junichi,Oaver,Staff,1995-08-07,9999-01-01
209172,Rajmohan,Lorys,Technique Leader,1986-12-12,9999-01-01
209180,Michaela,Woycyznski,Engineer,1999-01-02,9999-01-01
209182,Uri,Oxman,Engineer,1995-11-21,9999-01-01
209199,Xiaoqiang,Dusink,Senior Staff,2000-03-25,9999-01-01
209199,Xiaoqiang,Dusink,Staff,1993-03-25,2000-03-25
209201,Ipke,Navazio,Senior Staff,1994-09-06,9999-01-01
209201,Ipke,Navazio,Staff,1987-09-06,1994-09-06
209202,Sasan,Angel,Engineer,1997-08-22,9999-01-01
209208,Felicidad,Babb,Staff,1995-12-19,9999-01-01
209235,JiYoung,Aloisi,Senior Staff,1987-12-08,9999-01-01
209245,Xuedong,Pagter,Senior Staff,1996-01-20,9999-01-01
209245,Xuedong,Pagter,Staff,1988-01-20,1996-01-20
209248,Nimmagadda,Krohm,Engineer,1990-10-08,1995-10-08
209248,Nimmagadda,Krohm,Senior Engineer,1995-10-08,9999-01-01
209269,Carrsten,Pollacia,Engineer,1999-10-02,2001-02-24
209276,Nevin,Turnbull,Engineer,1986-08-18,1991-08-18
209276,Nevin,Turnbull,Senior Engineer,1991-08-18,9999-01-01
209289,JiYoung,Boissier,Senior Staff,1998-08-13,9999-01-01
209289,JiYoung,Boissier,Staff,1992-08-13,1998-08-13
209298,Masasuke,Farrel,Senior Staff,1988-02-08,1991-02-14
209301,Genta,Macedo,Engineer,1992-05-27,2001-05-27
209301,Genta,Macedo,Senior Engineer,2001-05-27,9999-01-01
209309,Pascal,Servi,Engineer,1992-04-09,1997-04-09
209309,Pascal,Servi,Senior Engineer,1997-04-09,9999-01-01
209319,Teruyuki,Pileggi,Engineer,1988-12-24,1997-12-24
209319,Teruyuki,Pileggi,Senior Engineer,1997-12-24,9999-01-01
209339,Aksel,Servieres,Technique Leader,1995-11-12,9999-01-01
209361,Miyeon,Pillow,Engineer,1986-02-22,1992-02-22
209361,Miyeon,Pillow,Senior Engineer,1992-02-22,9999-01-01
209366,Xiaoqiu,Goodrum,Senior Staff,1991-04-06,9999-01-01
209366,Xiaoqiu,Goodrum,Staff,1986-04-06,1991-04-06
209372,Goh,Wuwongse,Engineer,1994-06-07,2001-06-06
209372,Goh,Wuwongse,Senior Engineer,2001-06-06,9999-01-01
209379,Freyja,Jording,Staff,2000-01-11,9999-01-01
209387,Shigehiro,Brodal,Assistant Engineer,1995-08-27,2001-08-26
209387,Shigehiro,Brodal,Engineer,2001-08-26,9999-01-01
209403,Achilleas,Cappello,Engineer,1995-02-11,9999-01-01
209421,Supot,Carrere,Senior Engineer,1998-12-30,9999-01-01
209441,Shay,Fetvedt,Senior Staff,1993-12-30,9999-01-01
209441,Shay,Fetvedt,Staff,1986-12-30,1993-12-30
209476,Maya,Magalhaes,Technique Leader,1992-10-25,1997-08-16
209487,Krisda,Terekhov,Engineer,1998-01-23,9999-01-01
209499,Tomokazu,Iisaka,Engineer,1994-12-16,9999-01-01
209501,Anwar,Leppanen,Engineer,1995-08-11,1997-05-17
209504,Zdislav,Gruenwald,Senior Staff,1993-10-09,9999-01-01
209504,Zdislav,Gruenwald,Staff,1985-10-09,1993-10-09
209517,Filipp,Baba,Engineer,1997-01-08,9999-01-01
209530,Youssef,Riesenhuber,Engineer,1995-01-23,2001-01-22
209530,Youssef,Riesenhuber,Senior Engineer,2001-01-22,9999-01-01
209531,Naftali,Itschner,Engineer,1986-01-02,1995-01-02
209531,Naftali,Itschner,Senior Engineer,1995-01-02,9999-01-01
209563,Khedija,Sewelson,Engineer,1999-11-27,9999-01-01
209567,Panayotis,Whitcomb,Assistant Engineer,1994-04-22,2000-04-21
209567,Panayotis,Whitcomb,Engineer,2000-04-21,9999-01-01
209571,Boalin,Alblas,Engineer,1987-08-25,1996-08-24
209571,Boalin,Alblas,Senior Engineer,1996-08-24,9999-01-01
209590,Pramod,Wissmann,Senior Staff,1991-04-25,9999-01-01
209594,Geoffry,Feinberg,Senior Staff,1992-01-08,9999-01-01
209594,Geoffry,Feinberg,Staff,1986-01-08,1992-01-08
209608,Michaela,Copas,Senior Staff,1998-08-31,9999-01-01
209608,Michaela,Copas,Staff,1992-08-31,1998-08-31
209613,Bedir,Hambrick,Senior Staff,2000-03-31,9999-01-01
209613,Bedir,Hambrick,Staff,1991-04-01,2000-03-31
209620,Ziya,Schaad,Senior Staff,1999-04-12,9999-01-01
209620,Ziya,Schaad,Staff,1994-04-12,1999-04-12
209625,Yuguang,Dredge,Engineer,1985-11-06,1992-11-06
209625,Yuguang,Dredge,Senior Engineer,1992-11-06,9999-01-01
209633,Moriyoshi,Staudhammer,Senior Engineer,1990-10-23,9999-01-01
209667,Huai,Lorie,Staff,1995-10-03,9999-01-01
209682,Vishu,Kemmerer,Senior Staff,1996-10-08,9999-01-01
209682,Vishu,Kemmerer,Staff,1989-10-08,1996-10-08
209686,Jixiang,Collette,Senior Engineer,1990-10-15,1991-04-26
209689,Masaki,Hettesheimer,Senior Staff,1991-06-28,9999-01-01
209689,Masaki,Hettesheimer,Staff,1985-06-28,1991-06-28
209705,Vidya,Templeman,Senior Staff,1998-10-05,9999-01-01
209708,Charlene,Zaccaria,Senior Staff,1993-10-05,9999-01-01
209708,Charlene,Zaccaria,Staff,1985-10-05,1993-10-05
209727,Xiaoshan,Ranum,Senior Staff,1993-12-25,9999-01-01
209727,Xiaoshan,Ranum,Staff,1985-12-25,1993-12-25
209728,Munenori,Rikino,Senior Staff,1997-04-07,9999-01-01
209736,Lena,Marwedel,Staff,1985-07-05,1993-10-22
209760,Jessie,Kuhnemann,Assistant Engineer,1998-10-28,2000-02-08
209776,Duangkaew,Hiraishi,Engineer,1999-12-10,9999-01-01
209787,Iara,Kroft,Engineer,1989-12-09,1997-12-09
209787,Iara,Kroft,Senior Engineer,1997-12-09,9999-01-01
209790,Marsha,Czaja,Staff,2000-01-04,9999-01-01
209802,Haldon,Spataro,Senior Engineer,1986-04-11,9999-01-01
209826,Duro,Zaccaria,Engineer,1986-02-08,1992-02-08
209826,Duro,Zaccaria,Senior Engineer,1992-02-08,9999-01-01
209854,Candido,Speckmann,Engineer,1992-05-15,1997-05-15
209854,Candido,Speckmann,Senior Engineer,1997-05-15,9999-01-01
209861,Dietrich,Munke,Engineer,1988-01-16,1994-01-15
209861,Dietrich,Munke,Senior Engineer,1994-01-15,9999-01-01
209864,Along,Showalter,Senior Engineer,1993-11-21,9999-01-01
209869,Tamiya,Jeansoulin,Staff,1985-03-08,1990-05-18
209871,Sedat,Loncour,Senior Staff,1991-12-20,9999-01-01
209871,Sedat,Loncour,Staff,1985-12-20,1991-12-20
209882,Sajjan,Shimshoni,Staff,1992-04-19,1995-03-05
209884,Eishiro,Gihr,Engineer,1986-02-24,1993-02-24
209884,Eishiro,Gihr,Senior Engineer,1993-02-24,9999-01-01
209894,Kellyn,Garnier,Senior Engineer,1996-02-16,9999-01-01
209921,Gully,Maquelin,Staff,1996-07-04,9999-01-01
209929,Abdelkader,Spell,Senior Staff,1992-06-03,9999-01-01
209935,Baziley,Middleton,Engineer,1994-01-10,2001-01-10
209935,Baziley,Middleton,Senior Engineer,2001-01-10,9999-01-01
209957,Roddy,Berstel,Senior Staff,1994-09-05,9999-01-01
209958,Martins,Peck,Assistant Engineer,1991-01-31,1997-01-30
209958,Martins,Peck,Engineer,1997-01-30,1997-05-08
209963,Cathie,Keohane,Staff,1999-06-21,9999-01-01
209966,Deborah,Stafford,Engineer,1991-12-20,1998-12-20
209966,Deborah,Stafford,Senior Engineer,1998-12-20,9999-01-01
209971,Erzsebet,Terekhov,Engineer,1997-02-24,9999-01-01
209972,Shen,Shihab,Engineer,1994-02-25,2001-02-25
209972,Shen,Shihab,Senior Engineer,2001-02-25,9999-01-01
209976,Claude,Syrzycki,Technique Leader,1997-11-22,9999-01-01
209993,Guther,Furudate,Senior Staff,2002-04-18,9999-01-01
209993,Guther,Furudate,Staff,1995-04-18,2002-04-18
210037,Atreye,Gronowski,Senior Staff,1992-12-06,9999-01-01
210037,Atreye,Gronowski,Staff,1987-12-07,1992-12-06
210055,Oldrich,Leuchs,Engineer,1995-10-03,2000-12-31
210143,Breannda,Dayang,Engineer,1992-11-04,1999-11-05
210143,Breannda,Dayang,Senior Engineer,1999-11-05,9999-01-01
210164,Stafford,Genther,Staff,1991-01-03,1994-06-03
210176,Radhika,Morris,Engineer,1991-10-16,1996-01-20
210196,Waiman,Klyachko,Senior Staff,1986-12-19,9999-01-01
210225,Xumin,Rodham,Staff,1998-02-07,1998-05-26
210227,Aral,Picel,Senior Engineer,1991-02-06,9999-01-01
210234,Chanjung,Flanders,Engineer,1994-09-17,2001-09-17
210234,Chanjung,Flanders,Senior Engineer,2001-09-17,9999-01-01
210264,Aral,Wursthorn,Engineer,1998-06-28,9999-01-01
210270,Atreyi,Mapelli,Senior Staff,1994-12-20,9999-01-01
210270,Atreyi,Mapelli,Staff,1989-12-20,1994-12-20
210333,Shim,Belinskaya,Senior Staff,1995-04-21,9999-01-01
210333,Shim,Belinskaya,Staff,1986-04-21,1995-04-21
210359,Weiwu,Beznosov,Engineer,1988-12-20,1994-12-20
210359,Weiwu,Beznosov,Senior Engineer,1994-12-20,9999-01-01
210383,Eckart,Karunanithi,Senior Staff,1992-01-29,9999-01-01
210383,Eckart,Karunanithi,Staff,1987-01-29,1992-01-29
210395,Martijn,Legleitner,Engineer,1987-01-30,1994-01-30
210395,Martijn,Legleitner,Senior Engineer,1994-01-30,9999-01-01
210412,Sungwon,Molberg,Senior Staff,1999-07-15,9999-01-01
210412,Sungwon,Molberg,Staff,1990-07-15,1999-07-15
210416,Pragnesh,Papsdorf,Engineer,1992-05-20,1998-05-20
210416,Pragnesh,Papsdorf,Senior Engineer,1998-05-20,9999-01-01
210419,Kaijung,Tanemo,Engineer,1997-03-29,9999-01-01
210426,Toshimitsu,Bernick,Engineer,1998-05-19,2001-09-11
210429,Olivera,Nollmann,Staff,1996-05-19,9999-01-01
210439,Denny,Karnin,Engineer,1994-10-20,1996-08-07
210442,Parviz,Casley,Senior Engineer,1989-05-07,9999-01-01
210451,Zhonghui,Sudbeck,Assistant Engineer,1992-08-20,2001-08-20
210451,Zhonghui,Sudbeck,Engineer,2001-08-20,9999-01-01
210498,Val,Seghrouchni,Engineer,1997-06-14,9999-01-01
210511,Lenore,Kruskal,Engineer,1988-10-19,1996-10-19
210511,Lenore,Kruskal,Senior Engineer,1996-10-19,9999-01-01
210514,Arfst,Conia,Senior Staff,1993-09-16,1996-09-17
210514,Arfst,Conia,Staff,1987-09-17,1993-09-16
210516,Martien,Muniz,Senior Engineer,1987-11-06,9999-01-01
210534,Heng,Puppo,Senior Staff,1992-05-06,9999-01-01
210534,Heng,Puppo,Staff,1986-05-07,1992-05-06
210547,Tetsushi,Zhang,Staff,1993-12-10,9999-01-01
210565,JoAnna,Koblitz,Engineer,1997-01-05,9999-01-01
210599,Marie,Neiman,Senior Staff,1999-07-01,9999-01-01
210599,Marie,Neiman,Staff,1992-06-30,1999-07-01
210605,Rasikan,Castellani,Senior Staff,1994-07-18,9999-01-01
210605,Rasikan,Castellani,Staff,1987-07-18,1994-07-18
210609,Oksana,Talmor,Engineer,1998-05-16,9999-01-01
210619,Kousuke,Picht,Senior Staff,1997-10-12,9999-01-01
210619,Kousuke,Picht,Staff,1990-10-12,1997-10-12
210629,Zhiwei,Biron,Senior Staff,1991-10-13,9999-01-01
210629,Zhiwei,Biron,Staff,1986-10-13,1991-10-13
210660,Pasqua,Cronau,Engineer,1989-07-29,1990-01-19
210666,Lihong,Sudbeck,Senior Engineer,1999-07-20,9999-01-01
210674,Aluzio,Underwood,Senior Staff,1999-09-13,9999-01-01
210674,Aluzio,Underwood,Staff,1994-09-13,1999-09-13
210686,Shuji,Maraist,Engineer,1996-03-24,2002-03-24
210686,Shuji,Maraist,Senior Engineer,2002-03-24,9999-01-01
210692,Xuejia,Standera,Senior Staff,1993-07-13,1999-05-24
210695,Masasuke,Cummings,Senior Staff,1992-07-30,1997-05-12
210695,Masasuke,Cummings,Staff,1987-07-31,1992-07-30
210701,Byong,Heijenga,Technique Leader,1987-08-15,1993-01-10
210709,Dietrich,Gist,Engineer,1987-09-28,1996-04-14
210727,Jouko,Norsworthy,Senior Staff,1995-11-21,9999-01-01
210810,Ayonca,Marrakchi,Engineer,1995-03-31,9999-01-01
210827,Constantino,Irland,Assistant Engineer,1995-10-19,9999-01-01
210829,Gita,Brizzi,Senior Staff,1987-08-25,9999-01-01
210850,Turgut,Candan,Engineer,1994-10-24,2001-10-24
210850,Turgut,Candan,Senior Engineer,2001-10-24,9999-01-01
210880,Gaetan,Alpin,Senior Engineer,1998-12-26,9999-01-01
210913,Arfst,Cooke,Engineer,1991-08-08,1998-08-08
210913,Arfst,Cooke,Senior Engineer,1998-08-08,9999-01-01
210916,Fen,Rohrbach,Senior Staff,1995-06-21,9999-01-01
210916,Fen,Rohrbach,Staff,1989-06-21,1995-06-21
210934,Zhanqiu,Pews,Engineer,1988-08-08,1995-08-09
210934,Zhanqiu,Pews,Senior Engineer,1995-08-09,9999-01-01
210954,Sangeeta,Dulay,Engineer,1985-09-21,1994-09-21
210954,Sangeeta,Dulay,Senior Engineer,1994-09-21,9999-01-01
210955,Dines,Schicker,Assistant Engineer,1991-11-21,1997-11-20
210955,Dines,Schicker,Engineer,1997-11-20,9999-01-01
210962,Niclas,Nishimukai,Engineer,1987-01-07,1995-01-07
210962,Niclas,Nishimukai,Senior Engineer,1995-01-07,9999-01-01
210967,Elliott,Rahimi,Senior Staff,1991-03-24,9999-01-01
210967,Elliott,Rahimi,Staff,1985-03-24,1991-03-24
210968,Lorien,Cmelik,Senior Staff,2002-01-06,9999-01-01
210968,Lorien,Cmelik,Staff,1996-01-07,2002-01-06
210982,Fun,Zolotykh,Engineer,1991-12-21,2000-12-20
210982,Fun,Zolotykh,Senior Engineer,2000-12-20,9999-01-01
211000,Jaroslava,Mikschl,Senior Engineer,1997-04-27,9999-01-01
211014,Lein,Reistad,Staff,1996-06-19,9999-01-01
211028,Chriss,Hofstetter,Staff,1995-04-18,9999-01-01
211029,Leif,Szilard,Senior Staff,2001-01-09,9999-01-01
211029,Leif,Szilard,Staff,1995-01-10,2001-01-09
211049,Geoff,Lukaszewicz,Engineer,1987-12-07,1996-12-06
211049,Geoff,Lukaszewicz,Senior Engineer,1996-12-06,9999-01-01
211050,Ioana,Gajiwala,Senior Staff,1992-08-17,9999-01-01
211053,Palash,Heydon,Engineer,1997-01-14,2001-05-12
211065,Toshimitsu,Vitiello,Engineer,1992-06-18,1997-06-18
211065,Toshimitsu,Vitiello,Senior Engineer,1997-06-18,9999-01-01
211112,Rildo,Pearson,Engineer,1985-08-12,1993-08-12
211112,Rildo,Pearson,Senior Engineer,1993-08-12,9999-01-01
211118,DeForest,Jansch,Engineer,1996-05-04,9999-01-01
211126,Martial,Bernini,Technique Leader,1990-03-03,9999-01-01
211145,Ute,Stranks,Senior Staff,1997-10-11,9999-01-01
211145,Ute,Stranks,Staff,1991-10-12,1997-10-11
211152,Along,Plavsic,Engineer,1997-03-18,9999-01-01
211195,Jouko,Oppitz,Senior Staff,1996-06-05,1999-06-12
211217,Mohan,Rosis,Engineer,1998-05-31,9999-01-01
211220,Chiradeep,Sadowski,Senior Staff,1992-06-06,9999-01-01
211230,Peer,Baik,Assistant Engineer,1994-06-10,1999-06-10
211230,Peer,Baik,Engineer,1999-06-10,9999-01-01
211243,Marke,Lipner,Engineer,1991-09-16,1996-09-15
211243,Marke,Lipner,Senior Engineer,1996-09-15,2001-08-19
211263,Barna,Shumilov,Senior Staff,1990-02-02,9999-01-01
211265,Chenye,Kalloufi,Engineer,1994-02-15,2000-09-13
211286,Patricia,Butner,Engineer,1985-09-30,1991-09-30
211286,Patricia,Butner,Senior Engineer,1991-09-30,9999-01-01
211300,Izaskun,Ramsak,Senior Engineer,1991-10-26,9999-01-01
211311,Jungsoon,Lampe,Engineer,1996-07-12,9999-01-01
211316,Kasidit,Karunanithi,Staff,1996-02-21,1996-11-15
211344,Martina,Passino,Senior Staff,1994-03-06,1996-10-04
211355,Tonny,Gischer,Senior Staff,1998-03-08,9999-01-01
211369,Ortrun,Hagimont,Engineer,1991-04-01,1999-04-01
211369,Ortrun,Hagimont,Senior Engineer,1999-04-01,9999-01-01
211406,Shahab,Luit,Staff,1989-09-06,1995-10-18
211434,Keung,Peng,Senior Staff,1996-02-16,9999-01-01
211434,Keung,Peng,Staff,1990-02-16,1996-02-16
211442,Divier,Baezner,Engineer,1994-08-05,9999-01-01
211445,Pramod,Leppanen,Senior Engineer,1986-09-09,9999-01-01
211466,Xiaobin,Malabarba,Assistant Engineer,1991-03-25,1996-03-24
211466,Xiaobin,Malabarba,Engineer,1996-03-24,2001-03-24
211466,Xiaobin,Malabarba,Senior Engineer,2001-03-24,9999-01-01
211475,Hongzue,Riexinger,Engineer,1990-09-02,1997-09-02
211475,Hongzue,Riexinger,Senior Engineer,1997-09-02,9999-01-01
211476,Tsuneo,Blokdijk,Senior Staff,1993-03-10,9999-01-01
211481,Felicidad,Ranst,Senior Staff,1990-06-03,1992-10-25
211489,Nahid,Miyakawa,Engineer,1998-12-20,9999-01-01
211496,Rosli,Spataro,Engineer,1997-09-12,1998-04-09
211509,Manton,Antonakopoulos,Senior Staff,1999-06-15,9999-01-01
211509,Manton,Antonakopoulos,Staff,1994-06-15,1999-06-15
211536,Collette,Schlegelmilch,Staff,1995-05-12,9999-01-01
211537,Guozhong,Nergos,Staff,1997-06-03,9999-01-01
211539,Jaewon,Joslin,Engineer,1992-02-12,1995-11-23
211574,Kwangyoen,Dymetman,Senior Staff,1987-08-09,9999-01-01
211577,Gopalakrishnan,Oehlmann,Engineer,1994-07-08,2000-07-07
211577,Gopalakrishnan,Oehlmann,Senior Engineer,2000-07-07,9999-01-01
211588,Freyja,Basawa,Engineer,1989-03-22,1998-03-22
211588,Freyja,Basawa,Senior Engineer,1998-03-22,9999-01-01
211605,Gao,Falby,Senior Staff,1997-09-19,9999-01-01
211605,Gao,Falby,Staff,1992-09-19,1997-09-19
211615,Ziyad,Kornyak,Senior Staff,1995-03-28,9999-01-01
211615,Ziyad,Kornyak,Staff,1987-03-28,1995-03-28
211628,Xianlong,Rousseau,Senior Engineer,1991-04-13,9999-01-01
211632,Piyush,Shumilov,Senior Staff,1994-03-16,9999-01-01
211633,Ravishankar,Gils,Senior Staff,2001-01-20,9999-01-01
211633,Ravishankar,Gils,Staff,1992-01-21,2001-01-20
211643,Fen,Gubsky,Senior Staff,1995-04-22,9999-01-01
211643,Fen,Gubsky,Staff,1990-04-22,1995-04-22
211673,Heon,Veeraraghavan,Staff,1998-06-03,9999-01-01
211696,Reinhard,Isard,Senior Staff,1999-08-31,9999-01-01
211696,Reinhard,Isard,Staff,1991-08-31,1999-08-31
211723,Lorien,Swab,Staff,1994-11-17,1998-04-17
211729,Shichao,Zaiane,Senior Engineer,1998-07-09,9999-01-01
211734,Yishay,Baer,Senior Engineer,1990-02-07,9999-01-01
211738,Fei,Dayang,Staff,1999-01-06,9999-01-01
211747,Breannda,Peak,Engineer,1985-12-22,1990-12-22
211747,Breannda,Peak,Senior Engineer,1990-12-22,9999-01-01
211753,Oscar,Itzigehl,Senior Staff,1994-03-30,9999-01-01
211753,Oscar,Itzigehl,Staff,1986-03-30,1994-03-30
211755,Ymte,Garnick,Senior Staff,2000-11-16,9999-01-01
211755,Ymte,Garnick,Staff,1993-11-16,2000-11-16
211785,Narain,Farrar,Senior Staff,1997-08-18,9999-01-01
211785,Narain,Farrar,Staff,1988-08-18,1997-08-18
211797,Udi,Muntz,Engineer,1993-07-26,2002-07-26
211797,Udi,Muntz,Senior Engineer,2002-07-26,9999-01-01
211810,Yechezkel,Schusler,Senior Staff,1989-01-21,9999-01-01
211815,Aleksander,Milicic,Senior Staff,2002-01-01,9999-01-01
211815,Aleksander,Milicic,Staff,1994-01-01,2002-01-01
211820,Arumugam,Lovengreen,Senior Staff,1992-06-01,9999-01-01
211821,Marin,Remmers,Engineer,1998-05-07,9999-01-01
211826,Shaowen,Ghandeharizadeh,Technique Leader,1998-05-03,9999-01-01
211847,Shigenori,Cappelli,Engineer,1997-05-02,9999-01-01
211878,Shih,Impagliazzo,Engineer,1985-05-23,1992-05-23
211878,Shih,Impagliazzo,Senior Engineer,1992-05-23,9999-01-01
211885,JoAnna,Esposito,Engineer,1988-09-28,1996-09-28
211885,JoAnna,Esposito,Senior Engineer,1996-09-28,1998-08-29
211917,Edwin,Godskesen,Engineer,1993-12-28,2001-12-28
211917,Edwin,Godskesen,Senior Engineer,2001-12-28,9999-01-01
211956,Maria,Cyre,Senior Staff,1995-03-26,9999-01-01
211956,Maria,Cyre,Staff,1987-03-26,1995-03-26
211981,Satosi,Aumann,Senior Engineer,1987-09-02,9999-01-01
211988,Nikolaos,Winter,Staff,1992-05-18,1995-03-27
211989,Constantino,Salverda,Senior Staff,2002-05-15,9999-01-01
211989,Constantino,Salverda,Staff,1997-05-15,2002-05-15
212003,Margareta,Nittel,Staff,1988-05-14,1995-07-25
212007,Khosrow,Crelier,Senior Staff,1999-02-25,9999-01-01
212007,Khosrow,Crelier,Staff,1993-02-25,1999-02-25
212010,Geoffry,Farrel,Engineer,1988-01-24,1995-01-24
212010,Geoffry,Farrel,Senior Engineer,1995-01-24,9999-01-01
212018,Hilary,Demke,Engineer,1994-04-21,2002-04-21
212018,Hilary,Demke,Senior Engineer,2002-04-21,9999-01-01
212019,Rasikan,Baar,Assistant Engineer,1987-06-17,1994-06-17
212019,Rasikan,Baar,Engineer,1994-06-17,2001-06-17
212019,Rasikan,Baar,Senior Engineer,2001-06-17,9999-01-01
212021,Arto,Plessier,Senior Staff,1985-02-28,9999-01-01
212022,Ulf,Panangaden,Senior Staff,2000-01-13,9999-01-01
212022,Ulf,Panangaden,Staff,1991-01-13,2000-01-13
212026,Almudena,Magliocco,Engineer,1991-06-30,2000-06-29
212026,Almudena,Magliocco,Senior Engineer,2000-06-29,9999-01-01
212037,Kauko,Kobuchi,Senior Staff,1995-03-31,9999-01-01
212037,Kauko,Kobuchi,Staff,1990-03-31,1995-03-31
212079,Xudong,Waymire,Engineer,1998-07-04,9999-01-01
212083,Akeel,Lortz,Engineer,1998-02-11,9999-01-01
212084,Kamakshi,Denis,Engineer,1995-11-12,9999-01-01
212091,Ewing,Kornyak,Senior Staff,1995-07-13,9999-01-01
212091,Ewing,Kornyak,Staff,1989-07-13,1995-07-13
212106,Sven,Garnier,Senior Staff,2000-05-28,9999-01-01
212106,Sven,Garnier,Staff,1995-05-29,2000-05-28
212111,Aloke,Billingsley,Engineer,1986-02-06,1994-02-06
212111,Aloke,Billingsley,Senior Engineer,1994-02-06,9999-01-01
212119,Dulce,Randi,Engineer,1990-01-30,1990-08-23
212158,Ramzi,Redmiles,Senior Engineer,1995-09-18,9999-01-01
212162,Kiyokazu,Aingworth,Engineer,1986-06-18,1995-06-18
212162,Kiyokazu,Aingworth,Senior Engineer,1995-06-18,9999-01-01
212198,Surveyors,Hoogerwoord,Engineer,1986-01-19,1992-01-19
212198,Surveyors,Hoogerwoord,Senior Engineer,1992-01-19,9999-01-01
212200,Froduald,Cannane,Engineer,1985-07-28,1994-07-28
212200,Froduald,Cannane,Senior Engineer,1994-07-28,9999-01-01
212218,Conor,Passafiume,Senior Engineer,1985-03-14,9999-01-01
212246,Chandrasekaran,Gomatam,Engineer,1998-03-12,9999-01-01
212247,Dekang,Varker,Senior Engineer,1987-01-27,1997-12-24
212264,Divine,Gargeya,Senior Staff,2000-06-01,9999-01-01
212264,Divine,Gargeya,Staff,1995-06-02,2000-06-01
212277,Foong,Erde,Senior Staff,1998-05-02,9999-01-01
212277,Foong,Erde,Staff,1992-05-02,1998-05-02
212280,Khalid,Akiyama,Senior Engineer,1986-01-31,9999-01-01
212287,Waiman,Lienhardt,Technique Leader,1990-07-25,9999-01-01
212288,Sushant,Navazio,Engineer,1992-03-01,1997-03-01
212288,Sushant,Navazio,Senior Engineer,1997-03-01,9999-01-01
212302,Amalendu,Assaf,Senior Staff,1995-10-06,1998-08-12
212302,Amalendu,Assaf,Staff,1990-10-06,1995-10-06
212323,Leszek,Lunn,Technique Leader,1993-06-21,9999-01-01
212328,Ymte,England,Engineer,1993-11-16,1998-08-03
212337,Pranay,Bage,Engineer,1994-12-09,2000-12-08
212337,Pranay,Bage,Senior Engineer,2000-12-08,9999-01-01
212356,Pranay,Couchot,Senior Staff,1998-09-21,9999-01-01
212388,Sushant,Erdi,Senior Staff,1997-12-16,9999-01-01
212388,Sushant,Erdi,Staff,1992-12-16,1997-12-16
212398,Marco,Argence,Senior Engineer,1996-04-24,9999-01-01
212401,Sahrah,Lanphier,Technique Leader,1990-07-15,9999-01-01
212426,Sangeeta,Matteis,Engineer,1992-01-03,1998-01-02
212426,Sangeeta,Matteis,Senior Engineer,1998-01-02,9999-01-01
212445,Freyja,Hofman,Engineer,1994-01-20,9999-01-01
212450,Chaitali,Caine,Engineer,1996-11-09,2002-04-19
212454,Kamakshi,Gonthier,Senior Engineer,1998-05-04,9999-01-01
212456,Dinah,McClurg,Assistant Engineer,1997-03-14,9999-01-01
212462,Alain,Tokunaga,Senior Staff,1995-12-02,9999-01-01
212466,Jovan,Rubsam,Engineer,1992-03-15,1999-03-16
212466,Jovan,Rubsam,Senior Engineer,1999-03-16,9999-01-01
212467,Shuky,Peroz,Staff,1999-01-10,9999-01-01
212471,Aluzio,Seuren,Technique Leader,1994-11-30,9999-01-01
212473,Mona,Pulkowski,Senior Staff,1995-08-09,1998-03-03
212473,Mona,Pulkowski,Staff,1990-08-09,1995-08-09
212477,Aimee,Mahnke,Engineer,1987-05-29,1994-05-29
212477,Aimee,Mahnke,Senior Engineer,1994-05-29,9999-01-01
212480,Pascal,Nitta,Senior Engineer,1999-10-19,9999-01-01
212504,Feiyu,Asmuth,Senior Staff,2001-11-10,9999-01-01
212504,Feiyu,Asmuth,Staff,1992-11-10,2001-11-10
212512,Maria,Boyle,Senior Staff,1985-04-22,1995-10-24
212520,Shunichi,Snedden,Senior Staff,1997-08-08,1999-04-09
212527,Vasiliy,Calkin,Assistant Engineer,1990-01-29,1995-01-29
212527,Vasiliy,Calkin,Engineer,1995-01-29,2000-01-29
212527,Vasiliy,Calkin,Senior Engineer,2000-01-29,2001-04-20
212533,Shim,Panwar,Senior Staff,1991-08-26,1996-05-23
212543,Udi,Erdi,Staff,1993-08-03,9999-01-01
212552,Arve,Kusakabe,Engineer,1991-09-19,1995-06-19
212564,Marek,Siegrist,Senior Staff,1990-05-06,9999-01-01
212570,Jinya,Pocchiola,Engineer,1989-07-15,1994-07-15
212570,Jinya,Pocchiola,Senior Engineer,1994-07-15,9999-01-01
212581,Christoph,Zaccaria,Senior Engineer,1985-10-11,9999-01-01
212597,Xuedong,Falck,Assistant Engineer,1986-07-07,1993-07-07
212597,Xuedong,Falck,Engineer,1993-07-07,2000-07-07
212597,Xuedong,Falck,Senior Engineer,2000-07-07,9999-01-01
212605,Marsha,Setlzner,Technique Leader,1990-10-24,9999-01-01
212611,Tiina,Brodal,Engineer,1995-11-30,9999-01-01
212616,Kazuhisa,Smeets,Senior Staff,1998-07-19,9999-01-01
212631,Sachio,Mansanne,Senior Engineer,1995-02-19,9999-01-01
212681,Gaurav,Bhattacharjee,Assistant Engineer,1988-11-29,1993-11-29
212681,Gaurav,Bhattacharjee,Engineer,1993-11-29,1994-10-05
212688,Kwok,Couchot,Engineer,1991-02-07,1991-02-25
212701,Akeel,Yurov,Engineer,1997-11-10,9999-01-01
212704,Lenore,Paciorek,Senior Staff,1988-04-29,9999-01-01
212741,Rayond,Kowalchuk,Staff,1998-09-17,9999-01-01
212749,Subhada,Rosti,Senior Staff,1995-01-28,9999-01-01
212749,Subhada,Rosti,Staff,1986-01-28,1995-01-28
212754,Shridhar,Heydon,Staff,1998-07-23,2000-07-15
212757,Chirstian,Rodham,Staff,1997-08-16,9999-01-01
212785,Theirry,Pillow,Engineer,1992-02-07,1995-01-18
212793,Susanne,Biran,Senior Engineer,1996-11-15,2002-05-25
212803,Leaf,Boreale,Senior Staff,1992-06-18,9999-01-01
212803,Leaf,Boreale,Staff,1986-06-19,1992-06-18
212804,Dzung,Plumb,Staff,1992-09-23,1994-11-13
212814,Tomoyuki,Baik,Senior Staff,1994-10-11,9999-01-01
212814,Tomoyuki,Baik,Staff,1988-10-11,1994-10-11
212820,Arfst,Ertl,Engineer,1997-10-23,9999-01-01
212823,Zvonko,Benner,Engineer,1995-11-19,1997-02-08
212825,Oldrich,Makrucki,Senior Staff,1997-06-03,9999-01-01
212834,Leucio,Kropatsch,Engineer,1990-07-04,1999-07-04
212834,Leucio,Kropatsch,Senior Engineer,1999-07-04,9999-01-01
212838,Berto,Bodoff,Staff,1995-02-26,9999-01-01
212863,Mansur,Hasenauer,Engineer,1989-04-23,1997-04-23
212863,Mansur,Hasenauer,Senior Engineer,1997-04-23,9999-01-01
212885,Mingsen,Hinsberger,Staff,1999-03-11,9999-01-01
212896,Kendra,Georgakopoulos,Assistant Engineer,1998-05-13,9999-01-01
212900,Leah,Vieri,Engineer,1999-11-29,9999-01-01
212907,Olivera,Esteva,Staff,1995-09-13,1999-03-01
212913,Gilbert,Schaar,Senior Staff,1998-02-14,9999-01-01
212913,Gilbert,Schaar,Staff,1990-02-14,1998-02-14
212924,Qiwen,Goldhammer,Assistant Engineer,1996-09-28,9999-01-01
212954,Ziya,Kroha,Senior Engineer,1998-08-04,2000-10-06
212966,Huai,Denis,Senior Staff,1993-05-11,9999-01-01
212966,Huai,Denis,Staff,1988-05-11,1993-05-11
212967,Takanari,Mellouli,Engineer,1993-02-10,1998-02-10
212967,Takanari,Mellouli,Senior Engineer,1998-02-10,9999-01-01
212971,Junichi,Pews,Engineer,1997-01-04,1997-09-12
212972,Jinpo,Bugaenko,Senior Staff,2001-01-02,9999-01-01
212972,Jinpo,Bugaenko,Staff,1995-01-03,2001-01-02
212973,Berto,Berendt,Engineer,1994-03-09,2001-08-17
212984,Duro,Bierman,Technique Leader,1998-08-18,2000-06-14
213014,Gaetan,Terekhov,Senior Staff,2001-07-16,9999-01-01
213014,Gaetan,Terekhov,Staff,1992-07-16,2001-07-16
213038,Yunming,Bednarek,Engineer,1999-08-13,2002-01-12
213044,LiMin,Munos,Senior Engineer,1995-08-01,9999-01-01
213051,Mizuhito,Foote,Staff,1997-11-20,9999-01-01
213063,Shunichi,Maccarone,Staff,1999-08-15,1999-12-31
213067,Shietung,Deyuan,Technique Leader,1986-08-30,9999-01-01
213082,Jayson,Feldhoffer,Senior Staff,2002-05-13,9999-01-01
213082,Jayson,Feldhoffer,Staff,1993-05-13,2002-05-13
213111,Udaiprakash,Weisert,Senior Staff,1987-03-27,1994-08-12
213114,Paraskevi,Rajcani,Engineer,1990-01-01,1995-01-01
213114,Paraskevi,Rajcani,Senior Engineer,1995-01-01,9999-01-01
213120,Turgut,Leppanen,Senior Engineer,1988-08-05,1993-07-05
213127,Elvis,Penz,Engineer,1993-02-17,2001-02-17
213127,Elvis,Penz,Senior Engineer,2001-02-17,9999-01-01
213133,Basim,Mitina,Staff,1993-04-25,1999-02-26
213154,Kazuhisa,Narahari,Engineer,1997-09-26,2001-07-30
213157,Badri,Impagliazzo,Senior Staff,1994-05-13,9999-01-01
213157,Badri,Impagliazzo,Staff,1985-05-13,1994-05-13
213167,Honesty,Kushner,Engineer,1991-02-04,1998-02-04
213167,Honesty,Kushner,Senior Engineer,1998-02-04,9999-01-01
213177,Bernt,Lorin,Senior Staff,1999-05-27,9999-01-01
213177,Bernt,Lorin,Staff,1994-05-27,1999-05-27
213183,Gilbert,Trelles,Engineer,1986-09-22,1994-09-22
213183,Gilbert,Trelles,Senior Engineer,1994-09-22,9999-01-01
213187,Marie,Dymetman,Engineer,1989-01-04,1998-01-04
213187,Marie,Dymetman,Senior Engineer,1998-01-04,9999-01-01
213193,Abdelaziz,Huttel,Engineer,1998-04-22,9999-01-01
213199,Alagu,Comte,Senior Staff,2000-04-29,9999-01-01
213199,Alagu,Comte,Staff,1995-04-30,2000-04-29
213215,Mayumi,Argence,Technique Leader,1995-04-23,1999-08-04
213216,Phuoc,Ranka,Senior Engineer,1994-03-09,9999-01-01
213240,Slavian,Puppo,Senior Engineer,1996-11-15,9999-01-01
213244,Pintsang,Garnham,Engineer,1993-12-08,1999-07-10
213260,Manu,Jansen,Senior Staff,1998-07-18,9999-01-01
213260,Manu,Jansen,Staff,1989-07-18,1998-07-18
213262,Takushi,Maraist,Engineer,1990-11-09,1995-11-09
213262,Takushi,Maraist,Senior Engineer,1995-11-09,9999-01-01
213270,Xiaopeng,Vesel,Senior Staff,2001-11-08,9999-01-01
213270,Xiaopeng,Vesel,Staff,1996-11-08,2001-11-08
213283,Shir,Rossi,Engineer,1985-10-12,1993-10-12
213283,Shir,Rossi,Senior Engineer,1993-10-12,9999-01-01
213315,Harngdar,Cronan,Engineer,1989-07-14,1996-07-14
213315,Harngdar,Cronan,Senior Engineer,1996-07-14,9999-01-01
213350,Lech,Biros,Engineer,1993-07-29,2002-07-29
213350,Lech,Biros,Senior Engineer,2002-07-29,9999-01-01
213373,Shen,Rothenberg,Engineer,1989-09-05,1994-09-05
213373,Shen,Rothenberg,Senior Engineer,1994-09-05,9999-01-01
213374,Magy,Gill,Staff,1999-12-03,2002-04-04
213376,Kankanahalli,Fortenbacher,Staff,1999-12-10,9999-01-01
213379,Moon,Einsfeld,Senior Staff,2001-05-05,9999-01-01
213379,Moon,Einsfeld,Staff,1996-05-05,2001-05-05
213397,Yoshimitsu,Anguita,Senior Engineer,1990-10-26,9999-01-01
213399,Lijie,Cusworth,Senior Engineer,1989-10-28,9999-01-01
213402,Candido,Pero,Engineer,1985-12-28,1992-12-28
213402,Candido,Pero,Senior Engineer,1992-12-28,9999-01-01
213428,Arra,Walstra,Senior Staff,1994-12-15,9999-01-01
213428,Arra,Walstra,Staff,1988-12-15,1994-12-15
213440,Rafols,Farrag,Senior Staff,1996-10-27,9999-01-01
213440,Rafols,Farrag,Staff,1989-10-27,1996-10-27
213441,Arco,Fasbender,Senior Engineer,1989-04-13,9999-01-01
213448,Eben,Beilner,Staff,1999-11-10,2000-02-01
213465,Gretta,Suwa,Senior Staff,2001-10-12,9999-01-01
213465,Gretta,Suwa,Staff,1992-10-12,2001-10-12
213468,Fen,Pews,Senior Staff,1993-09-22,9999-01-01
213468,Fen,Pews,Staff,1987-09-23,1993-09-22
213471,Dipankar,Jiafu,Engineer,2000-01-12,9999-01-01
213486,Alassane,Merey,Engineer,1998-09-03,2001-02-15
213518,Conor,Hegner,Staff,1997-02-02,9999-01-01
213521,Vincent,Besancenot,Senior Engineer,1997-02-27,9999-01-01
213556,Oscal,Lanteri,Engineer,1995-04-26,2001-04-25
213556,Oscal,Lanteri,Senior Engineer,2001-04-25,2002-03-11
213557,Martine,Clouatre,Engineer,1998-08-31,9999-01-01
213576,Ramachenga,Thimonier,Senior Engineer,1986-10-02,9999-01-01
213595,Maja,Luit,Senior Staff,1994-12-09,9999-01-01
213595,Maja,Luit,Staff,1987-12-09,1994-12-09
213604,Idoia,Ghelli,Engineer,1988-06-11,1993-06-11
213604,Idoia,Ghelli,Senior Engineer,1993-06-11,9999-01-01
213633,Bodo,Uehara,Engineer,1998-02-13,1998-07-19
213663,Neelam,Perin,Engineer,1988-08-26,1994-08-26
213663,Neelam,Perin,Senior Engineer,1994-08-26,1996-10-07
213666,Aluzio,Sundgren,Senior Staff,1986-01-23,9999-01-01
213681,Shuzo,Parveen,Senior Staff,1985-09-22,2002-04-21
213694,Patricia,Lanphier,Senior Staff,1994-09-23,9999-01-01
213696,Rosella,Babu,Engineer,1987-08-26,1992-08-25
213696,Rosella,Babu,Senior Engineer,1992-08-25,1993-12-05
213719,Leszek,Joslin,Technique Leader,1989-09-21,9999-01-01
213721,Giordano,Nooteboom,Senior Staff,1994-10-12,1995-04-11
213721,Giordano,Nooteboom,Staff,1989-10-12,1994-10-12
213722,Gregory,Siksek,Assistant Engineer,1991-10-09,1998-10-09
213722,Gregory,Siksek,Engineer,1998-10-09,9999-01-01
213751,Dmitry,Pulkowski,Staff,1999-07-17,2000-01-20
213774,Ranga,Heiserman,Senior Staff,1988-03-07,9999-01-01
213804,Caolyn,Schusler,Engineer,1992-12-30,1997-12-30
213804,Caolyn,Schusler,Senior Engineer,1997-12-30,9999-01-01
213818,Gita,Back,Staff,1996-09-16,9999-01-01
213838,Tayeb,Hegner,Senior Engineer,1988-02-07,9999-01-01
213850,Cheong,Stiles,Engineer,1991-10-12,1996-10-11
213850,Cheong,Stiles,Senior Engineer,1996-10-11,9999-01-01
213888,Alair,Herbst,Senior Staff,2000-06-09,9999-01-01
213888,Alair,Herbst,Staff,1994-06-10,2000-06-09
213897,Kwangjo,Grandbois,Engineer,1997-04-21,2002-04-21
213897,Kwangjo,Grandbois,Senior Engineer,2002-04-21,9999-01-01
213922,Xiahua,Penttonen,Senior Staff,1993-04-06,9999-01-01
213922,Xiahua,Penttonen,Staff,1985-04-06,1993-04-06
213939,Munehiko,Narahara,Staff,1994-03-04,1995-04-28
213957,Martine,Merks,Staff,1996-04-30,9999-01-01
213982,Martijn,Hempstead,Assistant Engineer,1992-07-10,1998-07-10
213982,Martijn,Hempstead,Engineer,1998-07-10,9999-01-01
214006,Koldo,Katzenelson,Assistant Engineer,1998-08-02,9999-01-01
214015,Boalin,Calkin,Senior Staff,1999-06-25,9999-01-01
214015,Boalin,Calkin,Staff,1992-06-24,1999-06-25
214031,Kauko,Linares,Engineer,1996-10-02,9999-01-01
214042,Karlis,Narwekar,Staff,1998-08-05,9999-01-01
214098,Masanao,Billingsley,Senior Staff,1993-05-20,9999-01-01
214098,Masanao,Billingsley,Staff,1985-05-20,1993-05-20
214102,Oksana,Luef,Senior Engineer,1998-12-02,1999-04-03
214107,Pradeep,Tischendorf,Engineer,1993-02-01,2000-02-02
214107,Pradeep,Tischendorf,Senior Engineer,2000-02-02,9999-01-01
214122,Yakichi,Socorro,Engineer,1999-10-20,9999-01-01
214176,Patricio,Stasinski,Senior Staff,1996-11-30,2001-09-10
214176,Patricio,Stasinski,Staff,1987-12-01,1996-11-30
214177,Akhilish,Mitchem,Engineer,1990-09-11,1995-09-11
214177,Akhilish,Mitchem,Senior Engineer,1995-09-11,9999-01-01
214195,Collette,Melichar,Staff,1994-12-29,9999-01-01
214224,Gill,Tasistro,Technique Leader,1988-05-22,9999-01-01
214260,Juyoung,Rikino,Senior Staff,2000-10-06,9999-01-01
214260,Juyoung,Rikino,Staff,1994-10-07,2000-10-06
214316,Leah,Glinert,Engineer,1988-03-17,1995-03-18
214316,Leah,Glinert,Senior Engineer,1995-03-18,9999-01-01
214319,Itzchak,Nations,Staff,1998-05-04,9999-01-01
214339,Ebru,Garnick,Engineer,1996-08-23,9999-01-01
214355,Michaela,Cummings,Engineer,1987-03-21,1995-03-21
214355,Michaela,Cummings,Senior Engineer,1995-03-21,9999-01-01
214362,Gou,Dymetman,Assistant Engineer,1986-08-25,1993-08-25
214362,Gou,Dymetman,Engineer,1993-08-25,2000-08-25
214362,Gou,Dymetman,Senior Engineer,2000-08-25,9999-01-01
214382,Munehiko,Gonthier,Staff,1996-11-15,9999-01-01
214384,Flemming,Luce,Senior Staff,1986-11-05,9999-01-01
214428,Miyeon,Narahari,Senior Staff,1995-12-26,1998-09-16
214428,Miyeon,Narahari,Staff,1986-12-26,1995-12-26
214434,Uma,Maierhofer,Engineer,1994-05-08,2002-05-08
214434,Uma,Maierhofer,Senior Engineer,2002-05-08,9999-01-01
214435,Amstein,Teitelbaum,Engineer,1998-08-14,2002-01-03
214453,Shrikanth,Randt,Senior Staff,2000-02-18,9999-01-01
214453,Shrikanth,Randt,Staff,1992-02-18,2000-02-18
214457,Fan,Pehl,Engineer,1990-01-25,1998-01-25
214457,Fan,Pehl,Senior Engineer,1998-01-25,9999-01-01
214460,Rasiah,Ranai,Senior Engineer,1995-10-30,1996-08-11
214474,Roddy,Chinen,Staff,1991-07-15,1992-09-26
214476,Shao,Roohalamini,Senior Staff,2000-09-13,9999-01-01
214476,Shao,Roohalamini,Staff,1994-09-14,2000-09-13
214478,Remzi,Leaver,Technique Leader,1988-03-16,9999-01-01
214479,Hugo,Ramsak,Senior Staff,1995-02-13,9999-01-01
214479,Hugo,Ramsak,Staff,1988-02-13,1995-02-13
214486,Shietung,Khasidashvili,Engineer,1990-03-17,1996-03-16
214486,Shietung,Khasidashvili,Senior Engineer,1996-03-16,9999-01-01
214490,Jacqueline,Chleq,Senior Staff,1995-10-05,9999-01-01
214490,Jacqueline,Chleq,Staff,1986-10-05,1995-10-05
214502,Shaleah,Bierman,Engineer,1994-04-24,2002-04-24
214502,Shaleah,Bierman,Senior Engineer,2002-04-24,9999-01-01
214541,Niranjan,Dalphin,Senior Engineer,1997-08-29,9999-01-01
214557,Subhash,Joslin,Staff,1999-12-29,2000-01-11
214561,Steve,Butner,Engineer,1989-08-21,1997-08-21
214561,Steve,Butner,Senior Engineer,1997-08-21,9999-01-01
214567,Hongzue,Thimonier,Engineer,1996-07-08,2001-07-08
214567,Hongzue,Thimonier,Senior Engineer,2001-07-08,9999-01-01
214583,Kristin,Litecky,Engineer,1985-08-11,1993-08-11
214583,Kristin,Litecky,Senior Engineer,1993-08-11,9999-01-01
214587,Ranan,Schwabacher,Senior Engineer,1989-01-17,9999-01-01
214588,Juyoung,Assaf,Senior Staff,2000-09-20,9999-01-01
214588,Juyoung,Assaf,Staff,1994-09-21,2000-09-20
214589,Valery,Pollacia,Senior Staff,1999-04-27,9999-01-01
214589,Valery,Pollacia,Staff,1994-04-27,1999-04-27
214603,Kwangyoen,Lores,Senior Staff,1996-06-15,9999-01-01
214621,Martijn,Henders,Engineer,1992-05-15,1999-05-16
214621,Martijn,Henders,Senior Engineer,1999-05-16,2000-06-09
214658,Foong,Lung,Technique Leader,1997-01-30,9999-01-01
214668,Danny,Staylopatis,Technique Leader,1992-09-19,2001-02-10
214688,Angel,Ravishankar,Senior Engineer,1992-03-13,9999-01-01
214698,Kamakshi,Cunliffe,Senior Staff,1985-06-16,9999-01-01
214722,Gennady,Kornyak,Senior Engineer,1996-06-12,9999-01-01
214723,Genki,Casley,Senior Staff,1994-07-12,9999-01-01
214723,Genki,Casley,Staff,1988-07-12,1994-07-12
214726,Berhard,Picel,Senior Staff,1993-07-02,9999-01-01
214726,Berhard,Picel,Staff,1985-07-02,1993-07-02
214750,Aleksandar,Dratva,Engineer,1987-10-28,1993-10-27
214750,Aleksandar,Dratva,Senior Engineer,1993-10-27,9999-01-01
214761,Shem,Whitcomb,Senior Staff,1995-11-08,9999-01-01
214761,Shem,Whitcomb,Staff,1990-11-08,1995-11-08
214762,DeForest,Schrooten,Engineer,1997-04-07,9999-01-01
214772,Srinidhi,Compeau,Engineer,1989-06-03,1996-06-03
214772,Srinidhi,Compeau,Senior Engineer,1996-06-03,9999-01-01
214773,Kenroku,Bale,Senior Staff,1991-02-06,9999-01-01
214773,Kenroku,Bale,Staff,1986-02-06,1991-02-06
214783,Hidefumi,Pfau,Engineer,1990-09-06,1997-09-06
214783,Hidefumi,Pfau,Senior Engineer,1997-09-06,9999-01-01
214787,Howell,Iwayama,Engineer,1995-01-05,2000-01-05
214787,Howell,Iwayama,Senior Engineer,2000-01-05,2000-04-23
214792,Giri,Jording,Engineer,1994-12-20,1996-02-27
214817,Greger,Berztiss,Senior Engineer,1986-03-18,9999-01-01
214828,Ewing,Ushiama,Engineer,1990-02-28,1997-02-28
214828,Ewing,Ushiama,Senior Engineer,1997-02-28,1998-08-24
214837,Inderjeet,Schach,Engineer,1987-07-09,1993-07-08
214837,Inderjeet,Schach,Senior Engineer,1993-07-08,9999-01-01
214861,Gretta,Ruther,Staff,1998-11-23,2001-03-21
214872,Shaibal,Argence,Engineer,1992-09-14,2001-09-14
214872,Shaibal,Argence,Senior Engineer,2001-09-14,9999-01-01
214902,Tomofumi,Glowinski,Engineer,1989-08-07,1997-08-07
214902,Tomofumi,Glowinski,Senior Engineer,1997-08-07,9999-01-01
214911,Feixiong,Verspoor,Senior Staff,1996-01-24,9999-01-01
214911,Feixiong,Verspoor,Staff,1990-01-24,1996-01-24
214912,Bedir,Kisuki,Engineer,1992-04-26,1998-04-26
214912,Bedir,Kisuki,Senior Engineer,1998-04-26,9999-01-01
214922,Tayeb,Ozery,Engineer,1991-08-21,1999-08-21
214922,Tayeb,Ozery,Senior Engineer,1999-08-21,9999-01-01
214927,Moti,Marciano,Staff,1996-07-18,9999-01-01
214941,Sumali,Huhdanpaa,Staff,1985-02-25,1987-06-02
214951,Shahaf,Curless,Senior Staff,1995-06-18,9999-01-01
214967,Jolita,Schapiro,Senior Staff,1995-09-08,9999-01-01
214967,Jolita,Schapiro,Staff,1986-09-08,1995-09-08
214988,Kwee,Hashii,Engineer,1988-08-29,1996-08-29
214988,Kwee,Hashii,Senior Engineer,1996-08-29,9999-01-01
215004,Maha,Pellegrinelli,Senior Engineer,1991-12-01,9999-01-01
215012,Patricia,Cusworth,Senior Staff,1993-06-10,9999-01-01
215012,Patricia,Cusworth,Staff,1985-06-10,1993-06-10
215018,Hugo,Herath,Engineer,1990-11-07,1997-11-07
215018,Hugo,Herath,Senior Engineer,1997-11-07,9999-01-01
215053,Abdelghani,Haldar,Senior Staff,1990-12-14,9999-01-01
215053,Abdelghani,Haldar,Staff,1985-12-14,1990-12-14
215094,Weicheng,Magalhaes,Senior Staff,1995-05-03,9999-01-01
215094,Weicheng,Magalhaes,Staff,1987-05-03,1995-05-03
215100,Anyuan,Spell,Engineer,1997-06-18,9999-01-01
215108,Tetsushi,Hardjono,Senior Staff,2002-04-09,9999-01-01
215108,Tetsushi,Hardjono,Staff,1997-04-09,2002-04-09
215145,Paddy,Mikschl,Engineer,1992-03-30,1998-03-30
215145,Paddy,Mikschl,Senior Engineer,1998-03-30,9999-01-01
215181,Douadi,Miculan,Senior Staff,1992-02-10,9999-01-01
215181,Douadi,Miculan,Staff,1987-02-10,1992-02-10
215184,Akhilish,Kakkar,Senior Staff,1994-09-26,9999-01-01
215184,Akhilish,Kakkar,Staff,1988-09-26,1994-09-26
215203,Hidefumi,Zaumen,Engineer,1991-09-06,1998-09-06
215203,Hidefumi,Zaumen,Senior Engineer,1998-09-06,9999-01-01
215214,Jayson,Famili,Engineer,1995-08-21,2001-08-20
215214,Jayson,Famili,Senior Engineer,2001-08-20,9999-01-01
215221,Arfst,Lunn,Senior Staff,2001-05-24,9999-01-01
215221,Arfst,Lunn,Staff,1992-05-24,2001-05-24
215223,Toshimi,Perz,Engineer,1993-12-20,9999-01-01
215239,Van,Passafiume,Engineer,1991-06-01,1999-06-01
215239,Van,Passafiume,Senior Engineer,1999-06-01,9999-01-01
215240,Sanjiv,Chepyzhov,Staff,1998-11-27,9999-01-01
215241,Rasiah,Herbst,Engineer,1994-11-17,1999-11-17
215241,Rasiah,Herbst,Senior Engineer,1999-11-17,9999-01-01
215259,Udaiprakash,Bennis,Senior Staff,1999-09-16,9999-01-01
215259,Udaiprakash,Bennis,Staff,1990-09-16,1999-09-16
215279,Urs,Brobst,Senior Engineer,1997-12-21,9999-01-01
215307,Zhenhua,Cardazo,Engineer,1999-06-01,2001-04-16
215308,Djelloul,Tramer,Senior Staff,1995-05-14,9999-01-01
215308,Djelloul,Tramer,Staff,1986-05-14,1995-05-14
215322,Golgen,Baer,Senior Engineer,1994-12-05,9999-01-01
215323,Barna,Gulla,Engineer,1992-03-05,2000-03-05
215323,Barna,Gulla,Senior Engineer,2000-03-05,9999-01-01
215356,Along,Gill,Engineer,1985-11-17,1991-11-17
215356,Along,Gill,Senior Engineer,1991-11-17,9999-01-01
215364,Ingmar,Badache,Engineer,1988-03-13,1994-03-13
215364,Ingmar,Badache,Senior Engineer,1994-03-13,9999-01-01
215381,Shin,Uhrik,Engineer,1990-05-08,1999-05-08
215381,Shin,Uhrik,Senior Engineer,1999-05-08,9999-01-01
215384,Bader,Hofman,Engineer,1995-03-24,9999-01-01
215395,Giordano,Fontan,Engineer,1987-10-21,1996-10-20
215395,Giordano,Fontan,Senior Engineer,1996-10-20,1997-07-01
215413,Margo,Kavvadias,Technique Leader,1997-08-01,1998-01-01
215435,Chaitali,Monkewich,Senior Staff,1999-11-13,9999-01-01
215436,Yurii,Angiulli,Staff,1994-01-22,1995-06-13
215454,Itzchak,Vanwelkenhuysen,Senior Staff,1996-10-11,9999-01-01
215454,Itzchak,Vanwelkenhuysen,Staff,1987-10-12,1996-10-11
215456,Xinan,Cheshire,Staff,1999-08-11,9999-01-01
215490,Jeanne,Bressoud,Engineer,1990-08-17,1999-08-17
215490,Jeanne,Bressoud,Senior Engineer,1999-08-17,9999-01-01
215509,Sanjai,Nishimukai,Senior Staff,1994-03-01,9999-01-01
215509,Sanjai,Nishimukai,Staff,1985-03-01,1994-03-01
215512,Boutros,Kolvik,Senior Staff,1996-02-09,9999-01-01
215519,Golgen,Quittner,Staff,1994-06-06,9999-01-01
215529,Fusako,Cannard,Engineer,1993-08-18,2000-08-18
215529,Fusako,Cannard,Senior Engineer,2000-08-18,9999-01-01
215531,Somnath,Kemmerer,Senior Staff,2002-03-14,9999-01-01
215531,Somnath,Kemmerer,Staff,1994-03-14,2002-03-14
215532,Phillip,Herbst,Engineer,1987-04-29,1991-03-17
215533,Valdiodio,Lienhardt,Engineer,1989-11-22,1995-11-22
215533,Valdiodio,Lienhardt,Senior Engineer,1995-11-22,9999-01-01
215535,Juyoung,Boguraev,Senior Staff,2001-09-29,9999-01-01
215535,Juyoung,Boguraev,Staff,1992-09-29,2001-09-29
215538,Rafael,Adachi,Senior Engineer,1989-07-14,9999-01-01
215542,Bedrich,Teitelbaum,Staff,1998-04-20,9999-01-01
215544,Shugo,Krone,Engineer,1992-04-05,1999-04-06
215544,Shugo,Krone,Senior Engineer,1999-04-06,9999-01-01
215546,Douadi,Herath,Engineer,1985-02-14,1986-10-05
215568,Herb,Impagliazzo,Engineer,1985-03-12,1990-03-12
215568,Herb,Impagliazzo,Senior Engineer,1990-03-12,9999-01-01
215589,Tesuro,Brendel,Engineer,1989-09-14,1997-09-14
215589,Tesuro,Brendel,Senior Engineer,1997-09-14,9999-01-01
215605,Shirish,Anick,Senior Staff,1990-09-05,1995-07-29
215614,Berry,Petersohn,Senior Engineer,1994-08-10,1995-08-20
215630,Berhard,Pillow,Staff,1992-11-14,1998-07-26
215631,True,Veevers,Assistant Engineer,1998-05-15,9999-01-01
215638,Bingning,Rijsenbrij,Engineer,1992-07-11,1999-07-12
215638,Bingning,Rijsenbrij,Senior Engineer,1999-07-12,9999-01-01
215642,Carrsten,Birge,Senior Staff,1997-08-18,9999-01-01
215642,Carrsten,Birge,Staff,1989-08-18,1997-08-18
215645,Collette,Cichocki,Engineer,1990-02-28,1994-06-10
215661,Fumitake,Armand,Senior Staff,1995-04-20,9999-01-01
215662,Arne,Bahl,Engineer,1987-01-03,1996-01-03
215662,Arne,Bahl,Senior Engineer,1996-01-03,9999-01-01
215665,Henk,Wroclawski,Technique Leader,1995-08-25,1997-12-04
215676,Ziva,Siochi,Staff,1996-05-31,1997-09-27
215688,Hyuncheol,Ohori,Staff,1994-05-13,9999-01-01
215743,Shahaf,Lambe,Engineer,1997-02-24,9999-01-01
215748,Van,Mapelli,Staff,1990-04-01,1994-03-15
215758,Kristin,Shigei,Engineer,1987-04-03,1994-04-03
215758,Kristin,Shigei,Senior Engineer,1994-04-03,9999-01-01
215764,Yongqiao,Schwartzburd,Senior Staff,1994-04-06,2001-12-13
215764,Yongqiao,Schwartzburd,Staff,1986-04-06,1994-04-06
215787,Parto,Bernardeschi,Engineer,1996-01-08,2002-01-07
215787,Parto,Bernardeschi,Senior Engineer,2002-01-07,9999-01-01
215807,Yurii,Khalid,Assistant Engineer,1988-07-01,1994-07-01
215807,Yurii,Khalid,Engineer,1994-07-01,1995-06-06
215814,Uta,Vernadat,Senior Staff,2001-10-08,9999-01-01
215814,Uta,Vernadat,Staff,1993-10-08,2001-10-08
215818,Krisda,Alpin,Staff,1998-09-07,9999-01-01
215820,Elzbieta,Dulin,Technique Leader,1994-08-15,9999-01-01
215825,Tianruo,Bellone,Engineer,1986-11-09,1992-11-08
215825,Tianruo,Bellone,Senior Engineer,1992-11-08,9999-01-01
215827,Moon,Swab,Senior Staff,1999-04-03,9999-01-01
215827,Moon,Swab,Staff,1994-04-03,1999-04-03
215847,Xiaobin,Benzaken,Senior Staff,1993-09-14,9999-01-01
215847,Xiaobin,Benzaken,Staff,1987-09-15,1993-09-14
215874,Berhard,Danecki,Staff,1998-09-18,9999-01-01
215880,Tesuya,Krychniak,Engineer,1992-04-29,2000-04-29
215880,Tesuya,Krychniak,Senior Engineer,2000-04-29,9999-01-01
215881,Zongyan,Prochazka,Engineer,1987-09-06,1993-09-05
215881,Zongyan,Prochazka,Senior Engineer,1993-09-05,9999-01-01
215907,Danil,Onuegbe,Technique Leader,1994-07-04,9999-01-01
215931,Sachem,Schiettecatte,Staff,1999-04-12,9999-01-01
215933,Torsten,Lambe,Engineer,1995-12-29,2000-12-28
215933,Torsten,Lambe,Senior Engineer,2000-12-28,9999-01-01
215976,Hairong,Garnick,Senior Staff,1994-09-10,9999-01-01
215976,Hairong,Garnick,Staff,1986-09-10,1994-09-10
215990,Wojceich,Khasidashvili,Technique Leader,1992-06-06,9999-01-01
216002,Arno,Msuda,Senior Staff,1994-02-11,9999-01-01
216002,Arno,Msuda,Staff,1989-02-11,1994-02-11
216003,Amstein,England,Engineer,1999-02-25,9999-01-01
216004,Miomir,Broder,Engineer,1997-01-26,1999-03-07
216010,Luerbio,Monkewich,Assistant Engineer,1993-10-23,2000-10-23
216010,Luerbio,Monkewich,Engineer,2000-10-23,9999-01-01
216023,Khedija,Waschkowski,Senior Staff,1999-02-03,9999-01-01
216023,Khedija,Waschkowski,Staff,1992-02-03,1999-02-03
216039,Steve,Munoz,Engineer,1986-11-21,1995-11-21
216039,Steve,Munoz,Senior Engineer,1995-11-21,9999-01-01
216041,Neven,Farrel,Senior Staff,1985-05-01,9999-01-01
216057,Khaled,Sichman,Senior Staff,1993-03-20,9999-01-01
216057,Khaled,Sichman,Staff,1985-03-20,1993-03-20
216077,Martijn,Siprelle,Staff,1995-02-09,9999-01-01
216086,Otmar,Bain,Engineer,1991-10-29,2000-10-28
216086,Otmar,Bain,Senior Engineer,2000-10-28,9999-01-01
216089,Oguz,Gecseg,Engineer,1987-09-21,1996-09-20
216089,Oguz,Gecseg,Senior Engineer,1996-09-20,9999-01-01
216093,Gadiel,Papastamatiou,Senior Staff,2002-02-01,9999-01-01
216093,Gadiel,Papastamatiou,Staff,1996-02-02,2002-02-01
216111,Jaroslava,Bardell,Senior Staff,1998-06-22,9999-01-01
216111,Jaroslava,Bardell,Staff,1990-06-22,1998-06-22
216118,Takahira,Litecky,Staff,1993-10-15,9999-01-01
216119,Kousuke,Honglei,Engineer,1992-02-24,1997-02-23
216119,Kousuke,Honglei,Senior Engineer,1997-02-23,9999-01-01
216125,Shakhar,Linares,Staff,1997-09-19,9999-01-01
216154,Xiong,Chorvat,Senior Staff,1998-02-20,9999-01-01
216188,Rasikan,Cappello,Engineer,1997-02-24,9999-01-01
216197,Cedric,Sundgren,Senior Staff,1997-08-28,9999-01-01
216197,Cedric,Sundgren,Staff,1989-08-28,1997-08-28
216201,Naftaly,Narahara,Senior Staff,1989-05-02,9999-01-01
216203,Abdulah,Karunanithi,Staff,1995-05-31,2000-07-24
216221,Saeed,Marshall,Engineer,1986-08-10,1991-08-10
216221,Saeed,Marshall,Senior Engineer,1991-08-10,9999-01-01
216239,Siddarth,Reghbati,Staff,1999-07-20,9999-01-01
216253,Kazuyasu,Xiaoshan,Senior Engineer,1985-05-27,9999-01-01
216256,Mokhtar,Lunn,Senior Staff,1996-02-04,9999-01-01
216256,Mokhtar,Lunn,Staff,1991-02-04,1996-02-04
216282,Murthy,Pardalos,Senior Staff,2000-07-26,9999-01-01
216282,Murthy,Pardalos,Staff,1994-07-27,2000-07-26
216287,Miomir,Heping,Senior Staff,1999-04-26,9999-01-01
216287,Miomir,Heping,Staff,1991-04-26,1999-04-26
216308,Sahrah,Potthoff,Senior Staff,2001-12-04,9999-01-01
216308,Sahrah,Potthoff,Staff,1996-12-04,2001-12-04
216343,Domenick,Bolsens,Senior Staff,1996-03-22,9999-01-01
216420,Shigeu,Litvinov,Engineer,1998-10-05,9999-01-01
216430,Ebru,Chvatal,Senior Staff,1994-10-09,9999-01-01
216430,Ebru,Chvatal,Staff,1985-10-09,1994-10-09
216435,Idoia,Schauser,Senior Staff,1998-02-21,9999-01-01
216435,Idoia,Schauser,Staff,1993-02-21,1998-02-21
216438,Malu,Encarnacion,Engineer,1989-03-20,1997-03-20
216438,Malu,Encarnacion,Senior Engineer,1997-03-20,9999-01-01
216445,Xumin,Benveniste,Senior Staff,1986-09-27,9999-01-01
216458,Munenori,Decleir,Engineer,1987-01-05,1993-12-23
216461,Morris,Awdeh,Assistant Engineer,1989-08-24,1996-08-24
216461,Morris,Awdeh,Engineer,1996-08-24,9999-01-01
216464,Oksana,Beznosov,Senior Staff,1993-10-03,9999-01-01
216464,Oksana,Beznosov,Staff,1985-10-03,1993-10-03
216476,Arvind,Bojadziev,Senior Staff,1991-01-17,9999-01-01
216476,Arvind,Bojadziev,Staff,1986-01-17,1991-01-17
216505,Zhiwei,Hiyoshi,Senior Staff,1996-07-29,9999-01-01
216505,Zhiwei,Hiyoshi,Staff,1990-07-30,1996-07-29
216512,Pranjal,Knightly,Senior Staff,1997-10-16,9999-01-01
216512,Pranjal,Knightly,Staff,1991-10-17,1997-10-16
216524,Otilia,Merli,Engineer,1995-07-22,2000-07-21
216524,Otilia,Merli,Senior Engineer,2000-07-21,9999-01-01
216527,Annemarie,Lamma,Engineer,1993-06-02,2002-06-02
216527,Annemarie,Lamma,Senior Engineer,2002-06-02,9999-01-01
216535,Honglan,Heering,Senior Staff,1996-03-26,9999-01-01
216535,Honglan,Heering,Staff,1989-03-26,1996-03-26
216541,Yinghua,Gist,Senior Staff,1997-03-22,9999-01-01
216541,Yinghua,Gist,Staff,1990-03-22,1997-03-22
216577,Fusako,Kowalchuk,Senior Engineer,1989-12-13,9999-01-01
216587,Dekang,Chinen,Senior Engineer,1986-06-20,9999-01-01
216614,Matk,Papadias,Technique Leader,1985-04-01,1998-10-19
216622,Kiam,Sifakis,Senior Engineer,1994-11-25,2000-07-18
216677,Iara,Iivonen,Senior Engineer,1987-08-24,9999-01-01
216681,Randy,Bahl,Staff,1991-12-16,1998-07-31
216685,Tesuro,Christ,Staff,1998-12-06,9999-01-01
216699,JoAnna,Janetzko,Technique Leader,1994-08-03,9999-01-01
216736,Stafford,Pfau,Engineer,1999-02-16,9999-01-01
216739,Herb,Olivero,Engineer,1996-11-02,2001-11-02
216739,Herb,Olivero,Senior Engineer,2001-11-02,9999-01-01
216744,Yannik,Blokdijk,Senior Engineer,1995-10-17,9999-01-01
216746,Kwangsub,Oaver,Assistant Engineer,1992-09-24,2000-09-24
216746,Kwangsub,Oaver,Engineer,2000-09-24,9999-01-01
216749,Tesuro,Worfolk,Senior Engineer,1999-04-16,2002-05-18
216792,Renny,Landherr,Engineer,1994-07-19,2001-07-19
216792,Renny,Landherr,Senior Engineer,2001-07-19,9999-01-01
216814,Hugh,Waeselynck,Engineer,1994-07-14,2000-07-13
216814,Hugh,Waeselynck,Senior Engineer,2000-07-13,9999-01-01
216816,Maha,Bernardeschi,Senior Staff,1993-05-15,1997-08-10
216816,Maha,Bernardeschi,Staff,1988-05-15,1993-05-15
216819,Ramya,Mahnke,Senior Engineer,1994-01-10,9999-01-01
216821,Lena,Sudbeck,Senior Engineer,1992-01-13,9999-01-01
216823,Dannz,Muhlberg,Engineer,1991-11-08,1998-11-08
216823,Dannz,Muhlberg,Senior Engineer,1998-11-08,9999-01-01
216838,Patricio,Haraldson,Senior Staff,1997-03-26,9999-01-01
216853,Danel,McFarlan,Engineer,1998-05-18,9999-01-01
216876,Paraskevi,Meriste,Engineer,1995-11-28,9999-01-01
216880,Zsolt,Beausoleil,Senior Staff,1993-05-10,9999-01-01
216880,Zsolt,Beausoleil,Staff,1987-05-11,1993-05-10
216886,Pranas,Nivat,Engineer,1998-01-03,1998-08-22
216912,Sumant,Heyers,Staff,1997-02-20,2001-09-15
216925,Georg,Birge,Staff,1997-06-13,9999-01-01
216952,Ronghao,Luks,Staff,1999-04-27,9999-01-01
216955,Somnath,Bazzichi,Senior Staff,1994-02-04,9999-01-01
216955,Somnath,Bazzichi,Staff,1989-02-04,1994-02-04
216964,Isaac,Compeau,Technique Leader,1988-02-18,9999-01-01
216994,Along,Unno,Senior Staff,1995-10-27,9999-01-01
216994,Along,Unno,Staff,1988-10-26,1995-10-27
217000,Hidekazu,Auyong,Senior Staff,2000-05-21,9999-01-01
217000,Hidekazu,Auyong,Staff,1991-05-22,2000-05-21
217006,Yechiam,Chinin,Senior Staff,1998-12-14,9999-01-01
217006,Yechiam,Chinin,Staff,1991-12-14,1998-12-14
217027,Marit,Brodie,Senior Engineer,1990-05-03,1993-04-06
217051,Vugranam,Itschner,Senior Engineer,1986-04-06,1994-08-19
217054,DAIDA,Luff,Senior Staff,1994-08-15,9999-01-01
217060,Junichi,Trumbly,Senior Staff,1998-08-14,9999-01-01
217060,Junichi,Trumbly,Staff,1993-08-14,1998-08-14
217061,Make,Bernardeschi,Engineer,1994-06-07,2001-06-07
217061,Make,Bernardeschi,Senior Engineer,2001-06-07,9999-01-01
217069,Vasilii,Pulkowski,Staff,1998-04-03,9999-01-01
217073,Howell,Pezzoli,Senior Staff,1996-12-21,9999-01-01
217073,Howell,Pezzoli,Staff,1991-12-22,1996-12-21
217103,Yefim,Isard,Engineer,1987-10-04,1994-10-04
217103,Yefim,Isard,Senior Engineer,1994-10-04,9999-01-01
217110,Neven,Cichocki,Senior Engineer,1998-03-25,9999-01-01
217134,Nevio,Morrey,Senior Staff,2000-02-11,9999-01-01
217134,Nevio,Morrey,Staff,1995-02-11,2000-02-11
217151,Shigeu,Anick,Engineer,1989-07-07,1996-07-07
217151,Shigeu,Anick,Senior Engineer,1996-07-07,9999-01-01
217192,Matk,Keohane,Engineer,1988-04-17,1993-04-17
217192,Matk,Keohane,Senior Engineer,1993-04-17,9999-01-01
217213,Pranjal,Prochazka,Senior Staff,2001-08-02,9999-01-01
217213,Pranjal,Prochazka,Staff,1993-08-02,2001-08-02
217220,Xuejia,Paludetto,Senior Staff,1994-04-28,9999-01-01
217220,Xuejia,Paludetto,Staff,1989-04-28,1994-04-28
217226,Mori,Jullig,Technique Leader,1992-10-19,9999-01-01
217243,Kenton,Rabehasaina,Senior Engineer,1998-01-14,9999-01-01
217258,Anneli,Improta,Senior Staff,1995-03-03,9999-01-01
217258,Anneli,Improta,Staff,1987-03-03,1995-03-03
217262,Roded,Bernini,Engineer,1997-03-12,2002-03-12
217262,Roded,Bernini,Senior Engineer,2002-03-12,9999-01-01
217278,Shietung,Litecky,Engineer,1994-09-15,1999-09-15
217278,Shietung,Litecky,Senior Engineer,1999-09-15,9999-01-01
217301,Radhika,Zobel,Engineer,1986-07-29,1991-07-29
217301,Radhika,Zobel,Senior Engineer,1991-07-29,9999-01-01
217302,Roselyn,McClurg,Staff,1994-11-03,9999-01-01
217303,Breannda,Pargas,Engineer,1996-08-31,9999-01-01
217318,Otmar,Hennebert,Engineer,1995-03-08,9999-01-01
217329,Pascal,Gecsel,Senior Engineer,1999-05-10,9999-01-01
217331,Weijing,Demian,Senior Engineer,1987-10-30,9999-01-01
217356,Tristan,Krohn,Staff,1996-10-15,9999-01-01
217361,Masaki,Kilgore,Staff,1994-08-03,1998-12-03
217366,Valeska,Decaestecker,Engineer,1992-01-16,1999-01-16
217366,Valeska,Decaestecker,Senior Engineer,1999-01-16,9999-01-01
217384,Ayonca,Staudhammer,Engineer,1996-05-30,2001-03-02
217390,Gunilla,Felder,Assistant Engineer,1991-08-04,1999-08-04
217390,Gunilla,Felder,Engineer,1999-08-04,9999-01-01
217406,Urs,Koblick,Senior Staff,1999-05-22,9999-01-01
217406,Urs,Koblick,Staff,1993-05-22,1999-05-22
217407,Xiaopeng,Stafford,Engineer,1985-02-26,1993-02-26
217407,Xiaopeng,Stafford,Senior Engineer,1993-02-26,9999-01-01
217419,Adamantios,Camarinopoulos,Assistant Engineer,1987-07-21,1992-07-20
217419,Adamantios,Camarinopoulos,Engineer,1992-07-20,1997-07-20
217419,Adamantios,Camarinopoulos,Senior Engineer,1997-07-20,9999-01-01
217422,Aamer,Katiyar,Senior Staff,1998-10-19,9999-01-01
217424,Chenyi,Lortz,Senior Staff,1998-05-30,9999-01-01
217424,Chenyi,Lortz,Staff,1992-05-30,1998-05-30
217433,Yonghoan,Merro,Assistant Engineer,1992-12-26,2000-12-26
217433,Yonghoan,Merro,Engineer,2000-12-26,9999-01-01
217463,Rimli,Riexinger,Senior Staff,1997-05-13,9999-01-01
217463,Rimli,Riexinger,Staff,1988-05-13,1997-05-13
217464,Gaetan,Nilsson,Senior Staff,1994-01-31,9999-01-01
217464,Gaetan,Nilsson,Staff,1988-02-01,1994-01-31
217474,Masamitsu,Gammage,Senior Staff,1999-11-14,9999-01-01
217474,Masamitsu,Gammage,Staff,1993-11-14,1999-11-14
217487,Mack,Erbe,Senior Engineer,1998-01-24,2000-04-06
217493,Bedir,Pramanik,Engineer,1993-09-13,1998-09-13
217493,Bedir,Pramanik,Senior Engineer,1998-09-13,9999-01-01
217498,Leucio,Swan,Senior Staff,1991-06-26,9999-01-01
217498,Leucio,Swan,Staff,1985-06-26,1991-06-26
217504,Berthier,Apsitis,Engineer,1987-04-23,1995-04-23
217504,Berthier,Apsitis,Senior Engineer,1995-04-23,9999-01-01
217505,Tadahiro,Gadepally,Engineer,1989-08-17,1995-08-17
217505,Tadahiro,Gadepally,Senior Engineer,1995-08-17,9999-01-01
217520,Tzu,Schiper,Senior Staff,1991-09-01,9999-01-01
217525,Leszek,Bazzichi,Staff,1985-12-30,1994-03-17
217529,Tzu,Lund,Staff,1996-10-12,9999-01-01
217553,Srinidhi,Thiria,Engineer,1995-06-22,2000-06-21
217553,Srinidhi,Thiria,Senior Engineer,2000-06-21,9999-01-01
217556,Vishwani,Osgood,Engineer,1996-12-20,9999-01-01
217577,Barun,Hooghiemstra,Senior Engineer,1990-04-24,9999-01-01
217578,Mandell,Velardi,Engineer,1992-01-16,1997-01-15
217578,Mandell,Velardi,Senior Engineer,1997-01-15,9999-01-01
217580,Almudena,Koshino,Engineer,1989-08-04,1998-08-04
217580,Almudena,Koshino,Senior Engineer,1998-08-04,9999-01-01
217583,Alassane,Remmele,Engineer,1991-12-10,1997-12-09
217583,Alassane,Remmele,Senior Engineer,1997-12-09,9999-01-01
217676,Arun,Demos,Staff,1996-04-21,9999-01-01
217694,Gen,Hinsberger,Engineer,1998-07-15,2001-04-05
217698,Isamu,Unni,Senior Engineer,1985-09-02,9999-01-01
217702,Marsja,Penn,Senior Staff,1989-12-18,9999-01-01
217728,Jacqueline,Ibel,Technique Leader,1992-03-09,9999-01-01
217731,Fan,Sudkamp,Senior Staff,1999-01-18,9999-01-01
217762,Tzvetan,Stifter,Senior Staff,1992-09-21,9999-01-01
217769,Angel,Bernardinello,Engineer,1992-06-01,1997-06-01
217769,Angel,Bernardinello,Senior Engineer,1997-06-01,9999-01-01
217794,Pintsang,Templeman,Engineer,1995-11-10,9999-01-01
217815,Spyrose,Flowers,Staff,1997-07-21,2000-08-28
217825,Zvonko,Sherertz,Engineer,1999-02-07,9999-01-01
217830,Mayuri,Penttonen,Assistant Engineer,1997-12-17,9999-01-01
217854,Takahiro,Berendt,Assistant Engineer,1996-09-28,1999-01-01
217858,Jasminko,Talmon,Technique Leader,1990-09-14,9999-01-01
217869,Hailing,Conde,Staff,1993-08-05,1999-11-29
217872,Perla,Brookner,Engineer,1993-11-03,2001-11-03
217872,Perla,Brookner,Senior Engineer,2001-11-03,9999-01-01
217907,Aksel,Gyorkos,Senior Staff,1995-05-27,9999-01-01
217907,Aksel,Gyorkos,Staff,1988-05-26,1995-05-27
217908,Sandeepan,Emmerich,Engineer,1998-01-20,9999-01-01
217912,Hailing,Pietrzykowski,Senior Staff,1989-12-02,9999-01-01
217920,Paloma,Gecsel,Engineer,1986-09-26,1986-10-25
217927,Murthy,Vecchi,Technique Leader,1995-04-14,1996-09-23
217933,Indrajit,Bernini,Engineer,1992-10-07,1997-10-07
217933,Indrajit,Bernini,Senior Engineer,1997-10-07,9999-01-01
217966,Susumu,Candan,Staff,1995-07-20,1998-10-20
217971,Zsolt,Giaccio,Staff,1994-10-28,9999-01-01
217990,Ger,Bellmore,Engineer,1987-12-09,1993-12-08
217990,Ger,Bellmore,Senior Engineer,1993-12-08,9999-01-01
218009,George,Stanfel,Senior Staff,1990-04-15,9999-01-01
218017,Feipei,Narlikar,Senior Staff,2000-06-13,9999-01-01
218017,Feipei,Narlikar,Staff,1993-06-13,2000-06-13
218020,Fumino,Cappello,Engineer,1998-11-13,9999-01-01
218026,Shuji,Liesche,Senior Engineer,1998-05-16,9999-01-01
218038,Guther,Schaar,Technique Leader,1985-04-15,2000-07-30
218053,Dhritiman,Roohalamini,Senior Staff,1999-10-05,9999-01-01
218053,Dhritiman,Roohalamini,Staff,1991-10-05,1999-10-05
218063,Danco,Butterworth,Senior Staff,1997-12-31,9999-01-01
218063,Danco,Butterworth,Staff,1992-12-31,1997-12-31
218064,Niranjan,Gruenwald,Engineer,1994-07-03,1997-03-30
218070,Aran,Swist,Senior Staff,1997-02-20,9999-01-01
218070,Aran,Swist,Staff,1988-02-21,1997-02-20
218076,Shuho,Millington,Assistant Engineer,1998-12-09,9999-01-01
218079,Hongzhu,Murillo,Technique Leader,1988-05-25,9999-01-01
218094,Hidefumi,Khalid,Engineer,1996-07-13,9999-01-01
218113,Radhika,Henseler,Engineer,1989-10-02,1998-10-02
218113,Radhika,Henseler,Senior Engineer,1998-10-02,9999-01-01
218123,Gino,Facello,Senior Staff,1998-03-19,2001-02-14
218123,Gino,Facello,Staff,1989-03-19,1998-03-19
218127,Claudi,Schwartzbauer,Engineer,1995-01-02,9999-01-01
218130,Bluma,Boudaillier,Senior Staff,1996-12-15,9999-01-01
218130,Bluma,Boudaillier,Staff,1989-12-15,1996-12-15
218135,Radhia,Wursthorn,Engineer,1990-10-14,1999-10-14
218135,Radhia,Wursthorn,Senior Engineer,1999-10-14,9999-01-01
218141,Pradeep,Leuchs,Engineer,1985-03-30,1991-03-30
218141,Pradeep,Leuchs,Senior Engineer,1991-03-30,9999-01-01
218157,Elliott,Siochi,Staff,1995-01-19,9999-01-01
218194,Moni,Riexinger,Technique Leader,1993-04-16,9999-01-01
218204,Guiseppe,Glowinski,Staff,1998-05-19,1999-11-04
218209,Marit,Koshiba,Engineer,1992-08-30,1998-08-30
218209,Marit,Koshiba,Senior Engineer,1998-08-30,9999-01-01
218211,Gil,Peres,Senior Staff,1995-08-09,9999-01-01
218211,Gil,Peres,Staff,1988-08-08,1995-08-09
218233,Vitaly,Deverell,Engineer,1995-04-26,2002-04-26
218233,Vitaly,Deverell,Senior Engineer,2002-04-26,9999-01-01
218257,Lakshmi,Szemeredi,Senior Staff,1998-04-02,9999-01-01
218257,Lakshmi,Szemeredi,Staff,1993-04-02,1998-04-02
218266,Billur,Rosch,Engineer,1994-08-15,1999-08-15
218266,Billur,Rosch,Senior Engineer,1999-08-15,9999-01-01
218273,Giap,DiGiano,Senior Staff,1996-04-14,9999-01-01
218273,Giap,DiGiano,Staff,1989-04-14,1996-04-14
218288,Seshu,Schaft,Engineer,1989-03-05,1991-08-22
218294,Kaijung,Tasistro,Senior Staff,1994-08-02,2001-12-29
218294,Kaijung,Tasistro,Staff,1988-08-02,1994-08-02
218334,Zhiwei,Felder,Engineer,1996-09-05,9999-01-01
218338,Dines,Borstler,Staff,1993-10-29,9999-01-01
218344,Elliott,Ossenbruggen,Senior Engineer,1998-08-09,9999-01-01
218346,Chaosheng,Olivero,Engineer,1987-12-23,1992-12-22
218346,Chaosheng,Olivero,Senior Engineer,1992-12-22,9999-01-01
218349,Phule,Remmele,Senior Staff,1998-05-30,9999-01-01
218349,Phule,Remmele,Staff,1992-05-30,1998-05-30
218357,Dines,Lally,Senior Staff,1996-05-14,9999-01-01
218357,Dines,Lally,Staff,1989-05-14,1996-05-14
218359,Angel,Heering,Engineer,1999-08-26,9999-01-01
218411,Lobel,Herbst,Senior Engineer,1997-12-19,9999-01-01
218412,Sverrir,Hardjono,Engineer,1999-01-18,9999-01-01
218418,Yakkov,Rosar,Senior Staff,1996-11-02,9999-01-01
218418,Yakkov,Rosar,Staff,1987-11-03,1996-11-02
218443,Tadanori,Danecki,Assistant Engineer,1987-06-23,1990-05-07
218465,Ottavia,Makrucki,Engineer,1999-08-28,9999-01-01
218479,Valter,Luck,Engineer,1989-05-30,1995-05-30
218479,Valter,Luck,Senior Engineer,1995-05-30,9999-01-01
218489,Xinan,Erev,Senior Staff,2002-06-17,9999-01-01
218489,Xinan,Erev,Staff,1993-06-17,2002-06-17
218495,Arno,Krider,Staff,1999-03-30,9999-01-01
218498,Shawna,Irland,Senior Staff,1998-04-19,1998-06-11
218498,Shawna,Irland,Staff,1990-04-19,1998-04-19
218499,Xinglin,Ellozy,Engineer,1990-09-29,1996-09-28
218499,Xinglin,Ellozy,Senior Engineer,1996-09-28,9999-01-01
218505,Mohan,Perfilyeva,Technique Leader,1997-05-07,9999-01-01
218508,Golgen,Bennis,Engineer,1998-04-01,9999-01-01
218532,Krisda,Gien,Senior Staff,1996-11-17,9999-01-01
218532,Krisda,Gien,Staff,1990-11-18,1996-11-17
218537,Oddvar,Cyre,Senior Staff,1987-08-07,9999-01-01
218539,Sailaja,Tomescu,Technique Leader,1997-03-13,9999-01-01
218548,Bernice,Birta,Senior Engineer,1987-01-20,9999-01-01
218550,Suebskul,Fordan,Engineer,1999-02-13,2000-09-18
218557,Huei,Gomatam,Senior Staff,1988-12-14,9999-01-01
218564,Sanjay,Hopewell,Engineer,1997-10-07,9999-01-01
218571,Shih,Senzako,Engineer,1994-10-23,9999-01-01
218575,Zhenhua,Comte,Engineer,1985-11-22,1994-11-22
218575,Zhenhua,Comte,Senior Engineer,1994-11-22,9999-01-01
218576,Shaibal,Mungall,Senior Engineer,1997-09-07,9999-01-01
218586,Sham,Rissland,Engineer,1987-11-29,1995-11-29
218586,Sham,Rissland,Senior Engineer,1995-11-29,2002-04-17
218596,Toshimori,Showalter,Senior Staff,1993-10-09,9999-01-01
218596,Toshimori,Showalter,Staff,1987-10-10,1993-10-09
218600,Gita,Bail,Engineer,1986-05-30,1991-05-30
218600,Gita,Bail,Senior Engineer,1991-05-30,9999-01-01
218615,Tomofumi,Asmuth,Senior Engineer,1997-02-03,9999-01-01
218617,Randi,Gimbel,Staff,1997-07-18,9999-01-01
218640,Kankanahalli,Vecchi,Engineer,1992-07-31,1997-07-31
218640,Kankanahalli,Vecchi,Senior Engineer,1997-07-31,9999-01-01
218644,Jaideep,Siksek,Engineer,1989-06-13,1996-06-13
218644,Jaideep,Siksek,Senior Engineer,1996-06-13,9999-01-01
218663,Mong,Raczkowsky,Staff,1991-04-20,1994-04-24
218672,Jovan,Millington,Engineer,1986-08-20,1992-08-19
218672,Jovan,Millington,Senior Engineer,1992-08-19,9999-01-01
218696,Kristen,Orlowski,Staff,1989-03-03,1995-12-28
218698,Dinah,Chaudhury,Senior Staff,1998-01-28,9999-01-01
218698,Dinah,Chaudhury,Staff,1993-01-28,1998-01-28
218721,Krisda,Olivero,Engineer,1985-12-27,1992-06-12
218761,Ebbe,Siksek,Senior Engineer,1993-08-05,9999-01-01
218778,Elvis,Toyoshima,Senior Staff,1994-04-21,1998-11-30
218793,Miyeon,Steenbeek,Senior Staff,1998-12-22,9999-01-01
218800,Kinh,Poulakidas,Senior Staff,1993-05-16,9999-01-01
218800,Kinh,Poulakidas,Staff,1985-05-16,1993-05-16
218802,Gudjon,Uludag,Senior Staff,1994-10-29,1998-11-24
218803,Lihong,Koshino,Engineer,1992-02-14,2001-02-13
218803,Lihong,Koshino,Senior Engineer,2001-02-13,9999-01-01
218827,Florina,McConalogue,Senior Staff,1993-02-15,9999-01-01
218837,Fumitaka,Plump,Senior Engineer,1990-10-07,9999-01-01
218887,Koichi,Gire,Engineer,1994-07-18,1999-07-18
218887,Koichi,Gire,Senior Engineer,1999-07-18,9999-01-01
218905,Sanjit,Rusmann,Senior Engineer,1991-01-29,1999-05-23
218908,Lobel,Perl,Engineer,1990-12-24,1997-12-24
218908,Lobel,Perl,Senior Engineer,1997-12-24,9999-01-01
218923,Sandeepan,Mandell,Assistant Engineer,1985-09-07,1994-09-07
218923,Sandeepan,Mandell,Engineer,1994-09-07,9999-01-01
218943,Maria,Fasbender,Engineer,1995-05-16,2002-05-16
218943,Maria,Fasbender,Senior Engineer,2002-05-16,9999-01-01
218966,Magy,Pargaonkar,Staff,1999-04-14,9999-01-01
218992,Zito,Pramanik,Engineer,1998-10-22,9999-01-01
218994,Terresa,Vuskovic,Engineer,1991-01-23,1994-11-24
218995,Lillian,Stassinopoulos,Senior Staff,1999-03-09,9999-01-01
218995,Lillian,Stassinopoulos,Staff,1993-03-09,1999-03-09
219049,Prodip,Rubsam,Engineer,1990-11-15,1995-11-15
219049,Prodip,Rubsam,Senior Engineer,1995-11-15,9999-01-01
219060,Inderjeet,Furedi,Engineer,1995-12-08,2000-12-07
219060,Inderjeet,Furedi,Senior Engineer,2000-12-07,9999-01-01
219070,Vojin,Fraisse,Staff,1997-10-10,9999-01-01
219094,Rajmohan,Remmele,Technique Leader,1992-01-28,9999-01-01
219104,Udi,Prampolini,Engineer,1994-06-18,9999-01-01
219110,Mohua,Guardalben,Technique Leader,1987-07-06,9999-01-01
219112,Nahum,Poehlman,Assistant Engineer,1989-04-16,1994-04-16
219112,Nahum,Poehlman,Engineer,1994-04-16,1995-12-29
219135,Arnould,Peng,Engineer,1985-12-25,1993-12-25
219135,Arnould,Peng,Senior Engineer,1993-12-25,9999-01-01
219144,Marsha,Muchinsky,Senior Engineer,1999-11-04,9999-01-01
219149,Remco,Argence,Assistant Engineer,1988-10-21,1993-10-21
219149,Remco,Argence,Engineer,1993-10-21,1998-10-21
219149,Remco,Argence,Senior Engineer,1998-10-21,9999-01-01
219174,Irena,Demir,Engineer,1995-11-27,9999-01-01
219177,Dung,Hopewell,Senior Staff,1999-03-10,9999-01-01
219177,Dung,Hopewell,Staff,1994-03-10,1999-03-10
219189,Wojceich,Harbusch,Staff,1997-12-06,9999-01-01
219207,Arvin,Demizu,Engineer,1989-10-03,1993-05-01
219215,Ronghao,Baumann,Engineer,1992-07-18,2000-07-18
219215,Ronghao,Baumann,Senior Engineer,2000-07-18,9999-01-01
219218,Margareta,Hutton,Staff,1999-03-08,9999-01-01
219225,Yannis,Valtorta,Engineer,1996-03-01,1996-08-19
219228,Ishfaq,Schwabacher,Senior Staff,1998-11-23,9999-01-01
219228,Ishfaq,Schwabacher,Staff,1991-11-23,1998-11-23
219241,Youjian,Morris,Technique Leader,1991-05-24,9999-01-01
219246,Mohua,Kornatzky,Senior Engineer,1992-12-28,9999-01-01
219253,Fumitaka,Woycyznski,Technique Leader,1994-06-25,9999-01-01
219277,Amstein,Hemaspaandra,Engineer,1989-12-31,1996-12-31
219277,Amstein,Hemaspaandra,Senior Engineer,1996-12-31,9999-01-01
219283,Kazuyasu,Birjandi,Engineer,1993-11-05,2001-11-05
219283,Kazuyasu,Birjandi,Senior Engineer,2001-11-05,9999-01-01
219289,Seongbae,Delgrande,Senior Staff,1995-09-01,9999-01-01
219289,Seongbae,Delgrande,Staff,1986-09-01,1995-09-01
219302,Behnaam,Perez,Senior Engineer,1995-07-17,9999-01-01
219311,JoAnne,Parfitt,Senior Staff,2002-02-14,9999-01-01
219311,JoAnne,Parfitt,Staff,1993-02-14,2002-02-14
219317,Yucai,Serra,Engineer,1992-04-30,1997-03-23
219327,Brigham,Liesche,Senior Staff,2002-05-04,9999-01-01
219327,Brigham,Liesche,Staff,1997-05-04,2002-05-04
219337,Sugwoo,Swick,Engineer,1988-11-12,1993-11-12
219337,Sugwoo,Swick,Senior Engineer,1993-11-12,9999-01-01
219340,Spyrose,Deyuan,Engineer,1989-03-19,1997-03-19
219340,Spyrose,Deyuan,Senior Engineer,1997-03-19,9999-01-01
219348,Yongdong,Gerlach,Engineer,1985-08-25,1991-08-25
219348,Yongdong,Gerlach,Senior Engineer,1991-08-25,9999-01-01
219374,Beshir,Clemencon,Staff,1998-10-30,9999-01-01
219376,Otmar,Ranon,Staff,1997-06-08,9999-01-01
219379,Arvind,Pappas,Senior Staff,2001-05-08,2002-05-31
219379,Arvind,Pappas,Staff,1996-05-08,2001-05-08
219404,Rosita,Peron,Senior Staff,1997-07-11,9999-01-01
219404,Rosita,Peron,Staff,1990-07-11,1997-07-11
219420,Prodip,Hutter,Senior Staff,1993-12-11,9999-01-01
219426,Ult,Czap,Staff,1999-08-02,9999-01-01
219428,Parviz,Zongker,Assistant Engineer,1989-04-07,1997-04-07
219428,Parviz,Zongker,Engineer,1997-04-07,9999-01-01
219442,Becky,Delaune,Senior Staff,2001-11-06,9999-01-01
219442,Becky,Delaune,Staff,1996-11-06,2001-11-06
219452,Ipke,Eldridge,Assistant Engineer,1986-08-08,1993-08-08
219452,Ipke,Eldridge,Engineer,1993-08-08,2000-08-08
219452,Ipke,Eldridge,Senior Engineer,2000-08-08,2001-02-17
219475,Pradeep,Alpin,Senior Staff,1996-06-10,1996-07-13
219503,Christoph,Nannarelli,Senior Staff,1997-02-14,9999-01-01
219503,Christoph,Nannarelli,Staff,1992-02-15,1997-02-14
219511,Vitali,Gornas,Engineer,1990-09-11,1998-09-11
219511,Vitali,Gornas,Senior Engineer,1998-09-11,9999-01-01
219520,Aruna,Gruenwald,Senior Staff,2002-03-08,9999-01-01
219520,Aruna,Gruenwald,Staff,1996-03-08,2002-03-08
219535,Yongdong,Ligten,Staff,1997-06-12,9999-01-01
219562,Pramod,Antonisse,Engineer,1999-01-17,9999-01-01
219598,Uriel,Sidhu,Staff,1992-11-14,1994-12-04
219625,Alois,Greibach,Staff,1994-07-31,2000-08-10
219630,Jaewoo,Vesna,Senior Staff,1999-12-04,9999-01-01
219630,Jaewoo,Vesna,Staff,1992-12-03,1999-12-04
219634,Moon,Pillow,Senior Staff,2000-03-31,9999-01-01
219634,Moon,Pillow,Staff,1993-03-31,2000-03-31
219637,Hitofumi,Gluchowski,Staff,1998-02-02,9999-01-01
219644,Cheong,Miculan,Senior Staff,1991-02-19,9999-01-01
219644,Cheong,Miculan,Staff,1985-02-19,1991-02-19
219685,Kazuhide,Stamatiou,Senior Staff,1996-03-29,9999-01-01
219685,Kazuhide,Stamatiou,Staff,1989-03-29,1996-03-29
219691,Abdelghani,Hofmeyr,Staff,1999-09-20,9999-01-01
219713,Chaosheng,Munke,Senior Staff,1999-04-29,2002-06-17
219719,Make,Thummel,Engineer,1997-05-17,1998-07-21
219737,Adil,Valette,Engineer,1991-11-13,2000-11-12
219737,Adil,Valette,Senior Engineer,2000-11-12,9999-01-01
219745,Fai,Merel,Senior Staff,1996-02-03,9999-01-01
219745,Fai,Merel,Staff,1991-02-03,1996-02-03
219771,Clyde,Tokunaga,Engineer,1988-06-30,1993-06-30
219771,Clyde,Tokunaga,Senior Engineer,1993-06-30,1994-03-28
219772,Soenke,Chorvat,Engineer,1985-08-22,1990-08-22
219772,Soenke,Chorvat,Senior Engineer,1990-08-22,9999-01-01
219786,Yuping,Decleir,Engineer,1993-12-13,9999-01-01
219787,Adam,Schapiro,Senior Engineer,1985-05-02,1996-08-15
219789,Yechezkel,Alpay,Engineer,1989-11-14,1997-11-14
219789,Yechezkel,Alpay,Senior Engineer,1997-11-14,9999-01-01
219797,Neelam,Demeyer,Senior Staff,1999-03-04,9999-01-01
219797,Neelam,Demeyer,Staff,1990-03-04,1999-03-04
219841,Takushi,Tchuente,Senior Engineer,1987-02-17,1999-08-31
219845,Nakhoon,Crouzet,Engineer,1991-04-23,1997-04-22
219845,Nakhoon,Crouzet,Senior Engineer,1997-04-22,9999-01-01
219858,Krister,Danner,Staff,1996-02-13,9999-01-01
219859,Kersti,Sidou,Engineer,1988-03-31,1994-03-31
219859,Kersti,Sidou,Senior Engineer,1994-03-31,1997-01-03
219881,Kwangyoen,Speek,Senior Staff,1997-03-13,9999-01-01
219890,Hilari,Suermann,Senior Engineer,1989-02-25,9999-01-01
219899,Gad,Schmezko,Senior Staff,1995-04-14,9999-01-01
219899,Gad,Schmezko,Staff,1990-04-14,1995-04-14
219921,Debatosh,Oehlmann,Engineer,1990-08-16,1996-08-08
219925,Lenore,Plesums,Staff,1999-10-01,9999-01-01
219926,Premsyl,Dayang,Assistant Engineer,1997-04-16,9999-01-01
219945,Nadjib,Kemmerer,Engineer,1985-02-24,1986-05-27
219958,Thanasis,Syrzycki,Staff,1998-08-27,2001-08-10
219965,Volkmar,Terkki,Engineer,1997-04-04,1997-05-30
219966,Shay,Ramsey,Senior Staff,1999-05-11,9999-01-01
219972,Akeel,Aseltine,Engineer,1997-06-17,9999-01-01
219986,Sham,Sifakis,Engineer,1997-03-14,9999-01-01
220001,Uri,Simmen,Senior Staff,1992-05-17,9999-01-01
220001,Uri,Simmen,Staff,1987-05-18,1992-05-17
220006,Uri,Hashii,Engineer,1990-02-21,1995-01-10
220008,Mohd,Potthoff,Engineer,1996-06-15,9999-01-01
220034,Tamiya,Callaway,Engineer,1986-12-05,1992-12-04
220034,Tamiya,Callaway,Senior Engineer,1992-12-04,9999-01-01
220046,Laurentiu,Koshino,Technique Leader,1991-08-01,9999-01-01
220077,Mang,Peha,Senior Engineer,1989-11-28,9999-01-01
220092,Hirochika,Nitsch,Senior Staff,1996-11-26,9999-01-01
220092,Hirochika,Nitsch,Staff,1989-11-26,1996-11-26
220102,Radoslaw,Kossowski,Engineer,1986-12-06,1993-12-18
220115,Seongbae,Kroha,Senior Engineer,1991-07-19,1993-02-14
220120,Kayoko,Lunt,Senior Staff,2001-05-29,9999-01-01
220120,Kayoko,Lunt,Staff,1994-05-29,2001-05-29
220134,Hyuckchul,Giveon,Senior Staff,1991-09-05,9999-01-01
220134,Hyuckchul,Giveon,Staff,1985-09-05,1991-09-05
220148,Vidar,Staylopatis,Senior Engineer,1996-12-17,9999-01-01
220174,Constantijn,Lamba,Senior Engineer,1987-02-13,9999-01-01
220197,Roddy,Makrucki,Senior Staff,1992-07-12,9999-01-01
220197,Roddy,Makrucki,Staff,1986-07-13,1992-07-12
220214,Gou,Marciano,Engineer,1997-09-07,9999-01-01
220221,Genta,Landherr,Senior Staff,1991-04-08,9999-01-01
220227,Hironoby,Etalle,Senior Engineer,1997-05-13,2000-06-22
220232,Khalil,Schlegelmilch,Engineer,1996-12-18,2001-12-18
220232,Khalil,Schlegelmilch,Senior Engineer,2001-12-18,9999-01-01
220283,Mang,Geffroy,Assistant Engineer,1994-11-29,2001-11-29
220283,Mang,Geffroy,Engineer,2001-11-29,9999-01-01
220285,Lidong,Vitiello,Senior Staff,1992-05-14,9999-01-01
220285,Lidong,Vitiello,Staff,1986-05-15,1992-05-14
220286,Charlene,Mellouli,Staff,1992-05-13,1994-04-20
220293,Kristinn,Arlazarov,Engineer,1994-12-22,9999-01-01
220330,Hsiangchu,Ghalwash,Engineer,1989-08-23,1998-08-23
220330,Hsiangchu,Ghalwash,Senior Engineer,1998-08-23,9999-01-01
220377,Susuma,Schreiter,Senior Engineer,1998-08-29,9999-01-01
220391,Kamran,Schlumberger,Senior Staff,1996-04-10,9999-01-01
220391,Kamran,Schlumberger,Staff,1988-04-10,1996-04-10
220396,Bowen,Danner,Senior Staff,1998-08-21,9999-01-01
220437,Lidong,Stamatiou,Engineer,1990-07-12,1995-10-02
220449,Nirmal,Kading,Senior Staff,1990-06-29,9999-01-01
220449,Nirmal,Kading,Staff,1985-06-29,1990-06-29
220460,Hyuncheol,Pell,Engineer,1993-01-02,2001-01-02
220460,Hyuncheol,Pell,Senior Engineer,2001-01-02,9999-01-01
220476,Takahito,Rosenbaum,Staff,1996-02-25,1997-01-30
220482,Leandro,Imataki,Senior Staff,1991-03-26,9999-01-01
220496,Oguz,Heering,Engineer,1997-12-29,9999-01-01
220514,Piyawadee,Haumacher,Senior Engineer,1994-05-21,1998-04-11
220515,Kellyn,Jahnichen,Technique Leader,1989-12-01,9999-01-01
220517,Xuejia,Improta,Assistant Engineer,1991-08-26,1998-08-26
220517,Xuejia,Improta,Engineer,1998-08-26,9999-01-01
220557,Huan,Erie,Engineer,1995-11-21,2000-11-20
220557,Huan,Erie,Senior Engineer,2000-11-20,9999-01-01
220577,Masaki,Falster,Engineer,1992-08-24,1993-01-27
220583,Howell,Merlo,Staff,1999-09-07,9999-01-01
220593,Kazuhisa,Lorin,Senior Staff,1985-05-31,9999-01-01
220602,Shahar,Falster,Staff,1998-10-27,9999-01-01
220614,Vasilis,Nitsche,Senior Staff,1994-07-07,9999-01-01
220628,Jaewoo,Beznosov,Senior Staff,1995-07-02,9999-01-01
220628,Jaewoo,Beznosov,Staff,1990-07-02,1995-07-02
220680,Tze,Gronowski,Senior Staff,1992-03-22,9999-01-01
220680,Tze,Gronowski,Staff,1985-03-22,1992-03-22
220695,Thodoros,Morrin,Technique Leader,1986-12-28,9999-01-01
220698,Miomir,Lienhardt,Senior Staff,1998-05-23,9999-01-01
220703,Serif,Thibadeau,Engineer,2000-01-01,9999-01-01
220708,Barun,Nivat,Technique Leader,1992-09-23,9999-01-01
220725,Kristine,Luders,Senior Staff,1998-09-27,9999-01-01
220725,Kristine,Luders,Staff,1991-09-27,1998-09-27
220771,Aamer,Engberts,Staff,1999-12-12,9999-01-01
220788,Toney,Coombs,Senior Staff,1997-11-11,9999-01-01
220788,Toney,Coombs,Staff,1992-11-11,1997-11-11
220789,Susumu,Willoner,Engineer,1991-08-03,1997-08-02
220789,Susumu,Willoner,Senior Engineer,1997-08-02,9999-01-01
220802,Sakthirel,Collavizza,Engineer,1994-07-19,2000-07-18
220802,Sakthirel,Collavizza,Senior Engineer,2000-07-18,9999-01-01
220837,Sedat,Bierman,Senior Staff,1988-07-24,1988-11-15
220858,Arve,Garigliano,Engineer,1988-12-05,1997-12-05
220858,Arve,Garigliano,Senior Engineer,1997-12-05,1999-02-22
220874,Monique,Fraisse,Assistant Engineer,1990-08-19,1995-08-19
220874,Monique,Fraisse,Engineer,1995-08-19,2000-08-18
220874,Monique,Fraisse,Senior Engineer,2000-08-18,9999-01-01
220914,Nitsan,Bressoud,Staff,1995-01-18,2001-08-17
220916,Wayne,Ramaiah,Senior Engineer,1998-05-03,9999-01-01
220922,Pranjal,Lanteri,Senior Staff,1998-10-23,9999-01-01
220922,Pranjal,Lanteri,Staff,1991-10-23,1998-10-23
220941,Jenwei,Hanratty,Senior Staff,1999-12-25,9999-01-01
220941,Jenwei,Hanratty,Staff,1990-12-25,1999-12-25
220961,Arnd,Munawer,Staff,1995-04-18,1996-07-03
220962,Yonghoan,Swiss,Senior Engineer,1996-01-02,9999-01-01
220963,Adil,Bael,Senior Staff,1997-11-30,9999-01-01
220968,Xiaocheng,Portugali,Engineer,1985-08-17,1991-06-14
220969,Bodo,Businaro,Senior Engineer,1989-11-26,9999-01-01
220975,Jacopo,Laventhal,Senior Staff,1992-04-08,9999-01-01
220975,Jacopo,Laventhal,Staff,1985-04-08,1992-04-08
220976,Sukumar,Pezzoli,Engineer,1993-10-09,1999-10-09
220976,Sukumar,Pezzoli,Senior Engineer,1999-10-09,9999-01-01
220988,JoAnne,Kading,Engineer,1993-08-15,2000-08-15
220988,JoAnne,Kading,Senior Engineer,2000-08-15,9999-01-01
221053,Keiichiro,Parveen,Senior Engineer,1994-07-30,9999-01-01
221068,Cheong,Anger,Senior Staff,1994-07-02,9999-01-01
221068,Cheong,Anger,Staff,1985-07-02,1994-07-02
221069,Fen,Jarecki,Staff,1999-02-28,9999-01-01
221070,Ung,Pramanik,Engineer,1996-02-17,2002-02-16
221070,Ung,Pramanik,Senior Engineer,2002-02-16,9999-01-01
221087,Tsz,Suppi,Senior Staff,1995-03-08,9999-01-01
221087,Tsz,Suppi,Staff,1986-03-08,1995-03-08
221089,Mohammad,Ohori,Senior Staff,1998-10-06,1999-09-02
221089,Mohammad,Ohori,Staff,1989-10-06,1998-10-06
221102,Vidar,Pews,Engineer,1991-09-14,1998-09-14
221102,Vidar,Pews,Senior Engineer,1998-09-14,9999-01-01
221112,Xumin,Highland,Engineer,1999-04-09,9999-01-01
221121,Sanjit,Shihab,Technique Leader,1987-05-30,1995-01-19
221162,Tse,Bakhtari,Staff,1996-02-24,2000-02-25
221173,Garnik,Jonsson,Senior Staff,2002-01-31,9999-01-01
221173,Garnik,Jonsson,Staff,1995-01-31,2002-01-31
221178,Goncalo,Bednarek,Engineer,1999-02-02,9999-01-01
221179,Munir,Lakshmanan,Senior Staff,1989-08-07,9999-01-01
221183,Shirish,Khalil,Engineer,1993-03-05,2002-03-05
221183,Shirish,Khalil,Senior Engineer,2002-03-05,9999-01-01
221215,Heng,Tramer,Engineer,1991-08-18,1996-08-17
221215,Heng,Tramer,Senior Engineer,1996-08-17,9999-01-01
221239,Tetsurou,Bernick,Senior Engineer,1989-03-03,9999-01-01
221243,Mamdouh,Polupanov,Senior Staff,1986-04-28,9999-01-01
221250,Prodip,Worfolk,Staff,1998-03-03,9999-01-01
221268,Yahiko,Flexer,Engineer,1994-03-08,2001-12-01
221289,Martijn,Giveon,Senior Staff,1999-05-07,9999-01-01
221289,Martijn,Giveon,Staff,1991-05-07,1999-05-07
221300,Jayson,Garnier,Engineer,1994-03-13,1994-07-14
221310,Xiaopeng,Bahr,Senior Staff,1999-03-11,9999-01-01
221310,Xiaopeng,Bahr,Staff,1993-03-11,1999-03-11
221347,Mihalis,Serot,Senior Staff,1995-12-31,2000-10-11
221349,Nobuyoshi,Rando,Engineer,1987-08-18,1992-08-17
221349,Nobuyoshi,Rando,Senior Engineer,1992-08-17,9999-01-01
221378,Atreye,Thiria,Engineer,1995-09-25,2000-09-24
221378,Atreye,Thiria,Senior Engineer,2000-09-24,9999-01-01
221397,Tremaine,Acton,Senior Staff,1991-06-06,1993-01-03
221397,Tremaine,Acton,Staff,1986-06-06,1991-06-06
221401,Fayez,Ratnakar,Senior Staff,1995-08-24,9999-01-01
221401,Fayez,Ratnakar,Staff,1987-08-24,1995-08-24
221406,True,Farris,Engineer,1995-06-12,9999-01-01
221446,Yakichi,Cyre,Engineer,1998-10-06,2002-04-26
221449,Miyeon,Rettelbach,Staff,1994-08-26,9999-01-01
221454,Christophe,Baaz,Senior Engineer,1991-06-21,9999-01-01
221468,Younwoo,Mattern,Senior Staff,1990-05-16,9999-01-01
221471,Khue,Kilgour,Staff,1996-03-06,9999-01-01
221477,Takahito,Shrader,Engineer,1987-01-14,1993-01-13
221477,Takahito,Shrader,Senior Engineer,1993-01-13,9999-01-01
221478,Kazuhiro,Radivojevic,Senior Staff,1997-10-13,9999-01-01
221483,Shuky,Hofman,Senior Staff,1996-12-17,9999-01-01
221483,Shuky,Hofman,Staff,1988-12-17,1996-12-17
221486,Ortrud,Maraist,Senior Staff,1999-10-22,9999-01-01
221486,Ortrud,Maraist,Staff,1993-10-22,1999-10-22
221489,Lenore,Crooks,Staff,1996-02-10,9999-01-01
221493,Rosita,Schaap,Engineer,1988-06-24,1994-06-24
221493,Rosita,Schaap,Senior Engineer,1994-06-24,9999-01-01
221498,Ortrud,Kemmerer,Senior Staff,1999-03-10,9999-01-01
221498,Ortrud,Kemmerer,Staff,1993-03-10,1999-03-10
221502,Geoffrey,Junet,Technique Leader,1991-08-19,9999-01-01
221516,Boriana,Fujisaki,Senior Staff,1990-10-22,9999-01-01
221549,Sumant,Castellani,Senior Engineer,1998-12-15,9999-01-01
221551,Leszek,Grabner,Senior Staff,1996-02-23,9999-01-01
221551,Leszek,Grabner,Staff,1988-02-23,1996-02-23
221558,Nirmal,Speel,Engineer,1987-04-08,1996-04-06
221558,Nirmal,Speel,Senior Engineer,1996-04-06,9999-01-01
221564,Marc,Deyuan,Engineer,1997-04-18,9999-01-01
221565,Barun,McClurg,Technique Leader,1999-03-10,9999-01-01
221573,Mansur,Murthy,Staff,1996-01-14,9999-01-01
221574,Shigeichiro,Olivero,Engineer,1990-01-12,1996-01-12
221574,Shigeichiro,Olivero,Senior Engineer,1996-01-12,9999-01-01
221576,Toshiko,Pagter,Senior Engineer,1998-12-15,9999-01-01
221579,Luigi,Shanbhogue,Staff,1998-12-21,9999-01-01
221597,Goh,Deverell,Staff,1998-12-17,2001-10-15
221606,Udi,Farris,Engineer,1993-11-05,1999-11-05
221606,Udi,Farris,Senior Engineer,1999-11-05,2002-03-28
221610,Pasqua,Hutter,Staff,1995-05-24,9999-01-01
221616,Tayeb,Negoita,Engineer,1995-04-18,2002-04-18
221616,Tayeb,Negoita,Senior Engineer,2002-04-18,9999-01-01
221628,Fen,Denna,Senior Staff,1990-11-20,9999-01-01
221639,Krister,Cappello,Engineer,1998-01-10,9999-01-01
221654,Vidar,Antonisse,Senior Engineer,1995-04-13,9999-01-01
221667,Pramod,Takkinen,Technique Leader,1995-11-26,9999-01-01
221686,Shunichi,Feldhoffer,Engineer,1989-01-19,1997-01-19
221686,Shunichi,Feldhoffer,Senior Engineer,1997-01-19,9999-01-01
221700,Jessie,Lanzelotte,Senior Engineer,1997-07-03,9999-01-01
221723,Chenxi,Nergos,Engineer,1993-01-07,1997-06-16
221732,Mario,Kaminger,Senior Engineer,1993-10-03,9999-01-01
221734,Vishwani,Cappelli,Senior Engineer,1990-11-22,9999-01-01
221737,Akeno,Gils,Engineer,1999-06-09,2001-10-04
221743,Niclas,Dolinsky,Staff,1999-11-11,9999-01-01
221746,Sukumar,Usdin,Staff,1999-03-05,9999-01-01
221747,Akhilish,Menhoudj,Engineer,1993-02-21,1998-01-25
221749,Sudharsan,Ranta,Senior Staff,1995-01-12,9999-01-01
221749,Sudharsan,Ranta,Staff,1989-01-12,1995-01-12
221798,Florina,Bergere,Senior Staff,1997-12-16,9999-01-01
221798,Florina,Bergere,Staff,1989-12-16,1997-12-16
221802,Randi,Zhang,Staff,1995-08-27,9999-01-01
221843,Jaideep,Schiper,Engineer,1991-08-01,1999-08-01
221843,Jaideep,Schiper,Senior Engineer,1999-08-01,9999-01-01
221851,Pramod,Bierman,Assistant Engineer,1987-11-26,1992-11-25
221851,Pramod,Bierman,Engineer,1992-11-25,1997-11-25
221851,Pramod,Bierman,Senior Engineer,1997-11-25,9999-01-01
221855,Phuoc,Garnick,Engineer,1988-11-18,1996-11-18
221855,Phuoc,Garnick,Senior Engineer,1996-11-18,9999-01-01
221857,Douadi,Heuter,Staff,1997-01-21,9999-01-01
221864,Hironobu,Pramanik,Senior Engineer,1992-01-15,9999-01-01
221883,Sahrah,Pargas,Engineer,1999-08-16,2001-02-26
221889,Sadun,Karnin,Engineer,1991-09-01,1998-09-01
221889,Sadun,Karnin,Senior Engineer,1998-09-01,9999-01-01
221919,Bikash,Tempesti,Senior Staff,2002-04-17,9999-01-01
221919,Bikash,Tempesti,Staff,1994-04-17,2002-04-17
221941,Shin,Reinhard,Senior Staff,1994-07-27,9999-01-01
221941,Shin,Reinhard,Staff,1988-07-27,1994-07-27
221948,Radhika,Karunanithi,Senior Engineer,1994-07-05,1998-08-02
221969,Nectarios,Schoegge,Technique Leader,1993-02-09,9999-01-01
222010,Xumin,Thimonier,Staff,1995-09-08,9999-01-01
222030,Gaurav,Stentiford,Staff,1998-04-08,9999-01-01
222066,Hitomi,Billawala,Assistant Engineer,1998-11-24,9999-01-01
222068,Tru,Zobel,Senior Engineer,1989-06-28,9999-01-01
222073,Dhritiman,Sundgren,Senior Engineer,1988-05-14,9999-01-01
222074,Wayne,Prampolini,Technique Leader,1986-01-31,9999-01-01
222119,Subir,Pocchiola,Senior Staff,1986-11-19,9999-01-01
222161,Manton,Conta,Senior Staff,1989-07-12,9999-01-01
222164,Christoper,Farrel,Engineer,1998-07-24,9999-01-01
222198,Torsten,Erdmenger,Staff,1994-10-21,1999-03-08
222202,Richara,Rosin,Senior Staff,2001-08-22,9999-01-01
222202,Richara,Rosin,Staff,1993-08-22,2001-08-22
222208,Hongzhu,Koblitz,Staff,1997-08-29,1998-09-28
222233,Tianruo,Tanemo,Senior Staff,2001-08-11,9999-01-01
222233,Tianruo,Tanemo,Staff,1993-08-11,2001-08-11
222258,Shounak,Llado,Engineer,1999-05-27,9999-01-01
222265,Francesca,Plessier,Engineer,1990-08-09,1995-08-09
222265,Francesca,Plessier,Senior Engineer,1995-08-09,9999-01-01
222278,Ronghao,Takanami,Engineer,1989-04-11,1991-04-03
222294,Denis,Noriega,Senior Staff,1999-12-03,9999-01-01
222294,Denis,Noriega,Staff,1994-12-03,1999-12-03
222307,Shushma,Thorelli,Technique Leader,1997-12-07,9999-01-01
222308,Arup,Porenta,Senior Staff,1997-07-25,1999-11-10
222308,Arup,Porenta,Staff,1989-07-25,1997-07-25
222329,Ramalingam,Bharadwaj,Senior Staff,1993-01-19,9999-01-01
222329,Ramalingam,Bharadwaj,Staff,1986-01-19,1993-01-19
222331,Mingzeng,Cyne,Senior Staff,1998-07-01,9999-01-01
222331,Mingzeng,Cyne,Staff,1992-07-01,1998-07-01
222356,Ebru,Birsak,Staff,1995-05-29,9999-01-01
222380,Neelam,Schusler,Assistant Engineer,1999-01-22,2001-04-14
222381,Chirstian,Huxford,Staff,1993-12-05,9999-01-01
222385,Mohit,Theuretzbacher,Senior Staff,1996-07-04,9999-01-01
222385,Mohit,Theuretzbacher,Staff,1987-07-05,1996-07-04
222405,Tremaine,Heuser,Staff,1996-09-05,9999-01-01
222426,Morris,Griswold,Engineer,1999-06-17,9999-01-01
222447,Garnet,Rosay,Engineer,1985-02-26,1993-02-26
222447,Garnet,Rosay,Senior Engineer,1993-02-26,9999-01-01
222462,Mototsugu,Schwartzburd,Engineer,1987-12-14,1993-12-13
222462,Mototsugu,Schwartzburd,Senior Engineer,1993-12-13,9999-01-01
222468,Masanao,Rosin,Senior Engineer,1999-09-10,2001-02-13
222486,Kerryn,DeMori,Senior Staff,1999-11-17,9999-01-01
222486,Kerryn,DeMori,Staff,1991-11-17,1999-11-17
222499,Yurij,Gunderson,Senior Staff,1999-01-04,9999-01-01
222499,Yurij,Gunderson,Staff,1990-01-04,1999-01-04
222502,Vatsa,Qiwen,Senior Engineer,1996-04-21,1999-01-13
222513,Kristinn,Douceur,Senior Engineer,1985-11-22,9999-01-01
222547,Tremaine,Jahnichen,Senior Staff,1992-02-02,9999-01-01
222590,Niranjan,Einsfeld,Technique Leader,2000-01-12,9999-01-01
222593,Toshiko,Ramalingam,Staff,1999-04-03,9999-01-01
222613,Rosella,Decleir,Senior Engineer,1988-09-27,9999-01-01
222620,Woody,Sidhu,Engineer,1992-04-20,1996-11-21
222623,Shawna,Ermel,Engineer,1985-12-21,1992-12-21
222623,Shawna,Ermel,Senior Engineer,1992-12-21,9999-01-01
222661,Vivian,Skogmar,Engineer,1991-04-08,1998-04-08
222661,Vivian,Skogmar,Senior Engineer,1998-04-08,9999-01-01
222671,Djelloul,Schaar,Engineer,1989-04-22,1998-04-22
222671,Djelloul,Schaar,Senior Engineer,1998-04-22,9999-01-01
222710,Mechthild,Bernardeschi,Senior Staff,1996-04-14,9999-01-01
222710,Mechthild,Bernardeschi,Staff,1987-04-15,1996-04-14
222715,Gennadi,Perna,Engineer,1987-10-02,1994-10-02
222715,Gennadi,Perna,Senior Engineer,1994-10-02,9999-01-01
222729,Fei,Kragelund,Engineer,1992-07-20,1999-07-21
222729,Fei,Kragelund,Senior Engineer,1999-07-21,9999-01-01
222731,Nevin,Ishibashi,Senior Staff,1993-09-30,9999-01-01
222731,Nevin,Ishibashi,Staff,1987-10-01,1993-09-30
222751,Hideyuki,Bridgland,Staff,1990-02-24,1996-08-13
222761,Fai,Munos,Senior Staff,1987-05-17,9999-01-01
222769,Premsyl,Matzov,Senior Staff,1998-10-13,2001-02-05
222775,Bernd,Jayawardene,Senior Staff,1995-04-29,9999-01-01
222775,Bernd,Jayawardene,Staff,1988-04-28,1995-04-29
222791,Ohad,Eastman,Senior Staff,2000-01-10,9999-01-01
222791,Ohad,Eastman,Staff,1995-01-10,2000-01-10
222820,Yannik,Collette,Assistant Engineer,1991-08-04,1996-08-03
222820,Yannik,Collette,Engineer,1996-08-03,2001-08-03
222820,Yannik,Collette,Senior Engineer,2001-08-03,9999-01-01
222831,Uno,Lally,Engineer,1992-12-13,1998-12-13
222831,Uno,Lally,Senior Engineer,1998-12-13,2001-07-10
222851,Gadiel,Rosen,Senior Engineer,1992-05-27,9999-01-01
222853,Hilari,Barbanera,Engineer,1998-07-28,9999-01-01
222866,Chenye,Luft,Engineer,1988-11-27,1997-11-27
222866,Chenye,Luft,Senior Engineer,1997-11-27,9999-01-01
222873,Uinam,Falby,Senior Staff,2001-03-29,9999-01-01
222873,Uinam,Falby,Staff,1995-03-30,2001-03-29
222874,Suebskul,Poehlman,Engineer,1998-01-30,9999-01-01
222880,Gay,Syang,Engineer,1988-09-04,1997-09-04
222880,Gay,Syang,Senior Engineer,1997-09-04,9999-01-01
222895,Yinlin,Hemaspaandra,Senior Staff,2001-02-18,9999-01-01
222895,Yinlin,Hemaspaandra,Staff,1996-02-19,2001-02-18
222909,Adel,Wixon,Engineer,1985-10-20,1993-10-20
222909,Adel,Wixon,Senior Engineer,1993-10-20,9999-01-01
222927,Kristinn,Deyuan,Engineer,1989-12-01,1994-12-01
222927,Kristinn,Deyuan,Senior Engineer,1994-12-01,9999-01-01
222928,Chirstian,Knightly,Engineer,1998-09-16,2002-05-20
222932,Jaana,Karunanithi,Engineer,1999-05-02,9999-01-01
222934,Kazuhide,Maliniak,Senior Staff,1993-08-24,9999-01-01
222934,Kazuhide,Maliniak,Staff,1987-08-25,1993-08-24
222939,Brewster,Pardalos,Senior Staff,2000-12-05,9999-01-01
222939,Brewster,Pardalos,Staff,1993-12-05,2000-12-05
222950,Krassimir,Ozeri,Engineer,1992-02-09,1999-02-09
222950,Krassimir,Ozeri,Senior Engineer,1999-02-09,9999-01-01
222956,Cordelia,Furudate,Assistant Engineer,1989-11-15,1996-11-15
222956,Cordelia,Furudate,Engineer,1996-11-15,9999-01-01
222973,Dmitry,Montresor,Senior Staff,1999-10-20,9999-01-01
222973,Dmitry,Montresor,Staff,1990-10-20,1999-10-20
222988,Jungsoon,Jiafu,Senior Staff,1999-07-18,9999-01-01
222988,Jungsoon,Jiafu,Staff,1992-07-17,1999-07-18
222992,Hilari,Matzov,Senior Staff,1993-12-27,9999-01-01
222992,Hilari,Matzov,Staff,1986-12-27,1993-12-27
222995,Parto,McClurg,Senior Staff,2001-04-12,2001-09-21
222995,Parto,McClurg,Staff,1993-04-12,2001-04-12
222996,Caolyn,Reutenauer,Staff,1996-08-30,9999-01-01
223018,Babette,Gajiwala,Engineer,1985-10-05,1993-10-05
223018,Babette,Gajiwala,Senior Engineer,1993-10-05,9999-01-01
223019,Giordano,Zuberek,Senior Staff,1994-06-17,9999-01-01
223019,Giordano,Zuberek,Staff,1986-06-17,1994-06-17
223023,Shem,Hasenauer,Engineer,1991-05-02,1998-05-02
223023,Shem,Hasenauer,Senior Engineer,1998-05-02,9999-01-01
223026,Clyde,Yetto,Engineer,1999-08-12,9999-01-01
223040,Adel,Griswold,Senior Engineer,1985-04-27,9999-01-01
223042,Keiichiro,Barreiro,Engineer,1985-08-13,1992-08-13
223042,Keiichiro,Barreiro,Senior Engineer,1992-08-13,9999-01-01
223050,Herbert,Takanami,Engineer,1989-12-19,1995-12-19
223050,Herbert,Takanami,Senior Engineer,1995-12-19,9999-01-01
223055,Bedir,Ghandeharizadeh,Senior Staff,2002-07-31,9999-01-01
223055,Bedir,Ghandeharizadeh,Staff,1996-07-31,2002-07-31
223059,Oldrich,Speer,Senior Staff,1987-08-27,9999-01-01
223067,Kristof,Yoshimura,Senior Staff,1994-01-18,9999-01-01
223067,Kristof,Yoshimura,Staff,1986-01-18,1994-01-18
223077,Itzchak,Birrer,Senior Staff,1995-01-19,9999-01-01
223077,Itzchak,Birrer,Staff,1986-01-19,1995-01-19
223122,Nadjib,Pauthner,Engineer,1986-06-14,1992-06-13
223122,Nadjib,Pauthner,Senior Engineer,1992-06-13,9999-01-01
223127,Denny,Vesel,Senior Engineer,1989-07-30,9999-01-01
223128,Narain,Byoun,Senior Staff,1996-09-18,9999-01-01
223128,Narain,Byoun,Staff,1989-09-18,1996-09-18
223129,Ulf,Cusworth,Senior Staff,1996-12-20,9999-01-01
223142,Takushi,Casley,Staff,1999-01-14,9999-01-01
223148,Baziley,Talmon,Engineer,1991-09-16,1997-09-15
223148,Baziley,Talmon,Senior Engineer,1997-09-15,9999-01-01
223174,Halsur,Baca,Engineer,2000-01-26,9999-01-01
223191,Zijian,Ramamoorthy,Senior Staff,1997-11-18,9999-01-01
223194,Giordano,Luca,Senior Staff,2002-01-26,9999-01-01
223194,Giordano,Luca,Staff,1994-01-26,2002-01-26
223219,Garnet,Kieras,Engineer,1992-04-09,2000-04-09
223219,Garnet,Kieras,Senior Engineer,2000-04-09,9999-01-01
223225,Arun,Gischer,Technique Leader,1986-10-31,1988-01-22
223258,Muneo,Kamber,Senior Staff,1996-06-13,9999-01-01
223261,Yuriy,Berendt,Engineer,1985-11-23,1993-11-23
223261,Yuriy,Berendt,Senior Engineer,1993-11-23,9999-01-01
223263,Pohua,Lambe,Staff,1998-07-08,9999-01-01
223268,Stein,Uchoa,Senior Engineer,1992-06-16,9999-01-01
223269,Arno,Michaels,Senior Staff,1988-09-19,1995-01-18
223282,Rasiah,Taubenfeld,Engineer,2000-01-21,9999-01-01
223283,Tetsushi,Heering,Staff,1986-09-10,1991-10-15
223303,Mayumi,Liedekerke,Senior Engineer,1994-09-18,9999-01-01
223343,Joydip,Felcyn,Engineer,1986-04-29,1993-04-29
223343,Joydip,Felcyn,Senior Engineer,1993-04-29,9999-01-01
223357,Zhongwei,Sridhar,Engineer,1992-12-01,1997-12-01
223357,Zhongwei,Sridhar,Senior Engineer,1997-12-01,9999-01-01
223361,Seongbin,Krogh,Engineer,1994-02-10,2002-02-10
223361,Seongbin,Krogh,Senior Engineer,2002-02-10,9999-01-01
223363,Hisao,Kroha,Senior Staff,2002-06-05,9999-01-01
223363,Hisao,Kroha,Staff,1995-06-05,2002-06-05
223396,Wuxu,Burnard,Senior Staff,1999-12-02,9999-01-01
223396,Wuxu,Burnard,Staff,1991-12-02,1999-12-02
223415,Masamitsu,Ladret,Engineer,1992-10-01,1999-10-02
223415,Masamitsu,Ladret,Senior Engineer,1999-10-02,9999-01-01
223424,Kenton,Oberman,Staff,1998-10-18,2002-07-10
223430,Indrajit,Murillo,Engineer,1999-09-18,9999-01-01
223438,Toshimitsu,Yurov,Senior Engineer,1987-01-31,9999-01-01
223446,Teunis,Lorie,Senior Engineer,1985-08-03,2000-01-03
223459,Reuven,Denna,Senior Staff,1993-09-24,9999-01-01
223459,Reuven,Denna,Staff,1986-09-24,1993-09-24
223462,Fusako,Talmor,Senior Staff,2000-11-30,9999-01-01
223462,Fusako,Talmor,Staff,1991-12-01,2000-11-30
223466,Arlette,Smailagic,Engineer,1998-11-14,9999-01-01
223467,Palash,Matzov,Engineer,1991-09-18,1999-09-18
223467,Palash,Matzov,Senior Engineer,1999-09-18,9999-01-01
223471,Dhritiman,Socorro,Senior Staff,1995-10-14,9999-01-01
223471,Dhritiman,Socorro,Staff,1986-10-14,1995-10-14
223473,Becky,Mayerwieser,Senior Staff,1998-01-19,9999-01-01
223473,Becky,Mayerwieser,Staff,1989-01-19,1998-01-19
223475,Nahid,Basawa,Senior Staff,1996-12-23,9999-01-01
223479,Kenton,Skafidas,Senior Engineer,1996-08-29,9999-01-01
223480,Rosella,Vieri,Senior Staff,1990-04-19,9999-01-01
223480,Rosella,Vieri,Staff,1985-04-19,1990-04-19
223490,Tadahiko,Nastansky,Engineer,1995-06-13,9999-01-01
223497,Shan,Kuszyk,Engineer,1990-08-25,1996-08-24
223497,Shan,Kuszyk,Senior Engineer,1996-08-24,9999-01-01
223515,Teruyuki,Baer,Senior Staff,2000-07-31,9999-01-01
223515,Teruyuki,Baer,Staff,1992-07-31,2000-07-31
223524,Hitofumi,Ermel,Staff,1991-05-27,1996-11-26
223556,Peternela,Miara,Technique Leader,1986-07-05,9999-01-01
223566,Keiichiro,Ciolek,Engineer,1998-04-16,9999-01-01
223577,Sanjay,Wilfing,Technique Leader,1997-07-07,9999-01-01
223628,Naftali,Peternell,Engineer,1994-07-15,1996-10-13
223638,Charlene,Siprelle,Engineer,1993-12-14,2001-12-14
223638,Charlene,Siprelle,Senior Engineer,2001-12-14,9999-01-01
223644,Claude,Bach,Senior Staff,1999-06-10,2001-10-16
223648,Marsja,Thiria,Senior Staff,1996-05-04,9999-01-01
223648,Marsja,Thiria,Staff,1988-05-04,1996-05-04
223661,Geraldo,Iwayama,Engineer,1991-04-22,1999-04-22
223661,Geraldo,Iwayama,Senior Engineer,1999-04-22,9999-01-01
223663,Paloma,Peek,Staff,1996-11-17,9999-01-01
223665,Tomofumi,Swen,Senior Staff,1991-12-11,9999-01-01
223665,Tomofumi,Swen,Staff,1985-12-11,1991-12-11
223681,Nirmal,Wrigley,Staff,1997-10-04,9999-01-01
223693,Weidon,Neimat,Engineer,1988-01-24,1997-01-23
223693,Weidon,Neimat,Senior Engineer,1997-01-23,1999-11-08
223715,Lakshmi,Sooriamurthi,Engineer,1997-05-14,9999-01-01
223723,Rimli,Portugali,Senior Staff,1998-06-10,9999-01-01
223735,Godehard,Sadowski,Senior Staff,1998-09-25,9999-01-01
223735,Godehard,Sadowski,Staff,1993-09-25,1998-09-25
223740,Mani,Vigier,Senior Engineer,1998-07-16,9999-01-01
223741,Kersti,Gaughan,Senior Staff,1993-08-20,9999-01-01
223741,Kersti,Gaughan,Staff,1986-08-20,1993-08-20
223747,Owen,Dehkordi,Senior Staff,1994-12-21,9999-01-01
223747,Owen,Dehkordi,Staff,1986-12-21,1994-12-21
223757,Sungwon,Horswill,Senior Staff,1992-03-20,9999-01-01
223757,Sungwon,Horswill,Staff,1986-03-21,1992-03-20
223763,Geoffry,Callaway,Engineer,1985-04-16,1993-04-16
223763,Geoffry,Callaway,Senior Engineer,1993-04-16,9999-01-01
223767,Make,Velasco,Engineer,1989-07-02,1997-07-02
223767,Make,Velasco,Senior Engineer,1997-07-02,9999-01-01
223781,Valery,Deyuan,Senior Engineer,1986-09-04,9999-01-01
223791,Mori,Krzyzanowski,Engineer,1999-09-12,9999-01-01
223797,Kersti,Oaver,Engineer,1997-10-03,1998-10-20
223802,Yongdong,Zeleznik,Senior Engineer,1985-09-22,9999-01-01
223804,Jeong,Limongiello,Engineer,1996-07-20,2002-07-20
223804,Jeong,Limongiello,Senior Engineer,2002-07-20,9999-01-01
223810,Surveyors,Czaja,Senior Engineer,1991-10-20,9999-01-01
223811,Bernice,Munos,Engineer,1991-04-25,1999-04-25
223811,Bernice,Munos,Senior Engineer,1999-04-25,9999-01-01
223816,Kazuhira,Kilgore,Engineer,1987-10-07,1996-10-06
223816,Kazuhira,Kilgore,Senior Engineer,1996-10-06,9999-01-01
223824,Jeanna,Asser,Engineer,1994-02-14,2002-02-14
223824,Jeanna,Asser,Senior Engineer,2002-02-14,9999-01-01
223825,Kauko,Piazza,Senior Staff,2000-12-19,9999-01-01
223825,Kauko,Piazza,Staff,1993-12-19,2000-12-19
223836,Badri,Sewelson,Engineer,1992-07-25,1997-07-25
223836,Badri,Sewelson,Senior Engineer,1997-07-25,2001-04-17
223839,Vishwani,Perko,Senior Staff,1987-04-25,9999-01-01
223840,Kankanahalli,Schoegge,Staff,1999-08-03,2000-06-05
223847,Marc,Gubsky,Engineer,1988-12-16,1995-12-17
223847,Marc,Gubsky,Senior Engineer,1995-12-17,9999-01-01
223863,Baruch,Rosca,Technique Leader,1990-02-02,1996-01-07
223879,Niranjan,Swan,Senior Staff,2002-05-29,9999-01-01
223879,Niranjan,Swan,Staff,1995-05-29,2002-05-29
223890,Qunsheng,Grandbois,Senior Staff,1994-02-22,9999-01-01
223890,Qunsheng,Grandbois,Staff,1988-02-23,1994-02-22
223902,Leen,Yavatkar,Senior Staff,1998-01-05,9999-01-01
223902,Leen,Yavatkar,Staff,1991-01-05,1998-01-05
223932,Candida,Erev,Engineer,1985-03-25,1994-03-25
223932,Candida,Erev,Senior Engineer,1994-03-25,9999-01-01
223943,Masoud,Deverell,Senior Engineer,1996-07-09,1998-05-16
223947,Xinyu,Rabehasaina,Senior Staff,1992-07-04,9999-01-01
223947,Xinyu,Rabehasaina,Staff,1987-07-05,1992-07-04
223948,Heekeun,Stanfel,Senior Staff,1997-11-20,9999-01-01
223948,Heekeun,Stanfel,Staff,1992-11-20,1997-11-20
223953,Limsoon,Claffy,Technique Leader,1992-12-30,9999-01-01
223961,Anoosh,Plotkin,Senior Staff,1990-09-16,9999-01-01
224020,Zhonghua,Knightly,Senior Staff,1988-04-21,9999-01-01
224028,Shigeichiro,Shinomoto,Senior Staff,1999-03-16,9999-01-01
224028,Shigeichiro,Shinomoto,Staff,1992-03-15,1999-03-16
224039,Khun,Bain,Senior Engineer,1992-03-26,9999-01-01
224050,Rosalyn,Moffat,Senior Staff,1995-04-22,9999-01-01
224050,Rosalyn,Moffat,Staff,1987-04-22,1995-04-22
224056,Marjo,Talmon,Engineer,1987-09-18,1995-09-18
224056,Marjo,Talmon,Senior Engineer,1995-09-18,9999-01-01
224078,Shugo,Lanzelotte,Senior Engineer,1999-12-18,2001-02-19
224088,Leaf,Pettis,Senior Staff,1998-06-07,9999-01-01
224088,Leaf,Pettis,Staff,1992-06-07,1998-06-07
224091,Barun,Rabehasaina,Technique Leader,1989-11-18,9999-01-01
224094,Akeel,Msuda,Engineer,1994-06-08,2000-06-07
224094,Akeel,Msuda,Senior Engineer,2000-06-07,9999-01-01
224104,Remzi,Yemenis,Staff,1993-12-07,9999-01-01
224106,Ranga,Koprowski,Engineer,1990-12-31,1992-01-11
224109,Zsolt,Herbst,Engineer,1991-12-01,1998-12-01
224109,Zsolt,Herbst,Senior Engineer,1998-12-01,9999-01-01
224128,Elliott,Erva,Staff,1998-09-25,9999-01-01
224131,Divier,Kobuchi,Engineer,1995-10-26,9999-01-01
224144,Tzvetan,Pfau,Engineer,1997-06-04,9999-01-01
224177,Fatemeh,Shrader,Engineer,1997-07-12,9999-01-01
224178,Jiafu,Setlzner,Senior Staff,1996-06-08,9999-01-01
224178,Jiafu,Setlzner,Staff,1987-06-09,1996-06-08
224191,Jaewon,Lowrie,Engineer,1987-03-23,1994-03-23
224191,Jaewon,Lowrie,Senior Engineer,1994-03-23,9999-01-01
224209,Bartek,Milicia,Engineer,1996-04-29,1996-05-06
224218,Sailaja,Gaughan,Engineer,1994-02-23,1999-02-23
224218,Sailaja,Gaughan,Senior Engineer,1999-02-23,9999-01-01
224221,Arie,Alvarado,Technique Leader,1997-03-06,9999-01-01
224227,Shushma,Baranowski,Assistant Engineer,1996-02-02,2002-02-01
224227,Shushma,Baranowski,Engineer,2002-02-01,9999-01-01
224230,Mahendra,Auyong,Engineer,1997-03-31,9999-01-01
224238,Wojceich,Wursthorn,Senior Staff,2001-04-10,9999-01-01
224238,Wojceich,Wursthorn,Staff,1995-04-11,2001-04-10
224261,Nechama,Shanbhogue,Engineer,1998-08-12,9999-01-01
224263,Munenori,Morrin,Senior Staff,1997-12-19,9999-01-01
224263,Munenori,Morrin,Staff,1989-12-19,1997-12-19
224297,Aemilian,Kabayashi,Senior Staff,1993-04-24,9999-01-01
224297,Aemilian,Kabayashi,Staff,1985-04-24,1993-04-24
224299,Florian,Oppitz,Senior Staff,1994-08-27,9999-01-01
224299,Florian,Oppitz,Staff,1985-08-27,1994-08-27
224334,Freyja,Perko,Senior Staff,1996-05-31,9999-01-01
224334,Freyja,Perko,Staff,1990-06-01,1996-05-31
224339,Jordanka,Kamble,Senior Engineer,1999-03-05,9999-01-01
224406,Yoshimitsu,Luck,Senior Staff,1995-06-09,9999-01-01
224406,Yoshimitsu,Luck,Staff,1987-06-09,1995-06-09
224443,Tadahiko,Desikan,Senior Staff,1993-12-22,9999-01-01
224490,Yonghoan,Hennebert,Engineer,1995-09-25,9999-01-01
224492,Nalini,Levergood,Senior Engineer,1989-01-26,1990-07-07
224494,Chiradeep,Zielinski,Technique Leader,1987-04-18,9999-01-01
224530,Manibrata,Papadias,Staff,1999-02-02,9999-01-01
224558,Tianruo,Schrooten,Staff,1997-07-16,9999-01-01
224589,Noritoshi,Rosen,Senior Staff,1986-09-12,1989-08-29
224611,Fei,Champarnaud,Senior Staff,1989-07-12,9999-01-01
224614,Vesna,Claffy,Senior Engineer,1986-03-17,1990-12-25
224615,Uno,Milicic,Staff,1996-12-18,9999-01-01
224617,Arch,Rindone,Engineer,1989-12-05,1994-12-05
224617,Arch,Rindone,Senior Engineer,1994-12-05,9999-01-01
224623,Shigeichiro,Hutter,Senior Engineer,1996-08-14,9999-01-01
224629,Greger,Schapire,Engineer,1989-01-04,1997-01-04
224629,Greger,Schapire,Senior Engineer,1997-01-04,9999-01-01
224640,Kitty,Perelgut,Engineer,1997-12-19,9999-01-01
224654,Anneli,Orsini,Staff,1998-08-03,9999-01-01
224659,Anyuan,Busillo,Engineer,1995-01-18,2001-01-17
224659,Anyuan,Busillo,Senior Engineer,2001-01-17,9999-01-01
224678,Anyuan,Hinsberger,Engineer,1991-06-15,1997-06-14
224678,Anyuan,Hinsberger,Senior Engineer,1997-06-14,9999-01-01
224700,Chenxi,Baba,Senior Staff,1987-05-15,1992-11-21
224711,Shigeu,Famili,Senior Staff,1998-01-05,9999-01-01
224711,Shigeu,Famili,Staff,1989-01-05,1998-01-05
224714,Mario,Orlowska,Staff,1997-09-14,9999-01-01
224746,Eckart,Sommen,Technique Leader,1985-09-22,2001-05-08
224760,Fay,Pramanik,Technique Leader,1993-06-27,9999-01-01
224773,Boriana,Benaini,Technique Leader,2000-01-17,9999-01-01
224800,Masaki,Prenel,Engineer,1987-11-11,1993-11-10
224800,Masaki,Prenel,Senior Engineer,1993-11-10,9999-01-01
224815,Mechthild,Tanemo,Senior Staff,1993-10-17,9999-01-01
224815,Mechthild,Tanemo,Staff,1986-10-17,1993-10-17
224840,Christfried,Argence,Engineer,1996-09-19,9999-01-01
224851,Naraig,Brattka,Engineer,1994-04-06,1999-04-06
224851,Naraig,Brattka,Senior Engineer,1999-04-06,9999-01-01
224860,Stamatina,Pauthner,Engineer,1990-04-26,1993-03-04
224861,Berhard,Murillo,Technique Leader,1986-03-25,1988-03-07
224877,Uno,Siksek,Senior Staff,2001-09-12,9999-01-01
224877,Uno,Siksek,Staff,1994-09-12,2001-09-12
224879,Yurii,Marrakchi,Senior Engineer,1986-04-14,9999-01-01
224892,Kousuke,Back,Technique Leader,1986-03-15,9999-01-01
224896,Anneli,Nishimukai,Senior Staff,1991-06-08,9999-01-01
224902,Radhika,Kavanagh,Technique Leader,1992-05-02,9999-01-01
224928,Gererd,Kroha,Staff,2000-01-19,9999-01-01
224938,Adly,Kroft,Engineer,1987-07-07,1996-07-06
224938,Adly,Kroft,Senior Engineer,1996-07-06,9999-01-01
224939,Xianlong,Isard,Senior Staff,1994-07-09,9999-01-01
224939,Xianlong,Isard,Staff,1989-07-09,1994-07-09
224966,Laurentiu,Kawashima,Engineer,1992-11-06,2000-11-06
224966,Laurentiu,Kawashima,Senior Engineer,2000-11-06,9999-01-01
224993,Terresa,Lodder,Engineer,1989-03-21,1996-03-21
224993,Terresa,Lodder,Senior Engineer,1996-03-21,9999-01-01
225007,Conrado,Auria,Staff,1995-12-17,2001-08-08
225016,Zhonghua,Birsak,Assistant Engineer,1992-10-25,1998-08-18
225019,Toney,Fandrianto,Senior Staff,1994-12-18,9999-01-01
225021,King,Lund,Senior Engineer,1986-04-14,9999-01-01
225065,Karlis,Thummel,Engineer,1992-12-01,1997-12-01
225065,Karlis,Thummel,Senior Engineer,1997-12-01,9999-01-01
225066,Akhilish,Rousseau,Assistant Engineer,1998-05-13,9999-01-01
225072,Ult,Malinowski,Staff,1995-12-09,9999-01-01
225092,Sudharsan,Lammel,Senior Engineer,1994-09-01,9999-01-01
225098,Abdelwaheb,Zizka,Senior Engineer,1998-03-07,9999-01-01
225099,Jaroslava,Cappello,Senior Engineer,1987-11-09,9999-01-01
225102,Heng,Aseltine,Senior Staff,1996-02-27,9999-01-01
225102,Heng,Aseltine,Staff,1990-02-27,1996-02-27
225159,Rafael,Kuzuoka,Engineer,1989-12-03,1995-12-03
225159,Rafael,Kuzuoka,Senior Engineer,1995-12-03,9999-01-01
225173,Fen,Verspoor,Engineer,1993-11-08,2001-11-08
225173,Fen,Verspoor,Senior Engineer,2001-11-08,9999-01-01
225189,Gill,Baak,Senior Engineer,1989-10-22,9999-01-01
225193,Shahid,Massonet,Engineer,1998-10-06,2000-07-23
225200,Shahab,Wuwongse,Senior Staff,1985-05-23,9999-01-01
225207,Jinxi,Vigier,Technique Leader,1992-08-04,9999-01-01
225219,Gil,Christianini,Engineer,1996-01-28,2001-01-27
225219,Gil,Christianini,Senior Engineer,2001-01-27,9999-01-01
225234,Xuedong,Eiter,Engineer,1998-09-20,9999-01-01
225296,Phuoc,Pulkowski,Staff,1994-12-07,9999-01-01
225322,Nectarios,Schapiro,Engineer,1993-04-15,2001-04-15
225322,Nectarios,Schapiro,Senior Engineer,2001-04-15,9999-01-01
225334,Yuuichi,Delgrossi,Senior Staff,2002-07-04,9999-01-01
225334,Yuuichi,Delgrossi,Staff,1993-07-04,2002-07-04
225337,Kazuhito,Ghelli,Senior Staff,1991-07-30,9999-01-01
225337,Kazuhito,Ghelli,Staff,1985-07-30,1991-07-30
225344,Duro,Gopalakrishnan,Engineer,1985-05-07,1991-05-07
225344,Duro,Gopalakrishnan,Senior Engineer,1991-05-07,9999-01-01
225346,Yolla,Assaf,Senior Engineer,1988-09-12,9999-01-01
225368,Utz,Suessmith,Engineer,1997-09-08,9999-01-01
225371,Gritta,Decleir,Engineer,1985-04-27,1994-04-27
225371,Gritta,Decleir,Senior Engineer,1994-04-27,9999-01-01
225376,Yahiko,Schwartzburd,Senior Staff,2000-01-25,9999-01-01
225386,Xiaoshan,Eastman,Engineer,1986-03-15,1991-03-15
225386,Xiaoshan,Eastman,Senior Engineer,1991-03-15,9999-01-01
225399,Shmuel,Benzmuller,Engineer,1994-02-27,2002-02-27
225399,Shmuel,Benzmuller,Senior Engineer,2002-02-27,9999-01-01
225401,Adas,Etalle,Senior Staff,1997-04-07,9999-01-01
225404,Josyula,Vieth,Engineer,1987-02-14,1993-02-13
225404,Josyula,Vieth,Senior Engineer,1993-02-13,9999-01-01
225409,Turgut,Mersereau,Senior Staff,1999-04-27,9999-01-01
225409,Turgut,Mersereau,Staff,1991-04-27,1999-04-27
225411,Kristine,Falco,Senior Engineer,1996-01-25,9999-01-01
225419,Josyula,Schauser,Staff,1993-06-23,1994-08-05
225442,Ronghao,Zambonelli,Staff,1996-08-11,1998-07-31
225443,Erzsebet,Ruemmler,Senior Staff,1997-07-06,9999-01-01
225443,Erzsebet,Ruemmler,Staff,1992-07-06,1997-07-06
225462,Takushi,Markovitch,Engineer,1992-07-05,1999-07-06
225462,Takushi,Markovitch,Senior Engineer,1999-07-06,9999-01-01
225474,Guozhong,Raczkowsky,Engineer,1995-12-03,2000-12-02
225474,Guozhong,Raczkowsky,Senior Engineer,2000-12-02,9999-01-01
225476,Piyush,Warwick,Engineer,1986-12-17,1994-12-17
225476,Piyush,Warwick,Senior Engineer,1994-12-17,9999-01-01
225531,Constantine,Jenevein,Senior Staff,1997-01-18,9999-01-01
225531,Constantine,Jenevein,Staff,1989-01-18,1997-01-18
225549,Jianhua,Prochazka,Senior Staff,1990-07-22,9999-01-01
225549,Jianhua,Prochazka,Staff,1985-07-22,1990-07-22
225555,Kristinn,Fujisawa,Engineer,1987-04-20,1994-04-20
225555,Kristinn,Fujisawa,Senior Engineer,1994-04-20,9999-01-01
225580,Uno,Coullard,Senior Staff,2001-03-30,9999-01-01
225580,Uno,Coullard,Staff,1995-03-31,2001-03-30
225584,Xiaoqiang,Kemmerer,Senior Staff,2001-11-25,9999-01-01
225584,Xiaoqiang,Kemmerer,Staff,1994-11-25,2001-11-25
225590,Lansing,Casley,Senior Engineer,1999-01-17,2001-07-25
225603,Basil,Apsitis,Senior Engineer,1988-01-05,9999-01-01
225607,Dietrich,Calkin,Staff,1999-09-11,9999-01-01
225629,Valter,Birrer,Staff,1997-07-21,2000-07-06
225640,Elrique,Heping,Engineer,1988-02-07,1994-02-06
225640,Elrique,Heping,Senior Engineer,1994-02-06,9999-01-01
225644,Luise,Murrill,Assistant Engineer,1994-10-22,2000-10-21
225644,Luise,Murrill,Engineer,2000-10-21,9999-01-01
225649,Bedrich,Stellhorn,Senior Staff,1997-11-13,9999-01-01
225649,Bedrich,Stellhorn,Staff,1988-11-13,1997-11-13
225660,Kenroku,Hempstead,Technique Leader,1992-06-10,1997-05-04
225673,Elzbieta,Binkley,Technique Leader,1992-12-07,9999-01-01
225687,Takahiro,Pileggi,Engineer,1990-02-12,1999-02-12
225687,Takahiro,Pileggi,Senior Engineer,1999-02-12,9999-01-01
225689,Shirish,Joslin,Engineer,1987-11-17,1992-11-16
225689,Shirish,Joslin,Senior Engineer,1992-11-16,9999-01-01
225691,Joydip,Ozery,Technique Leader,1986-04-05,9999-01-01
225696,Shir,Honglei,Senior Staff,1992-08-09,9999-01-01
225696,Shir,Honglei,Staff,1986-08-10,1992-08-09
225703,Jixiang,Taubenfeld,Senior Engineer,1994-01-26,9999-01-01
225704,Toshimori,Schurmann,Engineer,1998-06-15,9999-01-01
225716,Sadun,Zaccaria,Senior Staff,1985-07-12,1986-04-13
225733,Zvonko,Reghbati,Staff,1997-08-16,9999-01-01
225762,Mayuko,Manderick,Engineer,1985-04-08,1994-04-08
225762,Mayuko,Manderick,Senior Engineer,1994-04-08,9999-01-01
225792,Uzi,Kandlur,Staff,1996-03-29,2002-02-08
225825,Takahito,Honiden,Senior Staff,1993-03-20,9999-01-01
225825,Takahito,Honiden,Staff,1986-03-20,1993-03-20
225826,Yakichi,Lakshmanan,Engineer,1998-01-10,2002-07-22
225846,Kellie,Marrevee,Staff,1997-08-07,9999-01-01
225859,Chenyi,Hoogerwoord,Senior Staff,1996-11-27,9999-01-01
225875,Younwoo,Katzenelson,Engineer,1992-01-09,1999-01-09
225875,Younwoo,Katzenelson,Senior Engineer,1999-01-09,9999-01-01
225878,Qingxiang,Suri,Engineer,1988-08-27,1997-08-27
225878,Qingxiang,Suri,Senior Engineer,1997-08-27,9999-01-01
225884,Anwar,Aamodt,Technique Leader,1989-12-06,9999-01-01
225886,Vatsa,Schonegge,Staff,1996-01-23,9999-01-01
225888,Olivera,Servieres,Engineer,1992-01-06,2001-01-05
225888,Olivera,Servieres,Senior Engineer,2001-01-05,9999-01-01
225892,Uri,Muhling,Senior Staff,1999-07-24,9999-01-01
225892,Uri,Muhling,Staff,1992-07-23,1999-07-24
225894,Parto,Menhardt,Engineer,1988-03-02,1995-03-03
225894,Parto,Menhardt,Senior Engineer,1995-03-03,9999-01-01
225912,Monique,Stiles,Senior Engineer,1985-11-28,9999-01-01
225916,Hironobu,Cunliffe,Senior Staff,1999-03-12,9999-01-01
225916,Hironobu,Cunliffe,Staff,1992-03-11,1999-03-12
225933,Palash,Masaki,Senior Engineer,1993-06-15,9999-01-01
225945,Zhonghua,Bahi,Engineer,1988-03-27,1995-03-28
225945,Zhonghua,Bahi,Senior Engineer,1995-03-28,9999-01-01
225948,Phule,Schahn,Engineer,1989-01-02,1998-01-02
225948,Phule,Schahn,Senior Engineer,1998-01-02,9999-01-01
225959,Teruyuki,Farris,Engineer,1986-06-15,1995-06-15
225959,Teruyuki,Farris,Senior Engineer,1995-06-15,9999-01-01
225962,Manton,Rahier,Senior Staff,1990-04-22,9999-01-01
225993,Zvonko,Tiemann,Engineer,1989-10-17,1996-10-17
225993,Zvonko,Tiemann,Senior Engineer,1996-10-17,9999-01-01
226044,Vasilii,Nourani,Engineer,1988-07-22,1997-07-22
226044,Vasilii,Nourani,Senior Engineer,1997-07-22,9999-01-01
226050,Torsten,Radivojevic,Senior Staff,1999-10-17,9999-01-01
226050,Torsten,Radivojevic,Staff,1993-10-17,1999-10-17
226051,Tonia,Bouloucos,Senior Staff,1996-02-07,9999-01-01
226051,Tonia,Bouloucos,Staff,1991-02-07,1996-02-07
226061,Jeong,Sommer,Senior Staff,1986-05-10,9999-01-01
226062,Christoph,Molenkamp,Staff,1997-12-23,2000-02-14
226077,Ronghao,Sadowski,Staff,1999-09-15,9999-01-01
226081,Ewing,Rikino,Staff,1996-12-29,2000-04-25
226094,Pohua,Parfitt,Senior Staff,1997-08-16,9999-01-01
226094,Pohua,Parfitt,Staff,1991-08-17,1997-08-16
226101,Berthier,Itzfeldt,Senior Engineer,1992-07-24,9999-01-01
226123,Xiaoqiang,Tsunoo,Engineer,1987-12-16,1996-12-15
226123,Xiaoqiang,Tsunoo,Senior Engineer,1996-12-15,9999-01-01
226128,Radhika,Pettey,Senior Staff,1999-12-14,9999-01-01
226128,Radhika,Pettey,Staff,1994-12-14,1999-12-14
226130,Richard,Goldhammer,Engineer,1992-06-20,1999-06-21
226130,Richard,Goldhammer,Senior Engineer,1999-06-21,9999-01-01
226134,Sorina,Klyachko,Engineer,1997-04-28,9999-01-01
226140,Gao,Papastamatiou,Assistant Engineer,1996-01-07,1996-09-14
226158,Khoa,Cairo,Engineer,1999-11-10,9999-01-01
226174,Mariangiola,Talmor,Senior Staff,1994-05-08,9999-01-01
226174,Mariangiola,Talmor,Staff,1988-05-08,1994-05-08
226178,Jaideep,Axelband,Technique Leader,1991-08-05,9999-01-01
226195,Sham,Brandsma,Engineer,1992-05-07,2001-05-07
226195,Sham,Brandsma,Senior Engineer,2001-05-07,9999-01-01
226197,Gudjon,Glinert,Staff,1996-11-14,9999-01-01
226238,Maria,Foote,Senior Staff,1999-05-02,9999-01-01
226238,Maria,Foote,Staff,1994-05-02,1999-05-02
226241,Hideo,Farrow,Staff,1998-11-24,2000-02-05
226245,Tomofumi,Honglei,Engineer,1994-09-02,2000-09-01
226245,Tomofumi,Honglei,Senior Engineer,2000-09-01,9999-01-01
226257,Katsuyuki,Lunn,Senior Staff,1999-08-23,9999-01-01
226257,Katsuyuki,Lunn,Staff,1993-08-23,1999-08-23
226283,Tua,Baja,Staff,1999-09-07,9999-01-01
226294,Rasiah,Iwayama,Technique Leader,1998-08-12,9999-01-01
226306,Mariusz,Malabarba,Engineer,1993-11-01,9999-01-01
226314,Nidapan,Compeau,Senior Staff,2001-11-04,9999-01-01
226314,Nidapan,Compeau,Staff,1993-11-04,2001-11-04
226317,Kendra,Katiyar,Engineer,1999-10-15,9999-01-01
226323,Sadegh,Solovay,Senior Staff,1996-08-07,1998-10-16
226326,Premal,Murthy,Staff,1998-05-15,9999-01-01
226346,Dekang,Benantar,Senior Staff,1995-02-13,9999-01-01
226346,Dekang,Benantar,Staff,1987-02-13,1995-02-13
226376,Kiam,Pezzoli,Engineer,1988-12-27,1993-12-27
226376,Kiam,Pezzoli,Senior Engineer,1993-12-27,9999-01-01
226445,Amalendu,Zielinski,Senior Staff,1999-10-25,9999-01-01
226445,Amalendu,Zielinski,Staff,1991-10-25,1999-10-25
226454,Rafail,Peroz,Engineer,1985-12-31,1993-12-31
226454,Rafail,Peroz,Senior Engineer,1993-12-31,9999-01-01
226470,Zhonghui,Angot,Engineer,1995-06-13,2001-06-12
226470,Zhonghui,Angot,Senior Engineer,2001-06-12,9999-01-01
226472,Yongmao,VanScheik,Senior Engineer,1992-05-10,9999-01-01
226483,Jeane,Mitchem,Senior Engineer,1989-11-25,9999-01-01
226491,Waiman,Wuwongse,Senior Staff,1988-09-10,9999-01-01
226527,Larisa,Riexinger,Senior Staff,1999-01-17,9999-01-01
226527,Larisa,Riexinger,Staff,1990-01-17,1999-01-17
226530,Jiang,Olano,Technique Leader,1985-02-27,9999-01-01
226553,Adhemar,Pashtan,Staff,1991-11-21,1997-07-02
226556,Jianhui,Escriba,Senior Staff,1986-09-03,1991-06-20
226564,Gil,Luft,Engineer,1988-07-13,1993-07-13
226564,Gil,Luft,Senior Engineer,1993-07-13,9999-01-01
226590,Kamakshi,Kobuchi,Senior Staff,1995-05-13,9999-01-01
226590,Kamakshi,Kobuchi,Staff,1989-05-13,1995-05-13
226595,Etsuo,McClure,Engineer,1988-07-23,1993-07-23
226595,Etsuo,McClure,Senior Engineer,1993-07-23,9999-01-01
226610,Kazuhito,Ramsak,Engineer,1985-03-15,1994-03-15
226610,Kazuhito,Ramsak,Senior Engineer,1994-03-15,9999-01-01
226639,Mohit,Ushiama,Staff,1997-01-01,1997-01-12
226650,Ugo,Pargaonkar,Engineer,1989-07-17,1998-07-17
226650,Ugo,Pargaonkar,Senior Engineer,1998-07-17,9999-01-01
226653,Sampalli,Ullian,Staff,1995-05-07,2002-02-01
226709,Giap,Matzov,Assistant Engineer,1990-06-01,1998-06-01
226709,Giap,Matzov,Engineer,1998-06-01,9999-01-01
226719,Moon,Curless,Technique Leader,1992-12-04,9999-01-01
226721,Frazer,Nyrup,Engineer,1989-03-23,1997-03-23
226721,Frazer,Nyrup,Senior Engineer,1997-03-23,1997-05-29
226778,Alagu,Hooghiemstra,Senior Staff,2000-09-10,9999-01-01
226778,Alagu,Hooghiemstra,Staff,1994-09-11,2000-09-10
226800,Baoqiu,Pillow,Staff,1999-09-18,9999-01-01
226810,Adam,Demizu,Engineer,1991-03-25,2000-03-24
226810,Adam,Demizu,Senior Engineer,2000-03-24,2001-02-24
226818,Adib,Rosen,Engineer,1995-08-22,2001-08-21
226818,Adib,Rosen,Senior Engineer,2001-08-21,9999-01-01
226870,Chuanyi,Kruskal,Assistant Engineer,1992-03-29,1999-03-30
226870,Chuanyi,Kruskal,Engineer,1999-03-30,9999-01-01
226875,Aiman,Heydon,Senior Staff,1998-03-29,9999-01-01
226875,Aiman,Heydon,Staff,1990-03-29,1998-03-29
226900,Bernd,Niizuma,Engineer,1989-07-18,1998-07-18
226900,Bernd,Niizuma,Senior Engineer,1998-07-18,9999-01-01
226914,Florian,Reinhart,Engineer,1988-02-01,1997-01-31
226914,Florian,Reinhart,Senior Engineer,1997-01-31,9999-01-01
226921,Zsolt,Bolotov,Engineer,1997-12-22,9999-01-01
226931,Xuejun,Michaels,Engineer,1998-04-04,9999-01-01
226973,Yifei,Kampfer,Engineer,1995-03-22,1995-09-02
226977,Marjo,Iwayama,Senior Staff,1994-09-03,9999-01-01
226977,Marjo,Iwayama,Staff,1989-09-03,1994-09-03
226983,Nevin,Pietrzykowski,Assistant Engineer,1988-10-27,1997-10-26
226983,Nevin,Pietrzykowski,Engineer,1997-10-26,9999-01-01
227001,Lorien,Takanami,Engineer,1990-10-03,1992-09-05
227019,Yechiam,Denis,Assistant Engineer,1992-05-05,2001-05-05
227019,Yechiam,Denis,Engineer,2001-05-05,9999-01-01
227026,Hongzue,Genther,Engineer,1996-05-07,9999-01-01
227040,Janalee,Grospietsch,Staff,1999-06-21,9999-01-01
227041,Odoardo,Naudin,Staff,1999-01-05,9999-01-01
227067,Sailaja,Zhang,Engineer,1994-04-30,1999-04-30
227067,Sailaja,Zhang,Senior Engineer,1999-04-30,9999-01-01
227070,Jackson,Rissanen,Engineer,1995-05-22,2002-05-22
227070,Jackson,Rissanen,Senior Engineer,2002-05-22,9999-01-01
227081,Fayez,DuBourdieux,Engineer,1992-06-07,2000-06-07
227081,Fayez,DuBourdieux,Senior Engineer,2000-06-07,9999-01-01
227095,Hilari,Leivant,Staff,1998-10-22,9999-01-01
227109,Xinglin,Nittel,Engineer,1987-05-01,1994-05-01
227109,Xinglin,Nittel,Senior Engineer,1994-05-01,1995-12-06
227113,Shugo,Kambil,Staff,1990-07-29,1994-04-09
227126,Jaques,Rotem,Senior Engineer,1997-07-06,9999-01-01
227142,Gita,Mayerwieser,Staff,1992-09-23,2000-07-05
227186,Hausi,Bazzichi,Staff,1986-10-23,1988-06-10
227188,Fabrizio,Thorensen,Engineer,1997-08-14,9999-01-01
227190,Vishu,Ranze,Senior Staff,2000-05-03,9999-01-01
227190,Vishu,Ranze,Staff,1995-05-04,2000-05-03
227196,Georg,Erev,Engineer,1995-07-27,9999-01-01
227213,Sachin,Llado,Engineer,1999-01-08,1999-12-25
227215,Alejandro,Barriga,Senior Engineer,1990-10-09,9999-01-01
227218,Zhaofang,Pusterhofer,Senior Staff,1986-07-06,9999-01-01
227256,Jasminko,Androutsos,Staff,1995-11-07,2001-08-31
227258,Berthier,Chleq,Senior Staff,1985-12-08,9999-01-01
227287,Serap,Aloia,Senior Engineer,1995-10-20,9999-01-01
227304,Arnd,Badr,Assistant Engineer,1996-06-18,1999-09-21
227317,Parviz,Ventosa,Staff,1993-07-11,1993-12-05
227326,Valeri,Marquardt,Senior Staff,1995-12-20,9999-01-01
227326,Valeri,Marquardt,Staff,1987-12-20,1995-12-20
227332,Larisa,Heiserman,Engineer,1989-02-02,1993-12-15
227341,Hausi,Luks,Engineer,1986-11-22,1992-11-21
227341,Hausi,Luks,Senior Engineer,1992-11-21,1998-02-25
227345,Przemyslawa,Billawala,Senior Staff,1994-05-25,9999-01-01
227345,Przemyslawa,Billawala,Staff,1986-05-25,1994-05-25
227359,Toney,Shigei,Engineer,2000-01-28,9999-01-01
227366,Hironoby,Ullian,Senior Staff,1991-02-14,9999-01-01
227366,Hironoby,Ullian,Staff,1985-02-14,1991-02-14
227372,Yifei,Siepmann,Staff,1996-11-30,9999-01-01
227395,Miquel,Joslin,Senior Staff,1993-04-24,1999-01-14
227408,Lubomir,Schaaf,Engineer,1997-07-24,2000-06-18
227430,Weijing,Kornatzky,Senior Staff,1993-08-06,9999-01-01
227430,Weijing,Kornatzky,Staff,1986-08-06,1993-08-06
227435,Uri,Senzako,Senior Engineer,1986-01-17,9999-01-01
227450,Masaru,Leppanen,Senior Staff,1999-04-08,9999-01-01
227450,Masaru,Leppanen,Staff,1992-04-07,1999-04-08
227477,Rimli,Henders,Engineer,1998-10-21,2000-04-15
227479,Gino,Jonsson,Senior Staff,1995-12-31,9999-01-01
227479,Gino,Jonsson,Staff,1987-12-31,1995-12-31
227511,Tonny,Hoogerwoord,Engineer,1996-05-29,2002-05-29
227511,Tonny,Hoogerwoord,Senior Engineer,2002-05-29,9999-01-01
227558,Pramod,Muchinsky,Senior Staff,2000-05-31,9999-01-01
227558,Pramod,Muchinsky,Staff,1992-05-31,2000-05-31
227559,Gina,Lichtner,Staff,1999-10-03,9999-01-01
227573,Jacopo,Matteis,Engineer,1991-02-26,1999-02-26
227573,Jacopo,Matteis,Senior Engineer,1999-02-26,9999-01-01
227577,Yannik,Gomatam,Senior Staff,1992-02-22,9999-01-01
227580,Sailaja,Haldar,Staff,1995-11-20,9999-01-01
227581,Douadi,Botman,Engineer,1992-10-05,1997-10-05
227581,Douadi,Botman,Senior Engineer,1997-10-05,9999-01-01
227585,Juyoung,Uhrig,Senior Staff,1998-11-14,9999-01-01
227585,Juyoung,Uhrig,Staff,1990-11-14,1998-11-14
227594,Vidya,Weisert,Engineer,1991-04-27,1999-04-27
227594,Vidya,Weisert,Senior Engineer,1999-04-27,9999-01-01
227615,Vugranam,Cairo,Engineer,1991-12-17,1999-10-12
227621,Vasilis,Uehara,Engineer,1995-07-31,2000-07-30
227621,Vasilis,Uehara,Senior Engineer,2000-07-30,9999-01-01
227640,Florian,Tzvieli,Senior Engineer,1994-05-27,9999-01-01
227645,Boguslaw,Verhoeff,Engineer,1999-01-12,9999-01-01
227646,Shridhar,Isard,Senior Staff,2001-04-16,9999-01-01
227646,Shridhar,Isard,Staff,1996-04-16,2001-04-16
227655,Billie,Emiris,Senior Staff,1994-09-28,9999-01-01
227655,Billie,Emiris,Staff,1989-09-28,1994-09-28
227658,Isamu,Marakhovsky,Staff,1998-05-30,9999-01-01
227666,Munehiro,Lorch,Technique Leader,1994-01-15,9999-01-01
227670,Irena,Lichtman,Senior Staff,1999-03-23,9999-01-01
227683,Jinxi,Veccia,Engineer,1999-06-30,2000-07-03
227685,Mark,Ellozy,Senior Engineer,1985-05-18,9999-01-01
227687,Gio,Boguraev,Engineer,1997-04-26,2002-04-26
227687,Gio,Boguraev,Senior Engineer,2002-04-26,9999-01-01
227697,Keung,Kulisch,Engineer,1986-07-25,1991-07-25
227697,Keung,Kulisch,Senior Engineer,1991-07-25,9999-01-01
227715,Christfried,Rebaine,Engineer,1991-07-06,2000-07-05
227715,Christfried,Rebaine,Senior Engineer,2000-07-05,9999-01-01
227730,Shalesh,Attimonelli,Senior Staff,1986-05-28,9999-01-01
227739,Yagil,Bazzichi,Senior Staff,1998-05-31,9999-01-01
227739,Yagil,Bazzichi,Staff,1993-05-31,1998-05-31
227749,Peternela,Penttonen,Senior Staff,1990-08-09,9999-01-01
227749,Peternela,Penttonen,Staff,1985-08-09,1990-08-09
227761,Valdiodio,Collette,Engineer,1998-06-14,9999-01-01
227766,Freyja,Bratten,Engineer,1995-05-08,9999-01-01
227785,Poornachandra,Ariola,Technique Leader,1995-02-25,1997-02-20
227821,Branimir,Uhrik,Staff,1998-11-28,9999-01-01
227823,Nevin,Mateescu,Engineer,1995-01-09,9999-01-01
227825,Huei,Perz,Engineer,1997-07-30,2002-07-30
227825,Huei,Perz,Senior Engineer,2002-07-30,9999-01-01
227867,Yahiko,Remmers,Senior Engineer,1989-08-05,9999-01-01
227870,Dines,Zhiwei,Senior Staff,1989-06-15,1992-06-29
227879,Sreenivas,Barvinok,Engineer,1991-02-20,2000-02-20
227879,Sreenivas,Barvinok,Senior Engineer,2000-02-20,9999-01-01
227896,Ult,Erbe,Senior Staff,2000-03-15,9999-01-01
227896,Ult,Erbe,Staff,1995-03-16,2000-03-15
227914,Radoslaw,Bage,Senior Staff,1997-04-08,9999-01-01
227914,Radoslaw,Bage,Staff,1989-04-08,1997-04-08
227917,Eishiro,Cheshire,Senior Staff,1993-06-29,9999-01-01
227917,Eishiro,Cheshire,Staff,1988-06-29,1993-06-29
227920,Shushma,Jeong,Senior Staff,1998-02-13,9999-01-01
227920,Shushma,Jeong,Staff,1993-02-13,1998-02-13
227935,Tze,Bennet,Technique Leader,1996-12-07,9999-01-01
227942,Yucai,McDermid,Engineer,1991-12-19,1996-12-18
227942,Yucai,McDermid,Senior Engineer,1996-12-18,9999-01-01
227960,Goncalo,Lipner,Engineer,1999-03-22,9999-01-01
227979,Shietung,Dusink,Senior Staff,1996-08-08,9999-01-01
227979,Shietung,Dusink,Staff,1990-08-09,1996-08-08
227984,Rutger,Chiola,Engineer,1992-05-21,2000-05-21
227984,Rutger,Chiola,Senior Engineer,2000-05-21,9999-01-01
227987,Remzi,Harllee,Senior Staff,1995-08-06,9999-01-01
227987,Remzi,Harllee,Staff,1986-08-06,1995-08-06
227989,Alejandro,Comyn,Engineer,1988-01-17,1996-01-17
227989,Alejandro,Comyn,Senior Engineer,1996-01-17,9999-01-01
227990,Vivian,Hemaspaandra,Staff,1985-12-22,1992-03-17
228002,Bernt,Luke,Staff,1995-03-13,9999-01-01
228006,Tonia,Strandh,Engineer,1985-12-06,1993-12-06
228006,Tonia,Strandh,Senior Engineer,1993-12-06,9999-01-01
228024,Dmitri,Koblitz,Senior Staff,1999-01-10,9999-01-01
228027,Sreenivas,Luks,Engineer,1997-02-07,2002-02-07
228027,Sreenivas,Luks,Senior Engineer,2002-02-07,9999-01-01
228042,Takahiro,Condotta,Senior Engineer,1996-03-14,9999-01-01
228060,Gladys,Selvestrel,Engineer,1991-01-02,1993-02-26
228103,Uwe,Callaway,Engineer,1994-06-16,2001-06-16
228103,Uwe,Callaway,Senior Engineer,2001-06-16,9999-01-01
228144,Vasilis,Aamodt,Senior Staff,2000-02-19,2000-07-05
228144,Vasilis,Aamodt,Staff,1991-02-19,2000-02-19
228165,Babette,Boudaillier,Engineer,1998-09-20,9999-01-01
228174,Yannis,Pettey,Engineer,1997-11-04,9999-01-01
228198,Wojceich,Quaggetto,Assistant Engineer,1986-03-20,1989-01-20
228208,Sahrah,Speel,Engineer,1986-04-03,1993-04-03
228208,Sahrah,Speel,Senior Engineer,1993-04-03,2001-09-17
228232,Elvis,Matzke,Staff,1988-01-08,1988-01-28
228240,Rimli,Karnin,Engineer,1999-07-01,9999-01-01
228262,Shaz,Acton,Engineer,1992-10-01,1998-10-01
228262,Shaz,Acton,Senior Engineer,1998-10-01,9999-01-01
228277,Gererd,Bernardeschi,Staff,1999-10-22,9999-01-01
228288,Junichi,Matzov,Senior Staff,2001-06-26,9999-01-01
228288,Junichi,Matzov,Staff,1993-06-26,2001-06-26
228303,Lijie,Acton,Senior Engineer,1994-08-05,9999-01-01
228316,Sachem,Waymire,Senior Staff,1999-04-02,9999-01-01
228321,Yakichi,Rodiger,Engineer,1989-03-21,1997-03-21
228321,Yakichi,Rodiger,Senior Engineer,1997-03-21,9999-01-01
228323,Subhankar,Piveteau,Senior Staff,1994-10-31,9999-01-01
228323,Subhankar,Piveteau,Staff,1987-10-31,1994-10-31
228330,Janche,Karnin,Staff,1999-07-11,9999-01-01
228335,Hidde,Szmurlo,Engineer,1987-07-15,1995-07-15
228335,Hidde,Szmurlo,Senior Engineer,1995-07-15,9999-01-01
228353,Behnaam,Pouyioutas,Engineer,1994-07-12,9999-01-01
228356,Matk,Gimbel,Staff,1995-12-17,1996-08-13
228361,Brendon,Anger,Senior Staff,1993-08-18,9999-01-01
228361,Brendon,Anger,Staff,1988-08-18,1993-08-18
228362,Samphel,Varman,Engineer,1988-10-20,1997-10-20
228362,Samphel,Varman,Senior Engineer,1997-10-20,9999-01-01
228402,Tua,Axelband,Engineer,1988-01-06,1996-01-06
228402,Tua,Axelband,Senior Engineer,1996-01-06,9999-01-01
228431,Sigeru,Zirintsis,Engineer,1997-06-28,9999-01-01
228468,Constantijn,Hartvigsen,Staff,1998-12-18,2001-01-08
228470,Naftaly,Schlenzig,Senior Staff,1999-03-29,9999-01-01
228470,Naftaly,Schlenzig,Staff,1994-03-29,1999-03-29
228481,Angel,Tiemann,Staff,1995-11-08,9999-01-01
228486,Monique,Ibel,Technique Leader,1994-09-07,9999-01-01
228498,Aamod,Neiman,Staff,1999-03-19,2000-02-22
228514,Dante,Luks,Senior Engineer,1985-05-19,9999-01-01
228529,Shaowen,Syang,Engineer,1999-01-14,1999-01-25
228534,Anyuan,Rusterholz,Engineer,1994-07-12,2001-07-12
228534,Anyuan,Rusterholz,Senior Engineer,2001-07-12,9999-01-01
228535,Christoper,Kropp,Staff,1986-08-29,1991-04-14
228552,Dietrich,Rullman,Engineer,1995-07-15,2001-07-14
228552,Dietrich,Rullman,Senior Engineer,2001-07-14,9999-01-01
228561,Moto,Hockney,Staff,1996-07-05,1999-04-07
228596,Gal,Braccini,Engineer,1991-08-06,1998-08-06
228596,Gal,Braccini,Senior Engineer,1998-08-06,9999-01-01
228600,Mack,Krogh,Engineer,1997-04-25,9999-01-01
228607,Dmitry,Covnot,Engineer,1997-07-28,2002-07-28
228607,Dmitry,Covnot,Senior Engineer,2002-07-28,9999-01-01
228614,Jeanna,Lorie,Engineer,1989-11-01,1996-11-01
228614,Jeanna,Lorie,Senior Engineer,1996-11-01,9999-01-01
228656,Weicheng,Parhami,Engineer,1998-06-08,2002-07-10
228661,Alper,Papadias,Assistant Engineer,1987-08-18,1995-08-18
228661,Alper,Papadias,Engineer,1995-08-18,9999-01-01
228670,Yannis,Lorie,Senior Engineer,1991-05-24,9999-01-01
228674,Zhenbing,Hemaspaandra,Engineer,1991-08-20,1998-08-20
228674,Zhenbing,Hemaspaandra,Senior Engineer,1998-08-20,9999-01-01
228689,Fabrizio,Ravishankar,Engineer,1996-12-16,9999-01-01
228697,Margareta,Szmurlo,Engineer,1995-03-07,9999-01-01
228713,Uno,Billingsley,Senior Staff,1999-03-09,9999-01-01
228713,Uno,Billingsley,Staff,1994-03-09,1999-03-09
228715,Xianlong,Ciolek,Engineer,1990-10-12,1995-10-12
228715,Xianlong,Ciolek,Senior Engineer,1995-10-12,9999-01-01
228727,Oldrich,Jakobus,Senior Engineer,1996-11-10,9999-01-01
228763,Oddvar,Krybus,Engineer,1998-01-11,9999-01-01
228773,Branimir,Collette,Engineer,1992-10-08,1998-10-08
228773,Branimir,Collette,Senior Engineer,1998-10-08,9999-01-01
228785,Arunas,Cronau,Engineer,1986-09-10,1994-09-10
228785,Arunas,Cronau,Senior Engineer,1994-09-10,9999-01-01
228789,Kazuhira,Coorg,Senior Engineer,1995-05-14,1996-12-16
228792,Gudjon,Koyama,Staff,1990-02-01,1996-01-27
228833,Teunis,Binkley,Staff,1997-07-13,9999-01-01
228848,Leah,Figueira,Engineer,1985-03-09,1993-03-09
228848,Leah,Figueira,Senior Engineer,1993-03-09,9999-01-01
228851,Premsyl,Boudaillier,Engineer,1986-02-14,1989-12-19
228852,Janalee,Horswill,Engineer,1993-01-13,2001-01-13
228852,Janalee,Horswill,Senior Engineer,2001-01-13,9999-01-01
228859,Moriyoshi,Msuda,Senior Staff,1995-08-23,9999-01-01
228859,Moriyoshi,Msuda,Staff,1986-08-23,1995-08-23
228890,Bernt,Pleszkun,Senior Staff,1993-10-15,9999-01-01
228890,Bernt,Pleszkun,Staff,1986-10-15,1993-10-15
228919,Susanta,Sifakis,Engineer,1992-05-21,1999-05-22
228919,Susanta,Sifakis,Senior Engineer,1999-05-22,9999-01-01
228926,Masaru,Ramras,Engineer,1999-08-30,9999-01-01
228962,Mayumi,Parhami,Technique Leader,1999-07-06,9999-01-01
228964,Weiye,DeMori,Engineer,1990-09-29,1993-04-30
228965,Shimshon,Aumann,Senior Staff,1998-05-07,9999-01-01
228987,Breannda,Lemarechal,Staff,1999-07-28,9999-01-01
228992,Mari,Strandh,Engineer,1992-11-14,2000-11-14
228992,Mari,Strandh,Senior Engineer,2000-11-14,9999-01-01
229005,Rildo,Orsini,Senior Staff,1992-02-16,9999-01-01
229005,Rildo,Orsini,Staff,1987-02-16,1992-02-16
229041,Elgin,Schade,Staff,1998-02-23,9999-01-01
229048,Jamaludin,Zwicker,Engineer,1993-11-16,1998-11-16
229048,Jamaludin,Zwicker,Senior Engineer,1998-11-16,9999-01-01
229063,Nathan,Setia,Engineer,1991-07-31,1999-07-31
229063,Nathan,Setia,Senior Engineer,1999-07-31,9999-01-01
229096,Uma,Bolsens,Engineer,1998-03-09,9999-01-01
229100,Ingmar,Esteva,Senior Staff,1997-10-24,9999-01-01
229100,Ingmar,Esteva,Staff,1988-10-24,1997-10-24
229114,Valter,Bojadziev,Engineer,1987-06-18,1989-09-12
229136,Abdelghani,Sinitsyn,Senior Staff,1988-10-27,9999-01-01
229141,Edwin,Tetzlaff,Senior Staff,2001-02-17,9999-01-01
229141,Edwin,Tetzlaff,Staff,1996-02-18,2001-02-17
229171,Gregory,Schiper,Senior Staff,1997-05-12,9999-01-01
229171,Gregory,Schiper,Staff,1989-05-12,1997-05-12
229178,Maia,Kolinko,Senior Engineer,1990-07-25,9999-01-01
229188,Arno,Mattern,Engineer,1993-10-13,1998-10-13
229188,Arno,Mattern,Senior Engineer,1998-10-13,2001-04-25
229206,Ayakannu,Hammerschmidt,Senior Staff,1998-01-06,2000-09-22
229206,Ayakannu,Hammerschmidt,Staff,1990-01-06,1998-01-06
229238,IEEE,Dahlbom,Senior Staff,1997-08-25,9999-01-01
229238,IEEE,Dahlbom,Staff,1991-08-26,1997-08-25
229247,Fabrizio,Marshall,Staff,1998-05-04,2000-06-16
229251,Tze,Bugaenko,Senior Staff,2002-07-31,9999-01-01
229251,Tze,Bugaenko,Staff,1995-07-31,2002-07-31
229257,Fumiko,Deverell,Senior Engineer,1990-05-17,9999-01-01
229283,Shin,Brickell,Engineer,1999-06-01,9999-01-01
229290,Tonny,Toyoshima,Engineer,1991-08-28,1996-04-05
229300,Georg,Erev,Engineer,1995-08-04,9999-01-01
229313,Atreyi,Hagimont,Senior Staff,1988-10-24,9999-01-01
229323,Yoshinari,Guenter,Senior Engineer,1999-08-05,9999-01-01
229332,Demos,Range,Senior Engineer,1995-10-10,9999-01-01
229334,Sergi,Bresenham,Senior Staff,1995-06-28,9999-01-01
229334,Sergi,Bresenham,Staff,1988-06-27,1995-06-28
229336,Gal,Oehlmann,Engineer,1997-11-17,9999-01-01
229359,Saddek,Penz,Senior Engineer,1996-04-04,9999-01-01
229378,Eberhardt,Asrin,Staff,1992-04-12,1999-01-14
229414,Ranan,Hartvigsen,Senior Engineer,1991-01-21,9999-01-01
229491,Yongdong,Eterovic,Senior Staff,1995-01-18,9999-01-01
229491,Yongdong,Eterovic,Staff,1988-01-18,1995-01-18
229495,Bouchung,Hofmeyr,Engineer,1991-11-17,2000-11-16
229495,Bouchung,Hofmeyr,Senior Engineer,2000-11-16,9999-01-01
229510,Mitsuyuki,Birke,Engineer,1985-05-12,1992-05-12
229510,Mitsuyuki,Birke,Senior Engineer,1992-05-12,9999-01-01
229517,Jaihie,Basagni,Senior Staff,2000-02-23,9999-01-01
229517,Jaihie,Basagni,Staff,1992-02-23,2000-02-23
229564,Bojan,Schnabel,Assistant Engineer,1997-08-01,1999-11-02
229580,Xiaoshan,Ramsak,Senior Engineer,1987-04-12,9999-01-01
229582,Kerryn,Solares,Senior Staff,1996-10-01,9999-01-01
229592,Susanne,Masaki,Staff,1997-11-05,2001-07-19
229593,Harjit,Francisci,Engineer,1988-11-06,1990-12-16
229594,Wonhee,Flowers,Technique Leader,1993-12-01,9999-01-01
229599,Adas,Vitiello,Senior Staff,1995-11-16,9999-01-01
229599,Adas,Vitiello,Staff,1990-11-16,1995-11-16
229603,Remmert,Engelmann,Senior Engineer,1988-06-10,9999-01-01
229606,Manibrata,Dulli,Senior Staff,1993-08-24,9999-01-01
229606,Manibrata,Dulli,Staff,1988-08-24,1993-08-24
229614,Ymte,Krogh,Senior Staff,1988-09-22,9999-01-01
229628,Gaetan,Choobineh,Engineer,1998-02-20,9999-01-01
229638,Radhakrishnan,Schapiro,Senior Staff,1993-08-09,9999-01-01
229638,Radhakrishnan,Schapiro,Staff,1985-08-09,1993-08-09
229645,Margareta,Heering,Engineer,1994-06-03,2000-06-02
229645,Margareta,Heering,Senior Engineer,2000-06-02,9999-01-01
229651,Bedrich,Peron,Senior Engineer,1988-07-05,1994-11-25
229736,Zhongwei,Zyda,Staff,1998-11-04,9999-01-01
229739,Chinho,Suessmith,Senior Staff,1998-01-16,9999-01-01
229739,Chinho,Suessmith,Staff,1990-01-16,1998-01-16
229760,Kazuhide,Menhoudj,Staff,1997-11-07,9999-01-01
229762,Cristinel,Limongiello,Assistant Engineer,1993-06-03,1997-08-31
229772,Tooru,Doering,Technique Leader,1990-10-15,9999-01-01
229787,Fuqing,Huttel,Senior Staff,1999-08-28,9999-01-01
229787,Fuqing,Huttel,Staff,1991-08-28,1999-08-28
229801,Xiping,Karunanithi,Staff,1997-07-27,9999-01-01
229808,Boriana,Rothe,Engineer,1993-05-22,1998-05-22
229808,Boriana,Rothe,Senior Engineer,1998-05-22,9999-01-01
229830,JoAnne,Zweizig,Engineer,1993-08-08,1999-08-08
229830,JoAnne,Zweizig,Senior Engineer,1999-08-08,9999-01-01
229843,Ult,Haumacher,Senior Staff,1995-06-05,9999-01-01
229843,Ult,Haumacher,Staff,1986-06-05,1995-06-05
229856,Chandrasekaran,Stiles,Senior Staff,1994-06-11,9999-01-01
229856,Chandrasekaran,Stiles,Staff,1989-06-11,1994-06-11
229862,Luisa,Ghalwash,Senior Staff,1998-03-15,9999-01-01
229862,Luisa,Ghalwash,Staff,1993-03-15,1998-03-15
229864,Horward,Laurillard,Engineer,1986-07-11,1994-07-11
229864,Horward,Laurillard,Senior Engineer,1994-07-11,1994-12-06
229870,Uriel,Ishibashi,Senior Engineer,1988-07-24,9999-01-01
229884,Hein,Kilgour,Senior Staff,2002-04-13,9999-01-01
229884,Hein,Kilgour,Staff,1993-04-13,2002-04-13
229886,Kannan,Roccetti,Senior Engineer,1993-02-02,9999-01-01
229908,Saniya,Montemayor,Engineer,1995-07-12,2000-07-11
229908,Saniya,Montemayor,Senior Engineer,2000-07-11,9999-01-01
229919,Izaskun,Schaap,Assistant Engineer,1991-03-25,1999-06-29
229936,Ranan,Trelles,Senior Staff,2000-12-03,9999-01-01
229936,Ranan,Trelles,Staff,1994-12-04,2000-12-03
229951,Shigehiro,Negoita,Engineer,1985-06-27,1990-06-27
229951,Shigehiro,Negoita,Senior Engineer,1990-06-27,1994-04-23
229961,Kwan,Aumann,Staff,2000-01-08,9999-01-01
229976,Shounak,McClurg,Engineer,1988-10-12,1993-10-12
229976,Shounak,McClurg,Senior Engineer,1993-10-12,9999-01-01
229980,Djelloul,Motley,Senior Staff,1992-07-25,9999-01-01
229980,Djelloul,Motley,Staff,1987-07-26,1992-07-25
229985,Fox,Bernini,Senior Staff,1991-08-02,9999-01-01
229987,Dmitry,Pero,Staff,1995-05-12,9999-01-01
229988,Yinghua,Businaro,Senior Engineer,1998-10-30,9999-01-01
229993,Toney,Perry,Senior Staff,1989-12-10,9999-01-01
229995,Feiyu,Delgrossi,Senior Staff,1993-05-11,9999-01-01
229998,Shawna,Broomell,Engineer,1995-09-21,2000-09-20
229998,Shawna,Broomell,Senior Engineer,2000-09-20,2001-02-28
230004,Janche,Sessa,Engineer,1985-04-06,1991-04-06
230004,Janche,Sessa,Senior Engineer,1991-04-06,9999-01-01
230031,Radhika,Casperson,Engineer,1988-12-15,1996-12-15
230031,Radhika,Casperson,Senior Engineer,1996-12-15,9999-01-01
230049,Jiakeng,Picco,Engineer,1993-01-05,1999-01-05
230049,Jiakeng,Picco,Senior Engineer,1999-01-05,9999-01-01
230050,Pranay,Ghandeharizadeh,Senior Staff,1991-07-24,9999-01-01
230062,Remmert,Chelton,Engineer,1987-12-11,1993-12-10
230062,Remmert,Chelton,Senior Engineer,1993-12-10,9999-01-01
230068,Zhaofang,Cochrane,Engineer,1992-07-21,1998-07-21
230068,Zhaofang,Cochrane,Senior Engineer,1998-07-21,9999-01-01
230087,Leandro,Bierbaum,Engineer,1994-02-18,2000-02-18
230087,Leandro,Bierbaum,Senior Engineer,2000-02-18,9999-01-01
230101,Premal,Christianini,Engineer,1997-07-28,2002-07-28
230101,Premal,Christianini,Senior Engineer,2002-07-28,9999-01-01
230124,Radhia,Marzano,Senior Staff,1993-08-12,9999-01-01
230124,Radhia,Marzano,Staff,1988-08-12,1993-08-12
230135,Jiakeng,Kakkar,Engineer,1996-12-25,9999-01-01
230141,Baruch,Ariola,Staff,1995-12-11,9999-01-01
230144,Maria,Reinhart,Engineer,1998-10-30,9999-01-01
230158,Magdalena,Beetstra,Staff,1993-08-03,1997-03-25
230191,Kankanahalli,Gerteisen,Staff,1986-10-23,1987-06-11
230199,Xiaoshan,Baca,Technique Leader,1987-05-26,1989-08-17
230206,Bowen,Narlikar,Engineer,1987-12-11,1996-12-10
230206,Bowen,Narlikar,Senior Engineer,1996-12-10,9999-01-01
230217,Kwun,Narahara,Senior Staff,2002-01-11,9999-01-01
230217,Kwun,Narahara,Staff,1993-01-11,2002-01-11
230220,Filipp,Cronau,Staff,1999-01-03,9999-01-01
230243,Aamer,Ullian,Senior Staff,1994-04-30,9999-01-01
230243,Aamer,Ullian,Staff,1985-04-30,1994-04-30
230279,Zvonko,Clouatre,Engineer,1986-08-20,1991-08-20
230279,Zvonko,Clouatre,Senior Engineer,1991-08-20,9999-01-01
230281,Zorica,Tomescu,Assistant Engineer,1995-09-27,2000-09-26
230281,Zorica,Tomescu,Engineer,2000-09-26,9999-01-01
230282,Ung,Liesche,Senior Engineer,1999-06-25,9999-01-01
230301,Zhiguo,Plumb,Senior Staff,1991-10-30,9999-01-01
230312,Monique,Suri,Engineer,1997-04-05,9999-01-01
230339,Franziska,Pietracaprina,Engineer,1993-06-26,2000-06-26
230339,Franziska,Pietracaprina,Senior Engineer,2000-06-26,9999-01-01
230343,Tetsushi,Mitzlaff,Staff,1998-07-28,2002-07-26
230394,Mara,Ladret,Assistant Engineer,1997-05-04,9999-01-01
230395,Abdulah,Malabarba,Senior Staff,1996-05-30,9999-01-01
230395,Abdulah,Malabarba,Staff,1987-05-31,1996-05-30
230404,Charmane,Melton,Technique Leader,1985-11-17,1994-07-12
230405,Leif,Panienski,Engineer,1997-07-25,2002-07-25
230405,Leif,Panienski,Senior Engineer,2002-07-25,9999-01-01
230406,Serenella,Restivo,Technique Leader,1985-09-26,9999-01-01
230410,Vincent,Furudate,Staff,1995-09-03,9999-01-01
230420,Quingbo,Rosin,Engineer,1986-02-17,1995-02-17
230420,Quingbo,Rosin,Senior Engineer,1995-02-17,9999-01-01
230432,Zhongwei,Serot,Staff,1997-04-08,9999-01-01
230477,Shimshon,Gurbaxani,Senior Staff,1994-12-19,9999-01-01
230477,Shimshon,Gurbaxani,Staff,1985-12-19,1994-12-19
230479,Ung,Eldridge,Engineer,1989-03-16,1995-03-16
230479,Ung,Eldridge,Senior Engineer,1995-03-16,9999-01-01
230526,Paraskevi,Worfolk,Senior Staff,1990-05-07,1999-01-13
230526,Paraskevi,Worfolk,Staff,1985-05-07,1990-05-07
230532,Gully,Nitsche,Engineer,1989-05-26,1995-06-15
230537,Divier,Morrey,Engineer,1986-08-13,1990-06-11
230563,KayLiang,Avouris,Engineer,1990-07-22,1995-07-22
230563,KayLiang,Avouris,Senior Engineer,1995-07-22,1996-10-20
230573,Panayotis,Nollmann,Engineer,1998-02-07,9999-01-01
230593,Kagan,Mullainathan,Engineer,1992-05-01,1992-12-10
230619,Alexius,Greibach,Engineer,1991-11-14,1993-08-22
230638,Ayonca,Dehkordi,Senior Engineer,1996-12-19,9999-01-01
230646,Rajmohan,Schoegge,Senior Staff,1994-01-18,9999-01-01
230646,Rajmohan,Schoegge,Staff,1988-01-19,1994-01-18
230648,Sedat,Shackel,Senior Engineer,1994-06-26,1997-08-27
230652,Kwangho,Schaad,Senior Staff,1999-12-24,9999-01-01
230652,Kwangho,Schaad,Staff,1992-12-23,1999-12-24
230664,Piyush,Perl,Engineer,1995-11-01,2001-10-31
230664,Piyush,Perl,Senior Engineer,2001-10-31,9999-01-01
230674,Boriana,Suwa,Engineer,1991-12-03,2000-12-02
230674,Boriana,Suwa,Senior Engineer,2000-12-02,9999-01-01
230680,Radhakrishnan,Redmiles,Senior Staff,1992-06-09,9999-01-01
230680,Radhakrishnan,Redmiles,Staff,1987-06-10,1992-06-09
230697,Mohammed,Radwan,Staff,1995-08-28,9999-01-01
230718,Alenka,Leslie,Engineer,1995-12-07,9999-01-01
230734,Shiv,Malabarba,Senior Engineer,1987-06-11,9999-01-01
230756,Geraldo,Candan,Engineer,1987-05-22,1995-05-22
230756,Geraldo,Candan,Senior Engineer,1995-05-22,9999-01-01
230757,Keiichiro,Samarati,Staff,1991-08-06,1995-06-20
230759,Saeko,Gihr,Senior Staff,1994-11-12,1997-05-21
230759,Saeko,Gihr,Staff,1989-11-12,1994-11-12
230767,Shigeichiro,Munch,Engineer,1994-12-26,2000-12-25
230767,Shigeichiro,Munch,Senior Engineer,2000-12-25,9999-01-01
230772,Phuoc,Hofmeyr,Staff,1998-09-22,9999-01-01
230773,Fumiyo,Demir,Staff,1998-08-17,9999-01-01
230779,Alejandra,Denny,Senior Staff,1996-01-20,9999-01-01
230779,Alejandra,Denny,Staff,1989-01-19,1996-01-20
230797,Gennadi,Schlenzig,Senior Staff,2002-05-05,9999-01-01
230797,Gennadi,Schlenzig,Staff,1995-05-05,2002-05-05
230816,Renny,Hoppenstand,Staff,1990-09-07,1998-12-06
230818,Rosita,Yamaashi,Engineer,1998-01-12,2001-07-06
230823,Kristin,Cooley,Technique Leader,1985-04-27,9999-01-01
230826,Aimee,Hiyoshi,Engineer,1986-06-24,1994-06-24
230826,Aimee,Hiyoshi,Senior Engineer,1994-06-24,9999-01-01
230836,Arunas,Figueira,Engineer,1986-12-07,1989-06-22
230837,Alassane,Shrader,Assistant Engineer,1990-01-11,1996-01-11
230837,Alassane,Shrader,Engineer,1996-01-11,2002-01-10
230837,Alassane,Shrader,Senior Engineer,2002-01-10,9999-01-01
230845,Maja,Rodier,Senior Staff,1987-08-23,2001-05-18
230849,Danny,Shumilov,Assistant Engineer,1997-11-15,9999-01-01
230853,Kokou,Baer,Senior Staff,1998-11-25,9999-01-01
230887,Lena,Madeira,Engineer,1986-10-08,1995-10-08
230887,Lena,Madeira,Senior Engineer,1995-10-08,9999-01-01
230891,Kazuhiro,Camarinopoulos,Senior Staff,1999-04-25,9999-01-01
230917,Mariusz,Covnot,Senior Staff,2000-07-28,9999-01-01
230917,Mariusz,Covnot,Staff,1994-07-29,2000-07-28
230929,Pantung,Paludetto,Engineer,1998-09-04,2000-04-27
230941,Chinho,Feinberg,Senior Staff,2001-03-28,9999-01-01
230941,Chinho,Feinberg,Staff,1996-03-28,2001-03-28
230965,Kinh,Koshiba,Staff,1999-03-31,9999-01-01
230969,Marsja,Esteva,Senior Staff,1999-02-09,9999-01-01
230969,Marsja,Esteva,Staff,1990-02-09,1999-02-09
230978,Siddarth,Wrigley,Engineer,1995-03-30,9999-01-01
230986,Mantis,Angelopoulos,Senior Staff,1993-04-14,1994-11-22
230986,Mantis,Angelopoulos,Staff,1986-04-14,1993-04-14
230988,Vatsa,Harbusch,Senior Staff,1989-03-01,9999-01-01
230991,Gio,Litecky,Engineer,1998-05-30,9999-01-01
230992,Weijing,Gilg,Staff,1996-11-19,9999-01-01
230996,Sedat,Reeken,Staff,1998-10-02,9999-01-01
231017,Toshimi,Duclos,Senior Staff,1994-01-02,9999-01-01
231017,Toshimi,Duclos,Staff,1988-01-03,1994-01-02
231022,Zongyan,Schrooten,Staff,1994-09-30,9999-01-01
231039,Genevieve,Coorg,Staff,1999-05-31,9999-01-01
231064,Remzi,Karunanithi,Engineer,1987-10-09,1994-10-09
231064,Remzi,Karunanithi,Senior Engineer,1994-10-09,9999-01-01
231072,Ioana,Muhling,Engineer,1995-11-25,2001-11-24
231072,Ioana,Muhling,Senior Engineer,2001-11-24,9999-01-01
231082,Shalesh,Serna,Engineer,1988-02-07,1996-02-07
231082,Shalesh,Serna,Senior Engineer,1996-02-07,9999-01-01
231102,Clyde,Roisin,Engineer,1989-05-10,1995-05-10
231102,Clyde,Roisin,Senior Engineer,1995-05-10,9999-01-01
231114,Shaowen,Zeilberger,Staff,1987-05-20,1990-07-14
231121,Mabo,Passafiume,Senior Staff,1993-05-23,9999-01-01
231149,Valery,Leslie,Senior Staff,1993-07-15,9999-01-01
231149,Valery,Leslie,Staff,1988-07-15,1993-07-15
231154,Tooru,Ellozy,Engineer,1991-07-03,1996-07-02
231154,Tooru,Ellozy,Senior Engineer,1996-07-02,9999-01-01
231156,Gift,Klyachko,Senior Engineer,1990-10-12,9999-01-01
231157,Pranjal,Feldhoffer,Staff,1999-08-08,9999-01-01
231161,Tzvetan,Carrere,Engineer,1995-04-18,2000-04-17
231161,Tzvetan,Carrere,Senior Engineer,2000-04-17,9999-01-01
231162,Khaled,Gimarc,Engineer,1987-02-24,1992-02-24
231162,Khaled,Gimarc,Senior Engineer,1992-02-24,1994-02-05
231180,Remmert,Zizka,Senior Staff,1986-10-30,9999-01-01
231182,Jamaludin,Salverda,Engineer,1997-02-04,2000-04-26
231184,Nathan,Demeyer,Staff,1997-09-21,9999-01-01
231203,Akemi,Carrera,Senior Staff,1991-07-25,1992-09-14
231216,Sudhanshu,Buchter,Technique Leader,1996-05-26,9999-01-01
231218,Fumiko,Munawer,Staff,1999-03-24,9999-01-01
231221,Pascal,Soicher,Senior Staff,1992-11-07,9999-01-01
231221,Pascal,Soicher,Staff,1987-11-08,1992-11-07
231230,Pasqua,Rettelbach,Senior Staff,1994-01-22,1994-04-23
231232,Naftaly,Zolotykh,Engineer,1996-07-18,9999-01-01
231235,Vitaly,Muntz,Engineer,1988-05-25,1997-05-25
231235,Vitaly,Muntz,Senior Engineer,1997-05-25,9999-01-01
231246,Shigeu,Yavatkar,Senior Engineer,1990-09-12,2000-12-23
231254,Pradeep,Comyn,Engineer,1992-05-13,1999-05-14
231254,Pradeep,Comyn,Senior Engineer,1999-05-14,9999-01-01
231256,Lidong,Luit,Senior Staff,1992-07-13,9999-01-01
231256,Lidong,Luit,Staff,1987-07-14,1992-07-13
231259,Dmitry,Christ,Staff,1988-09-04,1989-08-14
231267,Kamakshi,Kadhim,Technique Leader,1989-12-25,9999-01-01
231274,Shrikanth,Zaiane,Senior Staff,1993-06-26,9999-01-01
231274,Shrikanth,Zaiane,Staff,1988-06-26,1993-06-26
231293,Jahangir,Terlouw,Staff,1998-09-19,9999-01-01
231304,Roded,Jayawardene,Senior Engineer,1989-02-28,9999-01-01
231327,Zongyan,Detkin,Engineer,1997-04-17,1998-11-05
231343,Dung,Schreiter,Engineer,1987-08-30,1993-08-29
231343,Dung,Schreiter,Senior Engineer,1993-08-29,9999-01-01
231348,Luisa,Belinskaya,Senior Engineer,1994-08-27,9999-01-01
231364,Makato,Baja,Senior Staff,1985-07-16,9999-01-01
231377,Marie,Fargier,Senior Engineer,1996-04-11,9999-01-01
231428,Marko,Dulay,Senior Staff,1986-09-01,1988-10-31
231435,Hideyuki,Plumb,Senior Staff,1991-02-15,9999-01-01
231445,Tomofumi,Bugaenko,Technique Leader,1989-07-19,9999-01-01
231466,Neven,Fandrianto,Technique Leader,1998-06-02,9999-01-01
231492,Mana,Spataro,Engineer,1993-11-01,2000-11-01
231492,Mana,Spataro,Senior Engineer,2000-11-01,9999-01-01
231517,Stepehn,Steinauer,Technique Leader,1986-05-22,1998-07-15
231530,Arch,Lukaszewicz,Senior Staff,1999-06-23,9999-01-01
231530,Arch,Lukaszewicz,Staff,1991-06-23,1999-06-23
231537,Elzbieta,Ozery,Engineer,1988-09-16,1997-09-16
231537,Elzbieta,Ozery,Senior Engineer,1997-09-16,9999-01-01
231540,Bodh,Eugenio,Senior Staff,1996-12-26,9999-01-01
231544,Tomofumi,Ibel,Senior Staff,1995-06-20,9999-01-01
231544,Tomofumi,Ibel,Staff,1986-06-20,1995-06-20
231565,Akeno,Schlumberger,Engineer,1998-09-06,9999-01-01
231574,Siamak,Zambonelli,Engineer,1994-04-29,1999-04-29
231574,Siamak,Zambonelli,Senior Engineer,1999-04-29,9999-01-01
231593,Zhiwei,Otillio,Senior Staff,2002-04-25,9999-01-01
231593,Zhiwei,Otillio,Staff,1997-04-25,2002-04-25
231598,Marek,Gyorkos,Senior Staff,1998-12-02,2000-10-21
231631,Ghassan,Genther,Staff,1997-07-04,9999-01-01
231637,Aluzio,Rubsam,Senior Staff,1997-03-30,9999-01-01
231656,Subbu,Sinicrope,Senior Engineer,1997-01-26,9999-01-01
231679,Fan,Terlouw,Engineer,1994-01-07,1996-11-25
231707,Saeed,Benaini,Senior Staff,1995-12-07,9999-01-01
231707,Saeed,Benaini,Staff,1989-12-07,1995-12-07
231711,Pradeep,Rissland,Staff,1997-11-29,9999-01-01
231718,Richara,Gimbel,Engineer,1986-12-09,1995-12-09
231718,Richara,Gimbel,Senior Engineer,1995-12-09,9999-01-01
231724,Jixiang,Yeung,Technique Leader,1985-03-22,9999-01-01
231733,Aruna,Feldhoffer,Senior Staff,1999-12-23,9999-01-01
231733,Aruna,Feldhoffer,Staff,1993-12-23,1999-12-23
231766,Rimli,Nannarelli,Senior Staff,2002-05-08,9999-01-01
231766,Rimli,Nannarelli,Staff,1994-05-08,2002-05-08
231778,Alair,Rijsenbrij,Engineer,1989-04-16,1997-04-16
231778,Alair,Rijsenbrij,Senior Engineer,1997-04-16,9999-01-01
231791,Amalendu,Winter,Engineer,1987-12-07,1996-12-06
231791,Amalendu,Winter,Senior Engineer,1996-12-06,9999-01-01
231805,Mitsuyuki,Velasco,Engineer,1987-12-10,1996-12-09
231805,Mitsuyuki,Velasco,Senior Engineer,1996-12-09,9999-01-01
231814,Suvo,Ventosa,Senior Engineer,1997-11-08,9999-01-01
231816,Dietrich,Rassart,Engineer,1991-07-01,1998-07-01
231816,Dietrich,Rassart,Senior Engineer,1998-07-01,9999-01-01
231834,Kwangho,Luck,Staff,1998-03-08,9999-01-01
231840,Kristian,Rehfuss,Engineer,1997-04-22,1998-01-04
231841,Etsuo,Speek,Senior Staff,1998-12-16,9999-01-01
231855,Saddek,Cangellaris,Staff,1995-04-09,9999-01-01
231861,Apostol,Raoux,Engineer,1995-05-11,2002-05-11
231861,Apostol,Raoux,Senior Engineer,2002-05-11,9999-01-01
231900,Rosli,Demir,Senior Staff,1998-07-02,2001-07-05
231913,Bernardo,Simmel,Technique Leader,1994-06-06,9999-01-01
231925,Limsoon,Bridgland,Engineer,1994-10-05,1999-10-05
231925,Limsoon,Bridgland,Senior Engineer,1999-10-05,9999-01-01
231926,Fay,Denna,Engineer,1995-05-07,2000-05-06
231926,Fay,Denna,Senior Engineer,2000-05-06,9999-01-01
231931,Giao,Moehrke,Staff,1998-07-07,1999-05-31
231937,Hinrich,Wrigley,Engineer,1991-07-01,1998-07-01
231937,Hinrich,Wrigley,Senior Engineer,1998-07-01,9999-01-01
231948,Zhilian,Driscoll,Senior Staff,1999-04-04,9999-01-01
231948,Zhilian,Driscoll,Staff,1993-04-04,1999-04-04
231961,Ebru,Koshiba,Senior Staff,2002-02-01,9999-01-01
231961,Ebru,Koshiba,Staff,1994-02-01,2002-02-01
231990,Felicidad,Parhami,Engineer,1988-07-21,1992-04-17
232011,Karsten,Simkin,Engineer,1998-05-26,9999-01-01
232059,Kolar,Beerel,Engineer,1985-04-07,1991-04-07
232059,Kolar,Beerel,Senior Engineer,1991-04-07,9999-01-01
232073,Sumali,Copas,Engineer,1986-08-14,1995-08-14
232073,Sumali,Copas,Senior Engineer,1995-08-14,9999-01-01
232104,Kazunori,Lueh,Engineer,1986-04-07,1994-04-07
232104,Kazunori,Lueh,Senior Engineer,1994-04-07,9999-01-01
232108,Yinghua,Luan,Staff,1999-05-09,9999-01-01
232122,Junichi,Bridgland,Senior Staff,1999-02-15,9999-01-01
232122,Junichi,Bridgland,Staff,1992-02-15,1999-02-15
232123,Margareta,Chinal,Engineer,1986-11-08,1994-11-08
232123,Margareta,Chinal,Senior Engineer,1994-11-08,9999-01-01
232136,Van,Birnbaum,Staff,1999-11-11,9999-01-01
232141,Tesuya,Lenart,Senior Staff,1987-02-18,9999-01-01
232145,Kazunori,Remmele,Staff,1999-08-25,9999-01-01
232171,Serge,Templeman,Senior Engineer,1989-09-17,1995-11-10
232172,Fumiko,Jullig,Assistant Engineer,1998-07-28,9999-01-01
232190,Jolita,Bernardinello,Engineer,1989-01-06,1996-01-07
232190,Jolita,Bernardinello,Senior Engineer,1996-01-07,9999-01-01
232195,Uma,Lowrie,Assistant Engineer,1992-10-27,1997-10-27
232195,Uma,Lowrie,Engineer,1997-10-27,9999-01-01
232198,Arch,Greenaway,Senior Staff,1998-03-03,9999-01-01
232198,Arch,Greenaway,Staff,1990-03-03,1998-03-03
232207,Selwyn,Msuda,Senior Staff,2000-10-31,9999-01-01
232207,Selwyn,Msuda,Staff,1991-11-01,2000-10-31
232216,Vitali,Randt,Senior Staff,1993-03-04,9999-01-01
232216,Vitali,Randt,Staff,1988-03-04,1993-03-04
232256,Tetsushi,Thorelli,Senior Staff,1997-12-30,9999-01-01
232256,Tetsushi,Thorelli,Staff,1990-12-30,1997-12-30
232268,Sivanarayana,Hainaut,Senior Engineer,1995-12-06,9999-01-01
232286,Kirk,Armand,Engineer,1995-02-07,1995-05-12
232290,Ulises,Marquardt,Engineer,1995-03-28,9999-01-01
232293,Niclas,Halevi,Senior Staff,1999-06-01,1999-11-23
232293,Niclas,Halevi,Staff,1990-06-01,1999-06-01
232296,Sampalli,Georgatos,Engineer,1991-02-24,1999-02-24
232296,Sampalli,Georgatos,Senior Engineer,1999-02-24,9999-01-01
232299,Yunming,Ambroszkiewicz,Senior Engineer,1996-10-20,9999-01-01
232301,Rosli,Mapelli,Senior Staff,1985-04-12,9999-01-01
232314,Siddarth,Basawa,Engineer,1993-06-15,2002-06-15
232314,Siddarth,Basawa,Senior Engineer,2002-06-15,9999-01-01
232322,Ottavia,Pfau,Senior Staff,1996-07-30,9999-01-01
232322,Ottavia,Pfau,Staff,1988-07-30,1996-07-30
232351,Tetsushi,Uehara,Engineer,1996-08-28,2001-08-28
232351,Tetsushi,Uehara,Senior Engineer,2001-08-28,9999-01-01
232352,Khatoun,Carrere,Engineer,1995-08-21,9999-01-01
232368,Minghong,Zhiwei,Engineer,1995-09-07,9999-01-01
232369,Mrinalini,Lemarechal,Senior Staff,1998-11-22,9999-01-01
232369,Mrinalini,Lemarechal,Staff,1993-11-22,1998-11-22
232374,Lakshmi,Murthy,Engineer,1991-08-13,1996-08-12
232374,Lakshmi,Murthy,Senior Engineer,1996-08-12,9999-01-01
232388,Kazuhira,Swen,Senior Staff,1994-05-03,9999-01-01
232388,Kazuhira,Swen,Staff,1985-05-03,1994-05-03
232399,Wilmer,Plumb,Engineer,1992-08-10,2000-08-10
232399,Wilmer,Plumb,Senior Engineer,2000-08-10,9999-01-01
232401,Chikara,Broder,Technique Leader,1990-06-09,9999-01-01
232402,DAIDA,Krupka,Staff,1998-10-11,9999-01-01
232418,Kenton,Comellas,Engineer,1992-04-04,1998-04-04
232418,Kenton,Comellas,Senior Engineer,1998-04-04,9999-01-01
232425,Jaber,Smailagic,Engineer,1993-12-20,1998-12-20
232425,Jaber,Smailagic,Senior Engineer,1998-12-20,9999-01-01
232479,Gladys,Poupard,Senior Staff,1988-08-06,9999-01-01
232481,Gill,Iacovou,Engineer,1987-02-18,1990-04-22
232488,Fay,Cheshire,Staff,1994-02-11,1994-09-25
232492,Uno,Rotem,Staff,1998-04-20,9999-01-01
232505,Alain,Bazzichi,Engineer,1989-10-03,1992-08-20
232531,Felicidad,Lipner,Engineer,1998-09-18,9999-01-01
232548,Rosita,Bottner,Senior Staff,1999-05-10,2001-08-17
232554,Yinlin,Gist,Assistant Engineer,1985-05-26,1993-05-26
232554,Yinlin,Gist,Engineer,1993-05-26,2001-05-26
232554,Yinlin,Gist,Senior Engineer,2001-05-26,9999-01-01
232568,Gunilla,Bamford,Senior Staff,1994-04-30,9999-01-01
232568,Gunilla,Bamford,Staff,1985-04-30,1994-04-30
232573,Pantung,Furedi,Engineer,1994-09-26,9999-01-01
232581,Gio,Delaune,Engineer,1996-01-22,2002-01-21
232581,Gio,Delaune,Senior Engineer,2002-01-21,9999-01-01
232583,Kasidit,Baek,Senior Engineer,1989-06-29,1998-09-12
232589,Divier,Mundy,Engineer,1989-09-16,1996-09-16
232589,Divier,Mundy,Senior Engineer,1996-09-16,9999-01-01
232591,Dinah,Hempstead,Senior Engineer,1988-05-10,9999-01-01
232605,Stepehn,Karner,Senior Staff,1996-10-19,9999-01-01
232605,Stepehn,Karner,Staff,1989-10-19,1996-10-19
232637,Insup,Gronowski,Assistant Engineer,1985-09-02,1990-09-02
232637,Insup,Gronowski,Engineer,1990-09-02,1995-09-02
232637,Insup,Gronowski,Senior Engineer,1995-09-02,9999-01-01
232649,Anoosh,Bauknecht,Senior Staff,1987-10-30,9999-01-01
232653,Doohun,Flasterstein,Engineer,1999-05-27,9999-01-01
232667,Hiroyasu,Ranze,Senior Staff,1997-02-15,9999-01-01
232685,Ult,Hambrick,Senior Staff,1995-11-20,9999-01-01
232685,Ult,Hambrick,Staff,1990-11-20,1995-11-20
232721,Elrique,Chleq,Senior Staff,1990-04-26,9999-01-01
232728,Paddy,Ecklund,Engineer,1994-04-29,1994-11-17
232734,Toshiki,Chenoweth,Senior Engineer,1990-12-13,1999-01-20
232747,Nathalie,Matheson,Senior Staff,1995-10-19,9999-01-01
232747,Nathalie,Matheson,Staff,1989-10-19,1995-10-19
232760,Miyeon,Stiles,Staff,1990-12-29,1991-08-23
232764,Fumiko,Zucker,Senior Staff,1989-10-08,1992-05-22
232779,Weiyi,Heemskerk,Engineer,1997-10-19,9999-01-01
232804,Srinidhi,Picco,Staff,1998-01-31,9999-01-01
232807,Pranjal,Luca,Senior Staff,1995-09-16,9999-01-01
232807,Pranjal,Luca,Staff,1989-09-16,1995-09-16
232823,Yinlin,Minakawa,Engineer,1996-01-01,2001-12-31
232823,Yinlin,Minakawa,Senior Engineer,2001-12-31,9999-01-01
232825,Paraskevi,Sgarro,Engineer,1993-05-01,2002-05-01
232825,Paraskevi,Sgarro,Senior Engineer,2002-05-01,9999-01-01
232830,Zhenbing,Kampfer,Engineer,1986-03-12,1991-03-12
232830,Zhenbing,Kampfer,Senior Engineer,1991-03-12,9999-01-01
232836,Shigenori,Mamelak,Senior Staff,1996-01-31,9999-01-01
232836,Shigenori,Mamelak,Staff,1988-01-31,1996-01-31
232843,Masanao,Lunn,Senior Staff,1999-05-14,9999-01-01
232843,Masanao,Lunn,Staff,1992-05-13,1999-05-14
232871,Leif,Bauknecht,Senior Staff,1996-01-18,9999-01-01
232898,Vishv,Luan,Senior Staff,1998-05-21,9999-01-01
232900,Shahab,Pero,Staff,1994-04-27,9999-01-01
232920,Mahendra,Coullard,Assistant Engineer,1992-02-11,2000-02-11
232920,Mahendra,Coullard,Engineer,2000-02-11,9999-01-01
232939,Doohun,Angelopoulos,Senior Staff,1999-04-22,9999-01-01
232939,Doohun,Angelopoulos,Staff,1990-04-22,1999-04-22
232942,Jaideep,Comyn,Engineer,1990-07-04,1995-07-04
232942,Jaideep,Comyn,Senior Engineer,1995-07-04,9999-01-01
232961,Basim,Gewali,Engineer,1985-06-17,1992-06-17
232961,Basim,Gewali,Senior Engineer,1992-06-17,9999-01-01
232969,Sudharsan,Adachi,Staff,1997-08-24,9999-01-01
232983,Teiji,Nilsson,Engineer,1991-10-21,2000-10-20
232983,Teiji,Nilsson,Senior Engineer,2000-10-20,2001-02-20
232993,Szabolcs,Wilharm,Senior Engineer,1998-03-19,2000-04-16
233063,Shay,Beutelspacher,Senior Staff,1998-11-30,9999-01-01
233063,Shay,Beutelspacher,Staff,1993-11-30,1998-11-30
233100,Hirochika,Chorvat,Engineer,1985-07-22,1994-07-22
233100,Hirochika,Chorvat,Senior Engineer,1994-07-22,9999-01-01
233123,Marin,Kalloufi,Senior Staff,1997-07-23,9999-01-01
233123,Marin,Kalloufi,Staff,1990-07-23,1997-07-23
233133,Menkae,Chenney,Engineer,1990-09-03,1998-09-03
233133,Menkae,Chenney,Senior Engineer,1998-09-03,9999-01-01
233145,Kolar,Irland,Engineer,1999-07-18,9999-01-01
233148,Changho,Genther,Senior Engineer,1986-05-01,9999-01-01
233170,Tomokazu,Hinsberger,Engineer,1987-04-26,1993-04-25
233170,Tomokazu,Hinsberger,Senior Engineer,1993-04-25,9999-01-01
233199,Xiaobin,Levergood,Engineer,1988-04-18,1996-04-18
233199,Xiaobin,Levergood,Senior Engineer,1996-04-18,9999-01-01
233206,Danny,Anily,Senior Staff,1998-06-01,2000-01-11
233221,Renee,Mukaidono,Senior Staff,1996-02-21,9999-01-01
233221,Renee,Mukaidono,Staff,1991-02-21,1996-02-21
233233,Kasidit,Coorg,Staff,1997-07-15,9999-01-01
233262,Doowon,Duclos,Senior Engineer,1992-02-11,9999-01-01
233276,Navid,Benzmuller,Technique Leader,1996-12-11,9999-01-01
233293,Toong,Chachaty,Engineer,1996-08-08,9999-01-01
233317,Tristan,Gunderson,Engineer,1999-04-26,2000-09-21
233322,Kankanahalli,Vickson,Assistant Engineer,1991-10-27,1999-10-27
233322,Kankanahalli,Vickson,Engineer,1999-10-27,9999-01-01
233329,Mohammed,Mellouli,Technique Leader,1998-03-22,9999-01-01
233333,Reinhold,Deyuan,Engineer,1990-11-07,1998-11-07
233333,Reinhold,Deyuan,Senior Engineer,1998-11-07,9999-01-01
233352,Mokhtar,Butterworth,Engineer,1989-01-19,1998-01-19
233352,Mokhtar,Butterworth,Senior Engineer,1998-01-19,9999-01-01
233357,Carrsten,Schwartzbauer,Engineer,1990-01-07,1999-01-07
233357,Carrsten,Schwartzbauer,Senior Engineer,1999-01-07,9999-01-01
233373,Tremaine,Terekhov,Assistant Engineer,1988-10-05,1993-10-05
233373,Tremaine,Terekhov,Engineer,1993-10-05,1998-03-29
233377,Shirish,Biron,Senior Staff,1994-12-21,1997-05-07
233379,Guozhong,Heinisuo,Engineer,1988-01-04,1997-01-03
233379,Guozhong,Heinisuo,Senior Engineer,1997-01-03,9999-01-01
233384,Ortrun,Kusakabe,Senior Staff,1999-03-13,9999-01-01
233384,Ortrun,Kusakabe,Staff,1993-03-13,1999-03-13
233390,Zhigen,Skafidas,Engineer,1994-04-09,9999-01-01
233411,Gregory,Lakshmanan,Senior Staff,1996-07-22,9999-01-01
233411,Gregory,Lakshmanan,Staff,1989-07-22,1996-07-22
233414,Doowon,Rosaz,Engineer,1989-12-25,1998-12-25
233414,Doowon,Rosaz,Senior Engineer,1998-12-25,9999-01-01
233436,Yongmao,Plessier,Engineer,1988-06-09,1995-06-10
233436,Yongmao,Plessier,Senior Engineer,1995-06-10,9999-01-01
233447,Cristinel,Gammage,Senior Staff,2001-04-15,9999-01-01
233447,Cristinel,Gammage,Staff,1992-04-15,2001-04-15
233452,Aloke,Marwedel,Engineer,1995-02-12,2002-02-12
233452,Aloke,Marwedel,Senior Engineer,2002-02-12,9999-01-01
233467,Macha,Angiulli,Technique Leader,1999-12-22,2001-02-13
233468,Theron,Landherr,Staff,1997-10-21,9999-01-01
233476,Armond,Baja,Engineer,1999-04-01,2000-03-27
233477,Gurbir,Menhoudj,Engineer,1996-03-20,9999-01-01
233499,Aron,Deyuan,Engineer,1990-06-07,1999-06-07
233499,Aron,Deyuan,Senior Engineer,1999-06-07,9999-01-01
233522,Masali,Claffy,Engineer,1987-09-30,1993-09-29
233522,Masali,Claffy,Senior Engineer,1993-09-29,9999-01-01
233525,Fumiko,Welham,Engineer,1998-10-11,2001-02-27
233537,Angus,Shokrollahi,Staff,1999-08-28,9999-01-01
233542,Alain,Wielonsky,Technique Leader,1999-04-27,9999-01-01
233555,Sungwon,Barriga,Engineer,1988-04-01,1993-04-01
233555,Sungwon,Barriga,Senior Engineer,1993-04-01,9999-01-01
233562,Tamiya,DeMori,Senior Staff,2000-10-07,9999-01-01
233562,Tamiya,DeMori,Staff,1994-10-08,2000-10-07
233582,Mariangiola,Bail,Engineer,1990-03-06,1998-03-06
233582,Mariangiola,Bail,Senior Engineer,1998-03-06,9999-01-01
233595,Ziva,Manders,Technique Leader,1987-01-06,9999-01-01
233611,Mayumi,Wendorf,Senior Engineer,1985-07-27,9999-01-01
233615,Mats,Cannata,Senior Staff,1998-09-22,9999-01-01
233615,Mats,Cannata,Staff,1992-09-22,1998-09-22
233623,Marco,Levasseur,Engineer,1985-04-29,1993-04-29
233623,Marco,Levasseur,Senior Engineer,1993-04-29,9999-01-01
233629,Martial,Ulupinar,Engineer,1993-01-11,2002-01-11
233629,Martial,Ulupinar,Senior Engineer,2002-01-11,9999-01-01
233648,Yuichiro,Range,Engineer,1999-01-01,1999-04-10
233660,Valery,Sherertz,Technique Leader,1996-09-18,9999-01-01
233682,Sigeru,McAlpine,Engineer,1991-06-09,1996-12-01
233702,Nahid,Sambasivam,Senior Staff,2000-01-23,2002-02-28
233702,Nahid,Sambasivam,Staff,1995-01-23,2000-01-23
233709,Mario,Papadias,Engineer,1991-02-25,1997-02-24
233709,Mario,Papadias,Senior Engineer,1997-02-24,9999-01-01
233722,Shridhar,Redmiles,Engineer,1985-08-01,1990-08-01
233722,Shridhar,Redmiles,Senior Engineer,1990-08-01,9999-01-01
233724,Marco,Douceur,Senior Staff,1999-02-27,9999-01-01
233724,Marco,Douceur,Staff,1993-02-27,1999-02-27
233748,Alper,Herath,Senior Staff,2002-02-06,9999-01-01
233748,Alper,Herath,Staff,1995-02-06,2002-02-06
233764,Sahrah,Hagimont,Engineer,1997-01-27,9999-01-01
233776,Arif,Hiroyama,Senior Staff,1998-10-24,9999-01-01
233776,Arif,Hiroyama,Staff,1993-10-24,1998-10-24
233799,Yunming,Escriba,Senior Engineer,1996-12-28,9999-01-01
233804,Mabhin,Panwar,Senior Staff,1995-04-15,9999-01-01
233804,Mabhin,Panwar,Staff,1989-04-15,1995-04-15
233815,Akeno,Birnbaum,Senior Staff,1985-04-10,9999-01-01
233830,Gonzalo,Chiodo,Senior Staff,1998-04-26,1999-05-22
233832,Muneo,Cronan,Senior Engineer,1997-04-10,9999-01-01
233840,Demos,Varker,Staff,2000-02-01,2002-07-30
233841,Stevo,Giaccio,Senior Staff,1998-03-23,9999-01-01
233841,Stevo,Giaccio,Staff,1989-03-23,1998-03-23
233890,Van,Kamble,Senior Staff,1994-07-28,9999-01-01
233890,Van,Kamble,Staff,1987-07-28,1994-07-28
233915,Roddy,Harnett,Engineer,1998-07-27,9999-01-01
233967,Mokhtar,Binkley,Engineer,1999-02-23,9999-01-01
233994,Emran,Srimani,Engineer,1996-07-04,9999-01-01
234002,Maik,Basawa,Senior Engineer,1997-06-26,9999-01-01
234017,Kinh,Halevi,Senior Staff,1993-02-26,1995-05-10
234017,Kinh,Halevi,Staff,1988-02-27,1993-02-26
234019,Venkatesan,Beeson,Staff,1999-06-18,9999-01-01
234028,King,Rabehasaina,Senior Engineer,1986-05-29,9999-01-01
234040,Zissis,Aloia,Senior Staff,1995-10-25,9999-01-01
234060,Pasqua,Huhdanpaa,Engineer,1987-10-17,1994-10-17
234060,Pasqua,Huhdanpaa,Senior Engineer,1994-10-17,9999-01-01
234064,Phuoc,Veeraraghavan,Senior Staff,1995-07-26,9999-01-01
234064,Phuoc,Veeraraghavan,Staff,1989-07-26,1995-07-26
234068,Kwun,Bala,Engineer,1992-05-12,2001-05-12
234068,Kwun,Bala,Senior Engineer,2001-05-12,9999-01-01
234110,Ger,Talmor,Senior Engineer,1999-07-21,9999-01-01
234145,Arve,Zockler,Senior Engineer,1989-10-07,9999-01-01
234162,Xuedong,Gewali,Staff,1997-01-25,9999-01-01
234177,Yinlin,Cappello,Senior Staff,1996-11-16,9999-01-01
234177,Yinlin,Cappello,Staff,1987-11-17,1996-11-16
234199,Vidar,Heystek,Senior Staff,1996-07-19,9999-01-01
234199,Vidar,Heystek,Staff,1989-07-19,1996-07-19
234221,Hongzue,Gadepally,Senior Engineer,1997-12-26,9999-01-01
234243,Francoise,Godskesen,Assistant Engineer,1999-12-30,2001-09-14
234264,Yahiko,Narlikar,Engineer,1989-12-16,1995-12-16
234264,Yahiko,Narlikar,Senior Engineer,1995-12-16,9999-01-01
234313,Kagan,Burnard,Engineer,1992-08-29,1997-08-29
234313,Kagan,Burnard,Senior Engineer,1997-08-29,9999-01-01
234327,Nahla,Kaelbling,Engineer,1988-01-12,1997-01-11
234327,Nahla,Kaelbling,Senior Engineer,1997-01-11,9999-01-01
234377,Kazuhisa,Kushner,Senior Staff,1985-12-09,9999-01-01
234387,Moni,Curless,Technique Leader,1989-11-22,9999-01-01
234388,Arvin,Thiria,Engineer,1997-02-24,2002-02-24
234388,Arvin,Thiria,Senior Engineer,2002-02-24,9999-01-01
234398,Gor,Pargas,Engineer,1987-12-04,1994-12-04
234398,Gor,Pargas,Senior Engineer,1994-12-04,9999-01-01
234408,Fumino,Skrikant,Senior Staff,2002-07-13,9999-01-01
234408,Fumino,Skrikant,Staff,1995-07-13,2002-07-13
234419,Marek,Jenevein,Staff,1998-10-08,1999-02-14
234447,Bezalel,Mahmud,Senior Staff,1998-02-24,9999-01-01
234447,Bezalel,Mahmud,Staff,1990-02-24,1998-02-24
234453,Khun,Cappelletti,Engineer,1989-07-02,1997-07-02
234453,Khun,Cappelletti,Senior Engineer,1997-07-02,9999-01-01
234465,Francoise,Baby,Senior Staff,1995-04-05,9999-01-01
234465,Francoise,Baby,Staff,1990-04-05,1995-04-05
234466,Chiranjit,Angot,Staff,1989-02-14,1991-08-21
234473,Ugo,Egerstedt,Engineer,1998-11-16,9999-01-01
234476,Yannis,Baba,Engineer,1987-07-11,1993-07-10
234476,Yannis,Baba,Senior Engineer,1993-07-10,9999-01-01
234482,Syozo,Gargeya,Senior Staff,1997-02-21,2002-06-22
234487,Mori,Bresenham,Engineer,1992-10-29,2000-10-29
234487,Mori,Bresenham,Senior Engineer,2000-10-29,9999-01-01
234493,Zissis,Koyama,Engineer,1995-12-05,9999-01-01
234498,Nikolaos,Heinisuo,Assistant Engineer,1995-08-29,2000-08-28
234498,Nikolaos,Heinisuo,Engineer,2000-08-28,2001-02-13
234507,Yefim,Michaels,Senior Engineer,1997-07-25,1998-10-29
234536,Hideo,Muchinsky,Senior Staff,1997-06-30,9999-01-01
234536,Hideo,Muchinsky,Staff,1991-07-01,1997-06-30
234546,Kazuhiko,Hooghiemstra,Technique Leader,1994-03-08,9999-01-01
234557,Manohar,Makinen,Engineer,1992-12-25,1999-12-26
234557,Manohar,Makinen,Senior Engineer,1999-12-26,9999-01-01
234559,Hideyuki,Ermel,Senior Engineer,1999-07-03,2000-02-24
234567,Irene,Hennebert,Senior Staff,1989-01-03,9999-01-01
234613,Abdelaziz,Lund,Senior Engineer,1988-07-08,9999-01-01
234627,Ennio,Pashtan,Senior Staff,1999-11-03,9999-01-01
234627,Ennio,Pashtan,Staff,1994-11-03,1999-11-03
234637,Zijian,Leonhardt,Engineer,1998-09-19,9999-01-01
234640,Maren,Massonet,Assistant Engineer,1987-02-08,1994-02-08
234640,Maren,Massonet,Engineer,1994-02-08,2001-02-08
234640,Maren,Massonet,Senior Engineer,2001-02-08,9999-01-01
234642,Zorica,Magalhaes,Engineer,1999-07-16,9999-01-01
234652,Venkatesan,Dalphin,Senior Staff,1998-08-31,9999-01-01
234652,Venkatesan,Dalphin,Staff,1991-08-31,1998-08-31
234653,Feixiong,Ladret,Senior Staff,2001-09-04,9999-01-01
234653,Feixiong,Ladret,Staff,1995-09-05,2001-09-04
234687,Ravishankar,Beilner,Senior Staff,1995-09-13,9999-01-01
234687,Ravishankar,Beilner,Staff,1988-09-12,1995-09-13
234701,JiYoung,Nittel,Engineer,1988-05-17,1996-05-17
234701,JiYoung,Nittel,Senior Engineer,1996-05-17,9999-01-01
234707,Uri,Eiron,Engineer,1998-04-26,9999-01-01
234719,Moni,Matheson,Technique Leader,1995-05-04,9999-01-01
234723,Jasminko,Anily,Technique Leader,1996-12-04,9999-01-01
234732,Troy,Chachaty,Senior Staff,1997-04-18,9999-01-01
234732,Troy,Chachaty,Staff,1989-04-18,1997-04-18
234733,Sadegh,Delaune,Engineer,1990-03-11,1992-05-12
234750,Gregory,Stemann,Senior Staff,2000-05-11,9999-01-01
234750,Gregory,Stemann,Staff,1995-05-12,2000-05-11
234767,Van,Sury,Senior Engineer,1997-11-14,9999-01-01
234770,Dulce,Desikan,Staff,1997-02-01,9999-01-01
234775,Alselm,Ghazalie,Senior Staff,1997-02-07,9999-01-01
234775,Alselm,Ghazalie,Staff,1991-02-08,1997-02-07
234781,Aran,Parhami,Senior Staff,2000-08-06,9999-01-01
234781,Aran,Parhami,Staff,1992-08-06,2000-08-06
234820,Mayuri,Stasinski,Senior Staff,1996-11-28,9999-01-01
234820,Mayuri,Stasinski,Staff,1988-11-28,1996-11-28
234824,Masako,Ertl,Staff,1999-05-24,9999-01-01
234867,Snehasis,Bridgland,Engineer,1987-09-22,1996-09-21
234867,Snehasis,Bridgland,Senior Engineer,1996-09-21,9999-01-01
234871,Jiakeng,Debuse,Staff,1999-07-03,9999-01-01
234876,Barna,Merks,Engineer,1991-03-09,2000-03-08
234876,Barna,Merks,Senior Engineer,2000-03-08,9999-01-01
234878,Patricio,Wursthorn,Senior Staff,1999-03-12,2002-02-23
234878,Patricio,Wursthorn,Staff,1991-03-12,1999-03-12
234882,Almudena,Chelton,Senior Engineer,1992-11-08,9999-01-01
234890,Miomir,Businaro,Engineer,1999-12-27,9999-01-01
234897,Sungwon,Nollmann,Technique Leader,1992-06-22,9999-01-01
234904,Otilia,Baumann,Engineer,1998-10-16,9999-01-01
234928,Olivera,Gunderson,Engineer,1990-05-19,1998-05-19
234928,Olivera,Gunderson,Senior Engineer,1998-05-19,9999-01-01
234946,Jaana,Delgrange,Technique Leader,1990-11-14,9999-01-01
234948,Shao,Shackell,Senior Staff,1996-01-05,9999-01-01
234948,Shao,Shackell,Staff,1987-01-05,1996-01-05
234954,Atreyi,Erie,Engineer,1987-10-23,1993-10-15
234955,Lubomir,Perelgut,Assistant Engineer,1992-07-15,1999-07-16
234955,Lubomir,Perelgut,Engineer,1999-07-16,9999-01-01
234967,Mart,Beeson,Engineer,1990-03-18,1998-03-18
234967,Mart,Beeson,Senior Engineer,1998-03-18,9999-01-01
234972,Morrie,Peron,Senior Staff,1994-07-27,9999-01-01
234975,Basim,Bratsberg,Engineer,1993-11-12,1998-11-12
234975,Basim,Bratsberg,Senior Engineer,1998-11-12,9999-01-01
234983,Shigehito,Warwick,Senior Staff,1998-07-13,9999-01-01
234983,Shigehito,Warwick,Staff,1990-07-13,1998-07-13
234985,Mang,Luef,Engineer,1988-05-20,1994-05-20
234985,Mang,Luef,Senior Engineer,1994-05-20,9999-01-01
234992,Zhensheng,Szemeredi,Engineer,1986-06-21,1991-06-21
234992,Zhensheng,Szemeredi,Senior Engineer,1991-06-21,9999-01-01
235008,Mechthild,Swiss,Engineer,1989-02-15,1995-02-15
235008,Mechthild,Swiss,Senior Engineer,1995-02-15,9999-01-01
235055,Jaideep,Welham,Senior Staff,1998-10-17,9999-01-01
235055,Jaideep,Welham,Staff,1991-10-17,1998-10-17
235069,Masasuke,Sambasivam,Technique Leader,1999-11-29,9999-01-01
235071,Kankanahalli,Bolsens,Engineer,1989-10-24,1998-10-24
235071,Kankanahalli,Bolsens,Senior Engineer,1998-10-24,9999-01-01
235076,Chriss,Zaccaria,Senior Staff,1991-10-06,9999-01-01
235076,Chriss,Zaccaria,Staff,1986-10-06,1991-10-06
235079,Eckart,Cyre,Senior Staff,2001-04-16,9999-01-01
235079,Eckart,Cyre,Staff,1996-04-16,2001-04-16
235089,Uinam,Iwayama,Technique Leader,1986-02-06,1991-04-15
235103,Vidya,Poehlman,Staff,1995-04-05,9999-01-01
235113,Zhiwei,Chaudhury,Senior Staff,2002-01-26,9999-01-01
235113,Zhiwei,Chaudhury,Staff,1997-01-26,2002-01-26
235127,Luerbio,Peris,Engineer,1989-10-24,1991-01-17
235135,Dung,Eastman,Engineer,1990-02-16,1996-02-16
235135,Dung,Eastman,Senior Engineer,1996-02-16,9999-01-01
235153,Henk,Bakhtari,Senior Staff,1997-12-04,9999-01-01
235153,Henk,Bakhtari,Staff,1989-12-04,1997-12-04
235160,Yifei,Fendler,Senior Staff,1997-02-06,9999-01-01
235160,Yifei,Fendler,Staff,1992-02-07,1997-02-06
235162,Piyawadee,Openshaw,Senior Staff,1992-08-16,9999-01-01
235162,Piyawadee,Openshaw,Staff,1985-08-16,1992-08-16
235187,Xiong,Mukaidono,Senior Staff,1991-07-18,9999-01-01
235204,Stamatina,Masada,Senior Staff,2002-05-28,9999-01-01
235204,Stamatina,Masada,Staff,1997-05-28,2002-05-28
235214,Mary,Axelband,Staff,1998-06-07,1999-08-29
235218,Fay,Demian,Technique Leader,1989-08-26,9999-01-01
235220,Dung,Barbanera,Senior Staff,1993-12-24,2001-06-11
235220,Dung,Barbanera,Staff,1986-12-24,1993-12-24
235228,Sreekrishna,Luan,Engineer,1995-07-07,2001-07-06
235228,Sreekrishna,Luan,Senior Engineer,2001-07-06,9999-01-01
235234,Gao,Sridhar,Engineer,1997-10-11,9999-01-01
235244,Barton,Debuse,Engineer,1993-11-15,1999-11-15
235244,Barton,Debuse,Senior Engineer,1999-11-15,9999-01-01
235251,Halsur,Rosis,Senior Staff,1999-10-16,9999-01-01
235294,Neven,Delgrossi,Staff,1999-08-28,9999-01-01
235321,Vitaly,Baaz,Engineer,1988-03-22,1995-03-23
235321,Vitaly,Baaz,Senior Engineer,1995-03-23,9999-01-01
235324,DAIDA,Lorie,Engineer,1997-07-22,1999-11-14
235363,Thodoros,Levasseur,Senior Staff,2001-12-21,9999-01-01
235363,Thodoros,Levasseur,Staff,1992-12-21,2001-12-21
235392,Fun,Broder,Staff,1998-01-18,9999-01-01
235397,Unal,Meszaros,Senior Staff,1992-05-16,9999-01-01
235397,Unal,Meszaros,Staff,1987-05-17,1992-05-16
235417,Woody,Benner,Engineer,1985-02-19,1989-06-23
235480,Neven,Dratva,Engineer,1998-01-20,9999-01-01
235487,Abdelkader,Versino,Engineer,1990-05-22,1997-05-22
235487,Abdelkader,Versino,Senior Engineer,1997-05-22,9999-01-01
235495,Remko,Mersereau,Engineer,1990-01-30,1995-01-30
235495,Remko,Mersereau,Senior Engineer,1995-01-30,9999-01-01
235501,Shrikanth,Benveniste,Senior Staff,1996-01-29,9999-01-01
235501,Shrikanth,Benveniste,Staff,1990-01-29,1996-01-29
235574,Kerryn,Gulak,Assistant Engineer,1994-12-21,1999-12-21
235574,Kerryn,Gulak,Engineer,1999-12-21,9999-01-01
235575,Sailaja,Pokrovskii,Senior Staff,1996-01-28,9999-01-01
235575,Sailaja,Pokrovskii,Staff,1988-01-28,1996-01-28
235591,Wonhee,Rotem,Engineer,1985-12-11,1991-12-11
235591,Wonhee,Rotem,Senior Engineer,1991-12-11,9999-01-01
235639,Renny,Birsak,Senior Staff,2001-01-29,9999-01-01
235639,Renny,Birsak,Staff,1995-01-30,2001-01-29
235667,Tadahiro,Daescu,Assistant Engineer,1989-06-25,1997-06-25
235667,Tadahiro,Daescu,Engineer,1997-06-25,9999-01-01
235674,Kiyotoshi,Litzkow,Senior Staff,1993-01-20,9999-01-01
235680,Sudharsan,Otillio,Engineer,1989-08-20,1994-08-20
235680,Sudharsan,Otillio,Senior Engineer,1994-08-20,9999-01-01
235683,Moni,Highland,Senior Staff,1988-12-15,1994-10-07
235727,Hiroyasu,Wallrath,Staff,1998-05-23,9999-01-01
235728,Akeno,Eiter,Senior Staff,1987-01-04,9999-01-01
235734,Apostol,Gill,Staff,1989-12-19,1996-07-04
235764,Janche,Back,Senior Staff,1998-06-01,9999-01-01
235764,Janche,Back,Staff,1991-06-01,1998-06-01
235769,Jovan,Jansch,Senior Staff,1997-04-13,9999-01-01
235769,Jovan,Jansch,Staff,1990-04-13,1997-04-13
235782,Shounak,Koshino,Engineer,1991-01-16,2000-01-16
235782,Shounak,Koshino,Senior Engineer,2000-01-16,9999-01-01
235785,Manton,Harnett,Staff,1997-05-08,1999-04-30
235801,Gilbert,Erie,Senior Engineer,1998-05-14,9999-01-01
235815,Mingdong,Erbe,Senior Staff,1994-08-05,9999-01-01
235815,Mingdong,Erbe,Staff,1987-08-05,1994-08-05
235832,Arra,Puppe,Technique Leader,1992-05-19,9999-01-01
235836,Ronnie,Kolvik,Engineer,1989-11-03,1991-12-11
235856,Krisda,Krybus,Staff,1986-09-02,1991-06-25
235857,Mariangiola,Blokdijk,Senior Engineer,1996-12-13,9999-01-01
235863,Berthier,Khalil,Engineer,1999-03-20,9999-01-01
235865,Domenico,Carrere,Technique Leader,1986-02-09,9999-01-01
235875,Valter,Asrin,Senior Staff,1998-11-07,9999-01-01
235875,Valter,Asrin,Staff,1989-11-07,1998-11-07
235882,Christoph,Crabtree,Senior Staff,1994-04-04,9999-01-01
235882,Christoph,Crabtree,Staff,1985-04-04,1994-04-04
235887,Lech,Servieres,Staff,1998-10-21,9999-01-01
235914,Suvo,Ossenbruggen,Staff,1996-02-29,9999-01-01
235916,Remco,Krogh,Engineer,1988-08-30,1995-08-31
235916,Remco,Krogh,Senior Engineer,1995-08-31,9999-01-01
235919,Shao,Shanbhogue,Technique Leader,1987-01-19,9999-01-01
235927,Chuanyi,Schwartzbauer,Engineer,2000-01-06,9999-01-01
235928,Yunming,Jansch,Engineer,1986-01-25,1988-06-20
235938,Luigi,Feldmann,Engineer,1999-09-22,9999-01-01
235954,Yucel,Prampolini,Senior Staff,1997-01-21,9999-01-01
235954,Yucel,Prampolini,Staff,1991-01-22,1997-01-21
235956,Uzi,Szilard,Engineer,1999-09-02,2002-01-12
235960,Weiru,Gulla,Engineer,1996-04-09,2001-04-09
235960,Weiru,Gulla,Senior Engineer,2001-04-09,9999-01-01
235962,Moti,Fiutem,Engineer,1995-10-03,9999-01-01
235970,Paris,Anger,Staff,1999-06-06,9999-01-01
235971,Achilleas,Jakobus,Senior Staff,1988-02-04,9999-01-01
235998,Claude,Taubman,Technique Leader,1986-11-20,9999-01-01
236011,Shaowen,Sidhu,Senior Staff,1998-10-30,2000-09-19
236029,Teunis,Angelov,Senior Staff,1995-11-30,9999-01-01
236081,Masaki,Yurov,Senior Staff,1998-01-14,9999-01-01
236081,Masaki,Yurov,Staff,1990-01-14,1998-01-14
236084,Geoffry,Zongker,Assistant Engineer,1989-05-24,1994-05-24
236084,Geoffry,Zongker,Engineer,1994-05-24,1999-05-24
236084,Geoffry,Zongker,Senior Engineer,1999-05-24,9999-01-01
236112,Aleksandar,Zedlitz,Engineer,1991-03-02,2000-03-01
236112,Aleksandar,Zedlitz,Senior Engineer,2000-03-01,9999-01-01
236116,Vasilis,Borovoy,Senior Staff,1985-11-02,9999-01-01
236129,Krassimir,Eickenmeyer,Senior Staff,1987-04-21,9999-01-01
236164,Hausi,Kambil,Technique Leader,1988-05-06,9999-01-01
236169,Stein,Litecky,Assistant Engineer,1993-05-17,2002-05-17
236169,Stein,Litecky,Engineer,2002-05-17,9999-01-01
236171,Branimir,Gammage,Senior Engineer,1988-07-09,9999-01-01
236222,Junsik,Straney,Staff,1999-08-17,9999-01-01
236229,Vidya,Constantine,Engineer,1990-10-06,1992-03-21
236239,Feiyu,Potthoff,Staff,1987-01-13,1991-07-30
236260,Eishiro,Staylopatis,Senior Staff,2001-06-19,9999-01-01
236260,Eishiro,Staylopatis,Staff,1993-06-19,2001-06-19
236261,Pranay,Lorie,Senior Engineer,1992-08-03,9999-01-01
236270,Zhonghua,Gill,Staff,1998-12-01,2000-07-30
236274,Shahid,Sambasivam,Senior Staff,2002-02-25,9999-01-01
236274,Shahid,Sambasivam,Staff,1997-02-25,2002-02-25
236276,Zhilian,Sidou,Senior Engineer,1986-10-19,1999-01-25
236280,Shahid,Yeung,Staff,1993-01-04,2000-11-22
236289,Fumino,Armand,Staff,1995-06-26,1998-07-17
236313,Mansur,McClurg,Engineer,1988-04-17,1994-04-17
236313,Mansur,McClurg,Senior Engineer,1994-04-17,9999-01-01
236326,Shirish,Claffy,Assistant Engineer,1997-06-16,9999-01-01
236337,Ibibia,Litzler,Senior Staff,1987-07-06,9999-01-01
236340,Lijia,Grospietsch,Engineer,1996-04-10,2001-04-10
236340,Lijia,Grospietsch,Senior Engineer,2001-04-10,9999-01-01
236346,Yongdong,Sudkamp,Senior Staff,1991-03-24,9999-01-01
236346,Yongdong,Sudkamp,Staff,1985-03-24,1991-03-24
236360,Hugh,Hitomi,Staff,1996-11-21,9999-01-01
236372,Arlette,Lund,Engineer,1990-05-06,1996-05-05
236372,Arlette,Lund,Senior Engineer,1996-05-05,9999-01-01
236411,Nirmal,Benner,Senior Staff,1993-06-22,9999-01-01
236418,Masamitsu,Ishibashi,Senior Staff,1993-07-24,9999-01-01
236418,Masamitsu,Ishibashi,Staff,1987-07-25,1993-07-24
236422,Piyawadee,Schaap,Engineer,1988-09-27,1996-09-27
236422,Piyawadee,Schaap,Senior Engineer,1996-09-27,9999-01-01
236424,Jaana,Lanphier,Engineer,1989-08-29,1996-08-29
236424,Jaana,Lanphier,Senior Engineer,1996-08-29,9999-01-01
236427,Jaroslava,Seuren,Engineer,1993-10-26,1998-10-25
236427,Jaroslava,Seuren,Senior Engineer,1998-10-25,9999-01-01
236431,Oscar,Socorro,Engineer,1997-10-11,9999-01-01
236436,Duangkaew,Perz,Engineer,1994-10-15,9999-01-01
236455,Chriss,Teitelbaum,Senior Staff,1994-12-12,9999-01-01
236455,Chriss,Teitelbaum,Staff,1987-12-12,1994-12-12
236468,Pranav,Docker,Senior Staff,1998-10-10,9999-01-01
236468,Pranav,Docker,Staff,1990-10-10,1998-10-10
236489,Poorav,Tzvieli,Technique Leader,1993-06-21,9999-01-01
236498,Tianruo,Rabejac,Senior Engineer,1993-01-23,9999-01-01
236504,Masamitsu,Babb,Staff,1999-06-21,9999-01-01
236506,Weiyi,Kropp,Engineer,1989-01-03,1998-01-03
236506,Weiyi,Kropp,Senior Engineer,1998-01-03,9999-01-01
236507,Oguz,Szmurlo,Senior Staff,1990-04-12,9999-01-01
236518,Haldon,Waterhouse,Senior Staff,1995-02-16,9999-01-01
236518,Haldon,Waterhouse,Staff,1987-02-16,1995-02-16
236526,Gino,Kushnir,Senior Staff,1997-11-23,9999-01-01
236553,Kazuhiko,Benantar,Senior Engineer,1989-05-03,2001-06-04
236568,Elvia,Ratnakar,Staff,1990-12-18,1996-04-28
236584,Hyuncheol,Lorch,Senior Staff,1994-10-23,9999-01-01
236584,Hyuncheol,Lorch,Staff,1986-10-23,1994-10-23
236585,Jaques,Kornatzky,Technique Leader,1985-05-12,9999-01-01
236586,Anyuan,Haldar,Senior Staff,1989-04-25,1994-12-13
236589,Kasidit,Famili,Engineer,1988-05-10,1993-05-10
236589,Kasidit,Famili,Senior Engineer,1993-05-10,9999-01-01
236595,Gou,Haddadi,Senior Engineer,1998-02-12,9999-01-01
236606,Takahira,Portugali,Engineer,1992-05-10,1999-05-11
236606,Takahira,Portugali,Senior Engineer,1999-05-11,9999-01-01
236618,Zorica,Denis,Senior Engineer,1998-06-06,9999-01-01
236631,Domenico,Angot,Engineer,1994-05-26,2000-05-25
236631,Domenico,Angot,Senior Engineer,2000-05-25,9999-01-01
236633,Shichao,Heuser,Senior Engineer,1987-05-09,9999-01-01
236638,Remmert,Bolotov,Engineer,1987-02-10,1994-02-10
236638,Remmert,Bolotov,Senior Engineer,1994-02-10,9999-01-01
236645,Boaz,Feinberg,Senior Engineer,1994-10-19,9999-01-01
236646,Miomir,Magalhaes,Staff,1999-04-20,2001-12-26
236657,Dung,Kulisch,Senior Staff,1992-03-01,9999-01-01
236657,Dung,Kulisch,Staff,1987-03-02,1992-03-01
236666,Chiranjit,Cunliffe,Senior Staff,1991-07-10,9999-01-01
236666,Chiranjit,Cunliffe,Staff,1986-07-10,1991-07-10
236683,Heon,Thebaut,Staff,1997-02-14,9999-01-01
236704,Kousuke,Brandsma,Engineer,1999-07-05,9999-01-01
236714,Stein,Axelband,Senior Staff,1999-04-13,9999-01-01
236714,Stein,Axelband,Staff,1992-04-12,1999-04-13
236716,Morrie,Gils,Senior Staff,1995-12-18,9999-01-01
236716,Morrie,Gils,Staff,1990-12-18,1995-12-18
236725,Marsja,Gien,Engineer,1987-05-11,1996-05-10
236725,Marsja,Gien,Senior Engineer,1996-05-10,9999-01-01
236736,Mang,Pehl,Senior Engineer,1996-08-20,9999-01-01
236741,Gadiel,Toyoshima,Staff,1988-11-18,1991-08-30
236742,Hatim,Streit,Senior Engineer,1986-08-06,9999-01-01
236759,Mana,Bazelow,Technique Leader,1985-04-15,9999-01-01
236766,Susanta,Schnelling,Senior Staff,2001-02-03,9999-01-01
236766,Susanta,Schnelling,Staff,1994-02-03,2001-02-03
236793,Panayotis,Jullig,Senior Staff,1991-09-01,9999-01-01
236793,Panayotis,Jullig,Staff,1985-09-01,1991-09-01
236820,Yinghua,Gimarc,Engineer,1999-10-27,9999-01-01
236828,Neven,Staylopatis,Engineer,1986-09-02,1992-09-01
236828,Neven,Staylopatis,Senior Engineer,1992-09-01,9999-01-01
236832,Francoise,Fendler,Engineer,1997-02-27,2002-02-27
236832,Francoise,Fendler,Senior Engineer,2002-02-27,9999-01-01
236855,Marsja,Rissanen,Senior Engineer,1986-01-09,1991-09-20
236861,Shichao,Lunn,Senior Staff,1996-11-15,9999-01-01
236861,Shichao,Lunn,Staff,1989-11-15,1996-11-15
236871,Luerbio,Gill,Staff,1997-04-29,9999-01-01
236886,Noritoshi,Hartvigsen,Assistant Engineer,1994-12-23,2000-12-22
236886,Noritoshi,Hartvigsen,Engineer,2000-12-22,9999-01-01
236896,IEEE,Hanratty,Engineer,1991-09-06,1998-09-06
236896,IEEE,Hanratty,Senior Engineer,1998-09-06,9999-01-01
236907,Adil,Scharstein,Technique Leader,1997-08-12,9999-01-01
236912,Becky,Jervis,Engineer,1986-09-08,1994-09-08
236912,Becky,Jervis,Senior Engineer,1994-09-08,9999-01-01
236913,Yuichiro,Malabarba,Engineer,1994-03-19,2000-03-18
236913,Yuichiro,Malabarba,Senior Engineer,2000-03-18,9999-01-01
236916,Ohad,Panangaden,Senior Staff,1998-09-14,2001-01-04
236916,Ohad,Panangaden,Staff,1992-09-14,1998-09-14
236923,Shigehiro,Plotkin,Senior Staff,2000-03-06,9999-01-01
236923,Shigehiro,Plotkin,Staff,1991-03-07,2000-03-06
236934,Satyanarayana,Guting,Engineer,1992-07-10,2000-07-10
236934,Satyanarayana,Guting,Senior Engineer,2000-07-10,9999-01-01
236940,Collette,Qiwen,Engineer,1994-09-07,2001-09-07
236940,Collette,Qiwen,Senior Engineer,2001-09-07,9999-01-01
236942,Nidapan,Bashian,Staff,1999-06-01,2000-05-26
236947,Khue,Rosis,Engineer,1991-10-26,1998-10-25
236947,Khue,Rosis,Senior Engineer,1998-10-25,9999-01-01
236959,Isaac,Fairtlough,Engineer,1995-01-24,9999-01-01
236968,Marco,Skrikant,Staff,1994-11-28,9999-01-01
236969,Jinya,Rosin,Engineer,1997-11-16,2001-04-23
236980,Xiaoqiang,Rosin,Assistant Engineer,1990-10-12,1999-10-12
236980,Xiaoqiang,Rosin,Engineer,1999-10-12,9999-01-01
237005,Hyuckchul,Leivant,Engineer,1989-07-05,1997-07-05
237005,Hyuckchul,Leivant,Senior Engineer,1997-07-05,9999-01-01
237043,Zhanqiu,Kilgour,Senior Staff,1994-11-03,9999-01-01
237045,Beshir,Kaiser,Staff,1995-12-27,2000-01-08
237083,Gad,Ferriere,Senior Engineer,1994-01-17,9999-01-01
237084,Marie,Luff,Staff,1996-09-06,9999-01-01
237112,Otilia,Gente,Technique Leader,1985-06-14,9999-01-01
237118,Pramod,Baba,Senior Staff,1993-03-10,1994-01-09
237118,Pramod,Baba,Staff,1986-03-10,1993-03-10
237121,Constantijn,Facello,Senior Staff,1997-07-04,9999-01-01
237121,Constantijn,Facello,Staff,1989-07-04,1997-07-04
237133,Karlis,Kulisch,Senior Staff,1992-06-18,9999-01-01
237133,Karlis,Kulisch,Staff,1986-06-19,1992-06-18
237162,Howell,Smailagic,Staff,1997-08-01,9999-01-01
237194,Branimir,Beeson,Senior Engineer,1993-12-24,9999-01-01
237207,Jeanna,Pell,Engineer,1993-08-01,2002-08-01
237207,Jeanna,Pell,Senior Engineer,2002-08-01,9999-01-01
237212,Kazuhisa,Kornyak,Engineer,1986-05-12,1991-05-12
237212,Kazuhisa,Kornyak,Senior Engineer,1991-05-12,9999-01-01
237213,Qunsheng,Eiron,Engineer,1991-10-31,2000-10-30
237213,Qunsheng,Eiron,Senior Engineer,2000-10-30,9999-01-01
237225,Hinrich,Ossenbruggen,Senior Engineer,1998-10-16,9999-01-01
237231,Thanasis,Kolinko,Engineer,1986-11-25,1991-11-25
237231,Thanasis,Kolinko,Senior Engineer,1991-11-25,9999-01-01
237233,Kellie,Langford,Assistant Engineer,1997-03-08,9999-01-01
237236,Shih,Skrikant,Senior Engineer,1990-04-09,9999-01-01
237237,Hausi,Siksek,Engineer,1998-11-01,1999-02-02
237241,Guiseppe,Shigei,Engineer,1997-03-14,2002-03-14
237241,Guiseppe,Shigei,Senior Engineer,2002-03-14,9999-01-01
237242,Yishai,Kobuchi,Senior Staff,1991-04-11,9999-01-01
237242,Yishai,Kobuchi,Staff,1986-04-11,1991-04-11
237246,Indrajit,Peron,Engineer,1985-10-06,1991-10-06
237246,Indrajit,Peron,Senior Engineer,1991-10-06,9999-01-01
237247,Sudharsan,Theuretzbacher,Engineer,1999-01-31,9999-01-01
237261,Aamod,Smailagic,Staff,1991-08-05,1998-05-19
237273,Rimli,Hennebert,Engineer,1990-06-09,1999-06-09
237273,Rimli,Hennebert,Senior Engineer,1999-06-09,9999-01-01
237279,Debatosh,Bergere,Senior Staff,1991-09-24,9999-01-01
237286,Fumitaka,Massonet,Staff,1999-11-06,9999-01-01
237297,Kokou,Docker,Senior Staff,2001-12-09,9999-01-01
237297,Kokou,Docker,Staff,1994-12-09,2001-12-09
237314,Heon,Sherertz,Engineer,1988-11-10,1992-11-26
237320,Arve,Suomi,Staff,1996-05-13,9999-01-01
237322,Genevieve,Lorys,Engineer,1991-02-13,1999-02-13
237322,Genevieve,Lorys,Senior Engineer,1999-02-13,2002-05-16
237326,Dinkar,Pulkowski,Senior Engineer,1996-02-07,2001-11-14
237327,Mart,Garigliano,Senior Staff,1994-10-19,9999-01-01
237341,Mantis,Avouris,Engineer,1989-03-06,1994-03-06
237341,Mantis,Avouris,Senior Engineer,1994-03-06,2000-10-17
237359,Brewster,Brickell,Senior Staff,1985-09-09,9999-01-01
237360,Jianhui,Denti,Staff,1998-06-27,9999-01-01
237404,Hidefumi,Androutsos,Engineer,1986-07-31,1993-07-31
237404,Hidefumi,Androutsos,Senior Engineer,1993-07-31,9999-01-01
237424,Khaled,Honglei,Senior Staff,1991-06-07,9999-01-01
237424,Khaled,Honglei,Staff,1986-06-07,1991-06-07
237451,IEEE,Muhling,Senior Staff,2001-10-19,9999-01-01
237451,IEEE,Muhling,Staff,1993-10-19,2001-10-19
237452,Geoffry,Samarati,Engineer,1989-12-02,1990-05-31
237459,Billur,Kropf,Senior Engineer,1992-08-04,9999-01-01
237469,Youpyo,Shihab,Senior Staff,1991-01-21,9999-01-01
237482,Geoff,Billawala,Engineer,1986-05-08,1995-05-08
237482,Geoff,Billawala,Senior Engineer,1995-05-08,9999-01-01
237505,Moto,Koblitz,Assistant Engineer,1997-10-24,9999-01-01
237518,Charlene,Furedi,Engineer,1997-08-26,9999-01-01
237520,Lene,Boyle,Staff,1997-07-05,1999-03-15
237545,Samphel,Sgarro,Senior Engineer,1992-03-08,9999-01-01
237554,Muzhong,Benner,Staff,1987-03-25,1992-05-25
237578,Parviz,Sudkamp,Senior Staff,1985-08-10,9999-01-01
237582,Sigeru,Poulakidas,Staff,1999-01-12,9999-01-01
237583,Yurij,Leonhardt,Technique Leader,1992-06-04,9999-01-01
237584,Premal,Hoppenstand,Senior Staff,2000-01-17,9999-01-01
237586,Luigi,Zaccaria,Engineer,1996-07-28,1999-09-22
237606,Trygve,Mellouli,Engineer,1986-02-17,1991-02-17
237606,Trygve,Mellouli,Senior Engineer,1991-02-17,9999-01-01
237621,Masamitsu,Kermarrec,Senior Engineer,1995-01-11,9999-01-01
237622,Kwun,Rande,Engineer,1990-07-16,1995-07-16
237622,Kwun,Rande,Senior Engineer,1995-07-16,9999-01-01
237639,Menkae,Brlek,Staff,1999-04-14,9999-01-01
237644,Janalee,Sambasivam,Engineer,1994-09-30,2000-09-29
237644,Janalee,Sambasivam,Senior Engineer,2000-09-29,9999-01-01
237649,Mingdong,Perng,Engineer,1998-12-24,9999-01-01
237656,Junsik,Suwa,Senior Staff,1990-02-18,9999-01-01
237656,Junsik,Suwa,Staff,1985-02-18,1990-02-18
237660,Sanjit,Guerreiro,Engineer,1990-02-21,1997-02-21
237660,Sanjit,Guerreiro,Senior Engineer,1997-02-21,9999-01-01
237670,Yannis,Zallocco,Senior Staff,1995-11-20,9999-01-01
237683,Toshiko,Birke,Engineer,1995-08-12,2000-08-11
237683,Toshiko,Birke,Senior Engineer,2000-08-11,9999-01-01
237713,Uma,Bellone,Senior Staff,1994-06-11,9999-01-01
237713,Uma,Bellone,Staff,1986-06-11,1994-06-11
237718,Jaana,Lally,Senior Staff,2002-01-13,9999-01-01
237718,Jaana,Lally,Staff,1996-01-14,2002-01-13
237732,Candido,Thorensen,Engineer,1986-02-03,1994-02-03
237732,Candido,Thorensen,Senior Engineer,1994-02-03,9999-01-01
237735,Kristof,Raney,Senior Staff,1999-08-27,9999-01-01
237735,Kristof,Raney,Staff,1993-08-27,1999-08-27
237742,Shim,Pouyioutas,Engineer,1988-12-09,1996-12-09
237742,Shim,Pouyioutas,Senior Engineer,1996-12-09,9999-01-01
237761,Denny,Zizka,Engineer,1989-03-14,1998-03-14
237761,Denny,Zizka,Senior Engineer,1998-03-14,9999-01-01
237796,Kwok,Karcich,Staff,1995-01-17,9999-01-01
237804,Jongsuk,Hooghiemstra,Staff,1999-12-01,9999-01-01
237814,Rance,Gammage,Senior Staff,1993-02-14,9999-01-01
237814,Rance,Gammage,Staff,1985-02-14,1993-02-14
237821,Peer,Niizuma,Engineer,1995-05-31,9999-01-01
237822,Paraskevi,Merks,Staff,1996-11-15,9999-01-01
237841,Unal,Varker,Senior Staff,1997-10-31,9999-01-01
237841,Unal,Varker,Staff,1992-10-31,1997-10-31
237852,Juyoung,Talmor,Senior Engineer,1989-10-27,9999-01-01
237857,Larisa,Merkl,Senior Staff,1991-07-18,9999-01-01
237875,Muneo,Nicolson,Staff,1999-04-03,9999-01-01
237885,Willard,Oppitz,Senior Staff,1996-09-23,9999-01-01
237885,Willard,Oppitz,Staff,1988-09-23,1996-09-23
237905,Berhard,Farrel,Engineer,1995-11-04,9999-01-01
237939,Sachar,Basagni,Engineer,1996-10-24,2001-10-24
237939,Sachar,Basagni,Senior Engineer,2001-10-24,9999-01-01
237942,Moie,Siprelle,Senior Staff,1999-12-23,9999-01-01
237942,Moie,Siprelle,Staff,1990-12-23,1999-12-23
237948,Dipankar,Castellani,Staff,1994-11-02,9999-01-01
237950,Golgen,Spinelli,Senior Staff,1999-05-19,9999-01-01
237950,Golgen,Spinelli,Staff,1994-05-19,1999-05-19
237956,Menkae,Czap,Senior Staff,1999-08-18,9999-01-01
237956,Menkae,Czap,Staff,1990-08-18,1999-08-18
237957,Manton,Bahk,Staff,1995-06-10,1996-07-31
237964,Debatosh,Leonhardt,Senior Staff,1985-04-14,2002-05-29
237976,Mohit,Coullard,Engineer,1987-01-27,1992-01-27
237976,Mohit,Coullard,Senior Engineer,1992-01-27,9999-01-01
237981,Xianlong,Staylopatis,Engineer,1999-08-03,9999-01-01
237985,Yucel,Merlo,Senior Staff,2000-01-15,9999-01-01
237992,Horward,Chinin,Staff,1988-04-10,1995-02-15
237999,Sanjai,Gill,Engineer,1997-03-25,1997-10-30
238007,Hongzue,Busillo,Engineer,1986-04-27,1994-04-27
238007,Hongzue,Busillo,Senior Engineer,1994-04-27,9999-01-01
238017,Mingzeng,Woycyznski,Engineer,1988-04-23,1993-04-23
238017,Mingzeng,Woycyznski,Senior Engineer,1993-04-23,9999-01-01
238028,Chiranjit,Farrow,Senior Staff,1998-04-08,9999-01-01
238028,Chiranjit,Farrow,Staff,1991-04-08,1998-04-08
238037,Moriyoshi,Wendorf,Engineer,1998-11-21,9999-01-01
238050,Adit,Schiettecatte,Engineer,1987-08-13,1992-08-12
238050,Adit,Schiettecatte,Senior Engineer,1992-08-12,9999-01-01
238055,Iara,Eugenio,Senior Staff,1995-11-17,9999-01-01
238055,Iara,Eugenio,Staff,1986-11-17,1995-11-17
238070,Diederik,Guenter,Engineer,1986-07-05,1991-07-05
238070,Diederik,Guenter,Senior Engineer,1991-07-05,9999-01-01
238071,Taegyun,Francisci,Engineer,1990-04-11,1999-04-11
238071,Taegyun,Francisci,Senior Engineer,1999-04-11,9999-01-01
238074,Taisook,Feldhoffer,Senior Staff,1992-05-03,9999-01-01
238076,Saniya,Marciano,Senior Engineer,1989-08-14,9999-01-01
238081,Gretta,Denis,Engineer,1999-07-07,9999-01-01
238087,Sven,Baig,Staff,1999-07-05,2000-08-21
238088,Prodip,Demke,Technique Leader,1998-09-26,9999-01-01
238097,Chinhyun,Werthner,Senior Staff,1986-07-30,9999-01-01
238107,Hitomi,Sidje,Senior Engineer,1990-05-09,9999-01-01
238110,Bilhanan,Asmuth,Engineer,1985-08-12,1992-08-12
238110,Bilhanan,Asmuth,Senior Engineer,1992-08-12,9999-01-01
238111,Susanna,Middleton,Engineer,1985-11-09,1991-11-09
238111,Susanna,Middleton,Senior Engineer,1991-11-09,9999-01-01
238127,Ramachenga,Krohn,Engineer,1994-12-17,1999-12-17
238127,Ramachenga,Krohn,Senior Engineer,1999-12-17,9999-01-01
238128,Djenana,Wegerle,Senior Staff,1992-10-21,9999-01-01
238128,Djenana,Wegerle,Staff,1987-10-22,1992-10-21
238129,Hatem,Ranft,Senior Engineer,1985-06-30,9999-01-01
238147,Morrie,Brender,Engineer,1985-03-12,1991-03-12
238147,Morrie,Brender,Senior Engineer,1991-03-12,9999-01-01
238156,Oldrich,Schlumberger,Engineer,1990-02-09,1996-02-09
238156,Oldrich,Schlumberger,Senior Engineer,1996-02-09,9999-01-01
238165,Neven,Kragelund,Staff,1995-12-04,9999-01-01
238166,Tomokazu,Fasbender,Technique Leader,1995-12-24,1998-02-23
238169,Masamitsu,Pargaonkar,Senior Staff,1986-08-14,1998-09-04
238176,Ziva,Eugenio,Engineer,1987-09-24,1994-09-24
238176,Ziva,Eugenio,Senior Engineer,1994-09-24,9999-01-01
238182,Zhensheng,Leijenhorst,Engineer,1993-08-30,2001-08-30
238182,Zhensheng,Leijenhorst,Senior Engineer,2001-08-30,9999-01-01
238288,Ennio,Renear,Assistant Engineer,1988-07-10,1995-07-11
238288,Ennio,Renear,Engineer,1995-07-11,2002-07-11
238288,Ennio,Renear,Senior Engineer,2002-07-11,9999-01-01
238295,Nadjib,Vickson,Engineer,1992-03-29,1997-03-29
238295,Nadjib,Vickson,Senior Engineer,1997-03-29,9999-01-01
238309,Serenella,Hiyoshi,Staff,1998-06-15,1999-07-18
238328,Sanjai,Delgrossi,Senior Engineer,1992-03-11,9999-01-01
238336,Masali,Docker,Engineer,1991-10-01,1996-09-30
238336,Masali,Docker,Senior Engineer,1996-09-30,9999-01-01
238337,Sariel,Stavenow,Engineer,1989-11-14,1997-11-14
238337,Sariel,Stavenow,Senior Engineer,1997-11-14,9999-01-01
238361,Bojan,Henseler,Staff,1996-07-03,9999-01-01
238375,Weiwu,Tanemo,Senior Staff,1989-09-13,9999-01-01
238378,Xumin,Kusalik,Staff,1994-07-26,9999-01-01
238388,Amalendu,Tiemann,Senior Staff,2001-09-01,9999-01-01
238388,Amalendu,Tiemann,Staff,1992-09-01,2001-09-01
238445,KayLiang,Baranowski,Senior Staff,1992-07-01,9999-01-01
238480,Ishfaq,Seuren,Technique Leader,1996-02-16,9999-01-01
238494,Jackson,Seuren,Engineer,1993-05-03,1999-05-03
238494,Jackson,Seuren,Senior Engineer,1999-05-03,9999-01-01
238520,Shahar,Heijenga,Senior Staff,1998-04-28,9999-01-01
238520,Shahar,Heijenga,Staff,1989-04-28,1998-04-28
238528,Mario,Olano,Senior Staff,1999-05-01,2001-06-17
238528,Mario,Olano,Staff,1990-05-01,1999-05-01
238553,Geraldo,Kusakari,Engineer,1986-11-29,1995-11-29
238553,Geraldo,Kusakari,Senior Engineer,1995-11-29,9999-01-01
238564,Xinglin,Awdeh,Engineer,1999-01-01,9999-01-01
238572,Shin,Keohane,Senior Staff,2000-02-18,9999-01-01
238572,Shin,Keohane,Staff,1991-02-18,2000-02-18
238576,Shietung,Whittlesey,Staff,1993-08-22,9999-01-01
238580,Keung,Emmart,Senior Engineer,1991-12-03,9999-01-01
238589,Abdelwaheb,Schwartzbauer,Senior Staff,1987-08-28,1995-01-12
238594,Kristina,Mukaidono,Senior Staff,1993-05-30,1996-06-22
238600,Leucio,Anick,Engineer,1988-04-09,1997-04-09
238600,Leucio,Anick,Senior Engineer,1997-04-09,9999-01-01
238613,Guangming,Michaeli,Technique Leader,1997-05-28,2002-06-22
238618,Vishu,Schaap,Senior Engineer,1986-12-17,1987-11-05
238641,Domenico,Yamaashi,Staff,1999-10-29,9999-01-01
238642,Jiakeng,Iivonen,Engineer,1998-04-24,9999-01-01
238675,Mohamadou,Waterhouse,Senior Staff,1989-09-18,9999-01-01
238680,Reinhold,Denny,Engineer,1997-06-22,1999-02-23
238719,Toshimi,Hambrick,Engineer,1994-06-28,9999-01-01
238753,Neven,Karunanithi,Staff,1996-12-29,2001-02-09
238775,Vitaly,Veccia,Technique Leader,1991-08-13,1992-12-02
238811,Chenxi,Keustermans,Engineer,1996-08-06,2001-08-06
238811,Chenxi,Keustermans,Senior Engineer,2001-08-06,9999-01-01
238815,Vugranam,Speel,Engineer,1993-04-30,1999-04-30
238815,Vugranam,Speel,Senior Engineer,1999-04-30,9999-01-01
238828,Venkatesan,Heuser,Engineer,1989-11-22,1994-11-22
238828,Venkatesan,Heuser,Senior Engineer,1994-11-22,9999-01-01
238860,Sangeeta,Rothe,Assistant Engineer,1986-09-01,1993-09-01
238860,Sangeeta,Rothe,Engineer,1993-09-01,1996-04-03
238862,Uri,Valette,Technique Leader,1987-10-11,9999-01-01
238874,Tonia,Shigei,Engineer,1988-07-08,1993-07-08
238874,Tonia,Shigei,Senior Engineer,1993-07-08,9999-01-01
238878,Giordano,Einsfeld,Senior Engineer,1999-04-11,9999-01-01
238894,Przemyslawa,Kusakari,Staff,1997-09-12,1998-08-16
238901,Lucien,Fujisawa,Senior Staff,1985-12-05,1988-05-16
238904,Cheong,Bondorf,Senior Staff,2001-11-03,9999-01-01
238904,Cheong,Bondorf,Staff,1992-11-03,2001-11-03
238923,Uzi,Hennings,Senior Staff,1997-10-28,9999-01-01
238925,Youngkon,Pehl,Engineer,1996-04-29,1998-06-17
238938,Yongmao,Sidje,Engineer,1996-01-02,1998-09-21
238952,Dayanand,Talmon,Senior Staff,1999-06-04,9999-01-01
238952,Dayanand,Talmon,Staff,1991-06-04,1999-06-04
238953,Monique,Haumacher,Staff,1996-07-21,2000-11-01
239007,Mamdouh,Yoshizawa,Engineer,1990-08-23,1996-08-22
239007,Mamdouh,Yoshizawa,Senior Engineer,1996-08-22,9999-01-01
239012,Manton,Stanfel,Engineer,1995-09-10,9999-01-01
239035,Mizuhito,Alblas,Staff,1996-02-06,9999-01-01
239041,Sudharsan,Stellhorn,Engineer,1998-04-20,9999-01-01
239045,Ute,Pagter,Staff,1985-10-21,1989-05-04
239053,Matt,Bergere,Senior Engineer,1999-08-08,9999-01-01
239068,Zengping,Lamparter,Engineer,1985-11-30,1994-11-30
239068,Zengping,Lamparter,Senior Engineer,1994-11-30,9999-01-01
239070,Zsolt,Facello,Assistant Engineer,1986-03-21,1991-03-21
239070,Zsolt,Facello,Engineer,1991-03-21,1996-03-20
239070,Zsolt,Facello,Senior Engineer,1996-03-20,9999-01-01
239072,Zine,Escriba,Engineer,1996-08-26,9999-01-01
239076,Ult,Marrakchi,Engineer,1998-09-12,9999-01-01
239082,Martijn,Vickson,Staff,2000-02-01,9999-01-01
239099,Elvis,Fendler,Senior Staff,1997-02-23,9999-01-01
239099,Elvis,Fendler,Staff,1989-02-23,1997-02-23
239102,Byong,Ferriere,Staff,1990-03-18,1996-01-12
239129,Tesuya,Guting,Senior Staff,1994-08-12,9999-01-01
239142,Fabrizio,Shackel,Senior Staff,1993-01-10,9999-01-01
239142,Fabrizio,Shackel,Staff,1988-01-11,1993-01-10
239176,Tommaso,Siochi,Senior Staff,2002-02-17,9999-01-01
239176,Tommaso,Siochi,Staff,1993-02-17,2002-02-17
239183,Xinan,Markovitch,Engineer,1994-02-04,1999-02-04
239183,Xinan,Markovitch,Senior Engineer,1999-02-04,9999-01-01
239186,Marsal,Iisaka,Engineer,1994-09-29,1996-02-27
239190,Niranjan,Murtha,Engineer,1993-12-08,2001-10-09
239211,Nidapan,Bael,Senior Staff,2002-04-29,9999-01-01
239211,Nidapan,Bael,Staff,1995-04-29,2002-04-29
239224,Sandeepan,Coullard,Staff,1997-03-04,1999-09-24
239228,Gunilla,Bain,Engineer,1993-02-27,2001-02-27
239228,Gunilla,Bain,Senior Engineer,2001-02-27,9999-01-01
239229,Gadiel,Colorni,Engineer,1993-02-10,1999-02-10
239229,Gadiel,Colorni,Senior Engineer,1999-02-10,9999-01-01
239235,Moty,Puoti,Assistant Engineer,1989-11-04,1996-11-04
239235,Moty,Puoti,Engineer,1996-11-04,9999-01-01
239237,Duangkaew,Zlotek,Engineer,1997-12-03,9999-01-01
239270,Gila,Hennebert,Senior Engineer,1991-04-10,9999-01-01
239271,Bokyung,Zultner,Staff,1997-06-18,2001-09-08
239274,Piyawadee,Pargas,Senior Engineer,1986-09-22,9999-01-01
239310,Gad,Badache,Engineer,1992-02-03,1998-02-02
239310,Gad,Badache,Senior Engineer,1998-02-02,9999-01-01
239316,Leni,Dulli,Technique Leader,1993-03-06,9999-01-01
239317,Danny,Serna,Engineer,1991-02-02,1996-02-02
239317,Danny,Serna,Senior Engineer,1996-02-02,9999-01-01
239322,Huiqun,Highland,Senior Engineer,1998-11-26,9999-01-01
239349,Berthier,Snyers,Senior Staff,2000-12-03,9999-01-01
239349,Berthier,Snyers,Staff,1995-12-04,2000-12-03
239361,Reuven,Gerlach,Senior Engineer,1989-06-04,9999-01-01
239380,Abdelkader,Lodder,Senior Engineer,1995-12-15,9999-01-01
239385,Mahmut,Falck,Senior Staff,1996-11-10,9999-01-01
239385,Mahmut,Falck,Staff,1988-11-10,1996-11-10
239406,Pintsang,Preusig,Engineer,1986-03-12,1993-03-12
239406,Pintsang,Preusig,Senior Engineer,1993-03-12,9999-01-01
239408,Kristin,Barinka,Engineer,1995-04-06,9999-01-01
239421,Gritta,Chenney,Engineer,1998-06-19,9999-01-01
239434,Rimon,Peac,Staff,1995-07-22,1999-05-23
239437,Haldon,Murtagh,Engineer,1993-03-04,1995-10-01
239447,Tremaine,Nations,Senior Engineer,1995-02-24,9999-01-01
239457,Seongbin,Dratva,Senior Staff,1999-12-15,9999-01-01
239457,Seongbin,Dratva,Staff,1991-12-15,1999-12-15
239472,Torsten,Bergere,Technique Leader,1997-05-01,9999-01-01
239480,Jinxi,Murtagh,Senior Engineer,1989-02-09,9999-01-01
239502,Kerhong,Ghemri,Staff,1995-05-03,9999-01-01
239520,Mara,Angot,Staff,1997-03-29,9999-01-01
239529,Hinrich,Thorelli,Engineer,1997-03-25,9999-01-01
239536,Aram,Braunschweig,Senior Staff,2000-10-01,9999-01-01
239536,Aram,Braunschweig,Staff,1995-10-02,2000-10-01
239538,Shai,Michaeli,Engineer,1995-04-20,2002-04-20
239538,Shai,Michaeli,Senior Engineer,2002-04-20,9999-01-01
239540,Shmuel,Alpin,Staff,1998-04-01,2002-05-09
239548,Frederique,Boguraev,Engineer,1990-08-09,1998-08-09
239548,Frederique,Boguraev,Senior Engineer,1998-08-09,9999-01-01
239554,Vasilii,Melichar,Senior Staff,1992-07-07,9999-01-01
239554,Vasilii,Melichar,Staff,1987-07-08,1992-07-07
239557,Achilleas,Danlos,Senior Staff,2002-04-29,9999-01-01
239557,Achilleas,Danlos,Staff,1994-04-29,2002-04-29
239565,Gio,Anandan,Engineer,1986-01-19,1994-01-19
239565,Gio,Anandan,Senior Engineer,1994-01-19,9999-01-01
239568,Carrsten,Cummings,Staff,1994-04-03,1997-12-14
239620,Bouchung,Bazzichi,Engineer,1998-08-25,9999-01-01
239623,Danny,Busillo,Senior Engineer,1994-01-26,9999-01-01
239624,Pradeep,Comellas,Engineer,1999-07-23,9999-01-01
239625,Nahid,Oberman,Engineer,1994-12-03,2001-12-03
239625,Nahid,Oberman,Senior Engineer,2001-12-03,9999-01-01
239647,Bojan,Benantar,Engineer,1987-02-21,1994-02-21
239647,Bojan,Benantar,Senior Engineer,1994-02-21,1994-07-23
239663,Conor,Ibel,Staff,1996-11-18,2000-03-29
239668,Gao,Halevi,Senior Staff,1996-11-10,9999-01-01
239668,Gao,Halevi,Staff,1991-11-11,1996-11-10
239672,Akeel,Manderick,Assistant Engineer,1996-09-04,9999-01-01
239675,Stein,Birta,Engineer,1991-02-18,2000-02-18
239675,Stein,Birta,Senior Engineer,2000-02-18,9999-01-01
239677,Ulf,Haddadi,Senior Staff,2000-08-27,9999-01-01
239677,Ulf,Haddadi,Staff,1994-08-28,2000-08-27
239692,Jianwen,Bardell,Senior Staff,1993-10-17,9999-01-01
239692,Jianwen,Bardell,Staff,1985-10-17,1993-10-17
239705,Sariel,Birge,Engineer,1987-06-17,1992-06-16
239705,Sariel,Birge,Senior Engineer,1992-06-16,1995-07-18
239774,Woody,Rosen,Engineer,1998-10-31,9999-01-01
239805,Almudena,Papadias,Staff,1993-03-19,1995-10-08
239807,Aruna,Shiratori,Senior Engineer,1995-09-17,9999-01-01
239825,Emran,Baik,Staff,1997-07-26,1998-01-01
239830,Shimshon,Jeong,Senior Staff,1990-06-13,9999-01-01
239834,Fen,Scharstein,Engineer,1986-02-27,1992-02-27
239834,Fen,Scharstein,Senior Engineer,1992-02-27,1997-07-20
239843,Tokuyasu,Oppitz,Senior Engineer,1996-04-16,1997-08-31
239851,Adam,Kavanagh,Technique Leader,1993-12-18,9999-01-01
239907,Mitchel,Vecchio,Engineer,1990-07-29,1995-07-29
239907,Mitchel,Vecchio,Senior Engineer,1995-07-29,9999-01-01
239926,Atreye,Ramalingam,Engineer,1987-12-10,1992-12-09
239926,Atreye,Ramalingam,Senior Engineer,1992-12-09,2000-09-06
239930,Dipankar,Seghrouchni,Engineer,1986-12-20,1991-12-20
239930,Dipankar,Seghrouchni,Senior Engineer,1991-12-20,9999-01-01
239937,Paloma,Luit,Staff,1995-06-15,9999-01-01
239940,Halsur,Heiserman,Technique Leader,1992-01-01,9999-01-01
239953,Jamaludin,Gubsky,Engineer,1991-02-10,1997-02-09
239953,Jamaludin,Gubsky,Senior Engineer,1997-02-09,9999-01-01
240018,Mahmut,Atchley,Engineer,1994-07-07,9999-01-01
240023,Siamak,Rande,Senior Staff,1999-12-27,9999-01-01
240033,Valery,Fargier,Senior Engineer,1990-09-24,9999-01-01
240038,Gita,Iacovou,Engineer,1989-12-29,1995-12-29
240038,Gita,Iacovou,Senior Engineer,1995-12-29,9999-01-01
240090,Nechama,Improta,Staff,1991-03-05,1995-12-14
240093,Cedric,Peng,Senior Engineer,1991-02-05,9999-01-01
240119,Miyeon,Alblas,Staff,1992-03-24,1992-12-04
240136,Oscar,Morrow,Assistant Engineer,1995-06-19,1996-02-24
240139,Anoosh,Trystram,Engineer,1990-09-24,1997-09-24
240139,Anoosh,Trystram,Senior Engineer,1997-09-24,9999-01-01
240149,Kazuhide,Shanbhogue,Engineer,1992-12-19,1998-12-19
240149,Kazuhide,Shanbhogue,Senior Engineer,1998-12-19,9999-01-01
240154,Byong,Desikan,Senior Staff,1999-06-05,9999-01-01
240154,Byong,Desikan,Staff,1991-06-05,1999-06-05
240162,Vasilii,Fritzsche,Senior Staff,2001-12-30,9999-01-01
240162,Vasilii,Fritzsche,Staff,1992-12-30,2001-12-30
240179,Fumitaka,Pettit,Engineer,1996-08-31,9999-01-01
240187,Ramachenga,Merkl,Senior Staff,2001-11-06,9999-01-01
240187,Ramachenga,Merkl,Staff,1995-11-07,2001-11-06
240225,Augustine,Condotta,Assistant Engineer,1992-12-19,1997-12-19
240225,Augustine,Condotta,Engineer,1997-12-19,9999-01-01
240234,Toshimori,Codenie,Senior Staff,1998-09-08,9999-01-01
240234,Toshimori,Codenie,Staff,1993-09-08,1998-09-08
240238,Nathan,Luef,Staff,1995-10-09,9999-01-01
240259,Masami,Haldar,Engineer,1999-11-19,2001-12-17
240272,Nitsan,Basart,Senior Staff,1997-10-01,9999-01-01
240272,Nitsan,Basart,Staff,1990-10-01,1997-10-01
240293,Lubomir,Klerer,Senior Staff,1999-11-29,9999-01-01
240293,Lubomir,Klerer,Staff,1990-11-29,1999-11-29
240294,Zhigen,Decleir,Senior Staff,1999-04-02,9999-01-01
240294,Zhigen,Decleir,Staff,1990-04-03,1999-04-02
240310,Ebru,Vadhan,Staff,1995-06-11,9999-01-01
240311,Claude,Dechter,Senior Staff,1988-09-23,9999-01-01
240343,Tzvetan,Gilg,Senior Staff,2000-09-23,9999-01-01
240343,Tzvetan,Gilg,Staff,1995-09-24,2000-09-23
240363,Constantino,Shanbhogue,Engineer,1991-04-23,1997-04-22
240363,Constantino,Shanbhogue,Senior Engineer,1997-04-22,9999-01-01
240366,Nigel,Lung,Engineer,1994-10-26,1999-10-26
240366,Nigel,Lung,Senior Engineer,1999-10-26,9999-01-01
240370,Koldo,Bultermann,Technique Leader,1998-12-02,9999-01-01
240379,Lihong,Clemencon,Senior Staff,1993-02-04,9999-01-01
240379,Lihong,Clemencon,Staff,1985-02-04,1993-02-04
240386,Zeydy,Usery,Engineer,1990-02-26,1999-02-26
240386,Zeydy,Usery,Senior Engineer,1999-02-26,9999-01-01
240402,Giao,Leijenhorst,Engineer,1993-10-24,1994-09-13
240433,Oddvar,Chimia,Senior Staff,1998-07-12,9999-01-01
240433,Oddvar,Chimia,Staff,1992-07-12,1998-07-12
240444,Jeong,Badr,Senior Staff,1996-07-01,9999-01-01
240445,Henk,Kusakari,Technique Leader,1999-03-13,9999-01-01
240453,Paddy,Yemenis,Engineer,1998-03-06,9999-01-01
240478,Niclas,Coney,Senior Staff,2002-05-01,9999-01-01
240478,Niclas,Coney,Staff,1996-05-01,2002-05-01
240504,Tokuyasu,Crouzet,Engineer,1988-06-01,1996-06-01
240504,Tokuyasu,Crouzet,Senior Engineer,1996-06-01,9999-01-01
240516,Shichao,Yetto,Staff,1999-06-24,9999-01-01
240520,Raimond,Riexinger,Senior Staff,1993-04-14,9999-01-01
240526,Unal,Murtha,Senior Staff,1997-04-04,9999-01-01
240531,Yechiam,Zielinski,Staff,1995-08-11,9999-01-01
240535,Tadanori,Birge,Engineer,1989-01-02,1996-01-03
240535,Tadanori,Birge,Senior Engineer,1996-01-03,9999-01-01
240603,Howell,Srimani,Senior Staff,1995-12-10,9999-01-01
240603,Howell,Srimani,Staff,1986-12-10,1995-12-10
240605,Slavian,Driscoll,Technique Leader,1988-11-02,9999-01-01
240618,Oksana,Vingron,Staff,1997-12-21,9999-01-01
240619,Martine,Engberts,Senior Engineer,1996-01-06,2001-01-16
240628,Tianruo,Gecsei,Assistant Engineer,1997-03-22,1999-05-30
240651,Maik,Isaac,Engineer,1987-06-02,1992-06-01
240651,Maik,Isaac,Senior Engineer,1992-06-01,9999-01-01
240660,Neven,Greibach,Engineer,1992-12-18,1999-12-19
240660,Neven,Greibach,Senior Engineer,1999-12-19,9999-01-01
240672,Adhemar,Lemarechal,Engineer,1995-05-18,2002-05-18
240672,Adhemar,Lemarechal,Senior Engineer,2002-05-18,9999-01-01
240676,Sashi,Thorelli,Senior Staff,1992-11-24,9999-01-01
240676,Sashi,Thorelli,Staff,1987-11-25,1992-11-24
240680,Shalesh,Rabehasaina,Senior Staff,1998-07-27,9999-01-01
240680,Shalesh,Rabehasaina,Staff,1992-07-27,1998-07-27
240683,Elvia,Ohori,Engineer,1992-09-05,1994-02-21
240699,Uwe,Segond,Senior Staff,2000-03-10,9999-01-01
240699,Uwe,Segond,Staff,1991-03-11,2000-03-10
240708,Shounak,Takkinen,Engineer,1990-01-18,1995-01-18
240708,Shounak,Takkinen,Senior Engineer,1995-01-18,9999-01-01
240713,Gian,Setiz,Senior Staff,2002-05-19,9999-01-01
240713,Gian,Setiz,Staff,1996-05-19,2002-05-19
240733,Miomir,Mansanne,Engineer,1986-08-22,1993-08-22
240733,Miomir,Mansanne,Senior Engineer,1993-08-22,2001-04-09
240737,Lene,Nooteboom,Senior Staff,1985-08-18,9999-01-01
240747,Harngdar,Perez,Staff,1997-10-20,1999-02-11
240753,Poorav,Keustermans,Senior Engineer,1993-04-16,9999-01-01
240755,Adamantios,Gajiwala,Senior Engineer,1985-07-17,9999-01-01
240756,Aimee,Ressouche,Engineer,1985-07-09,1993-07-09
240756,Aimee,Ressouche,Senior Engineer,1993-07-09,9999-01-01
240808,Aleksander,Vanwelkenhuysen,Engineer,1994-08-04,9999-01-01
240820,Arto,Hainaut,Senior Engineer,1988-08-13,9999-01-01
240828,Jackson,Murtafg,Assistant Engineer,1997-02-03,9999-01-01
240843,Fusako,Picci,Engineer,1994-02-17,2000-02-17
240843,Fusako,Picci,Senior Engineer,2000-02-17,9999-01-01
240854,Kiyomitsu,Pleszkun,Senior Staff,1997-02-23,9999-01-01
240854,Kiyomitsu,Pleszkun,Staff,1990-02-23,1997-02-23
240856,Rosalyn,Cannata,Senior Staff,1989-03-13,9999-01-01
240859,Barton,Petersohn,Staff,1997-03-14,1999-04-16
240865,Ziva,Sewelson,Staff,1995-09-07,9999-01-01
240876,Mari,Zedlitz,Engineer,1994-04-08,1996-12-30
240905,Howell,Asmuth,Engineer,1999-10-06,9999-01-01
240912,Mori,Onuegbe,Engineer,1995-05-29,2001-05-28
240912,Mori,Onuegbe,Senior Engineer,2001-05-28,9999-01-01
240930,Yucel,Swab,Staff,1990-04-30,1994-11-14
240949,Kazunori,Champarnaud,Engineer,1997-01-17,2000-09-13
240983,Urs,Gelosh,Senior Engineer,1999-01-17,9999-01-01
240991,Jongsuk,Nitsche,Engineer,1988-02-09,1995-02-09
240991,Jongsuk,Nitsche,Senior Engineer,1995-02-09,9999-01-01
241015,Duri,Khasidashvili,Engineer,1986-08-11,1992-08-10
241015,Duri,Khasidashvili,Senior Engineer,1992-08-10,2000-12-20
241017,Conor,Sessa,Engineer,1990-06-06,1997-06-06
241017,Conor,Sessa,Senior Engineer,1997-06-06,9999-01-01
241019,Niranjan,Templeman,Senior Staff,1990-02-13,9999-01-01
241019,Niranjan,Templeman,Staff,1985-02-13,1990-02-13
241022,Kwangjo,Barreiro,Senior Staff,1996-04-30,9999-01-01
241022,Kwangjo,Barreiro,Staff,1988-04-30,1996-04-30
241024,Hyuncheol,Oberman,Technique Leader,1989-06-13,9999-01-01
241026,Brendon,Coorg,Engineer,1999-08-18,9999-01-01
241028,Yefim,Gihr,Senior Engineer,1985-05-24,9999-01-01
241062,Martijn,Homond,Staff,1987-06-19,1987-07-19
241069,Tetsurou,Bellmore,Technique Leader,1997-06-09,9999-01-01
241075,Zorica,Rossi,Staff,1997-04-10,1998-02-24
241102,Piyush,Reinhart,Staff,1991-10-09,1992-04-28
241112,Masami,Bharadwaj,Engineer,1990-06-10,1990-07-17
241119,Susuma,Vanwelkenhuysen,Assistant Engineer,1998-09-09,9999-01-01
241131,Deborah,Pettis,Senior Engineer,1999-11-02,2000-11-18
241132,Qiwen,Ashish,Engineer,1989-10-19,1997-10-19
241132,Qiwen,Ashish,Senior Engineer,1997-10-19,9999-01-01
241141,Nadjib,Lovengreen,Senior Staff,1996-02-27,9999-01-01
241141,Nadjib,Lovengreen,Staff,1988-02-27,1996-02-27
241156,Tadahiko,Dredge,Senior Staff,2002-05-25,9999-01-01
241156,Tadahiko,Dredge,Staff,1995-05-25,2002-05-25
241170,Chenyi,Kushnir,Senior Staff,1992-10-26,9999-01-01
241170,Chenyi,Kushnir,Staff,1986-10-27,1992-10-26
241191,Alselm,Adachi,Senior Staff,2001-07-12,9999-01-01
241191,Alselm,Adachi,Staff,1996-07-12,2001-07-12
241197,Jagoda,Schicker,Staff,1997-07-23,9999-01-01
241210,Herb,Champarnaud,Senior Staff,2000-05-21,9999-01-01
241210,Herb,Champarnaud,Staff,1994-05-22,2000-05-21
241243,Vesna,Markovitch,Senior Engineer,1997-08-28,9999-01-01
241259,Branimir,Vesna,Senior Staff,1998-02-09,9999-01-01
241259,Branimir,Vesna,Staff,1991-02-09,1998-02-09
241276,Mohammed,Brodie,Assistant Engineer,1994-01-06,2000-01-06
241276,Mohammed,Brodie,Engineer,2000-01-06,9999-01-01
241280,Yoshinari,Adachi,Staff,1999-02-09,9999-01-01
241305,Huai,Barbanera,Engineer,1994-05-30,2001-05-30
241305,Huai,Barbanera,Senior Engineer,2001-05-30,9999-01-01
241342,Jaewoo,Naumovich,Senior Staff,1992-06-03,9999-01-01
241342,Jaewoo,Naumovich,Staff,1987-06-04,1992-06-03
241347,Nectarios,Farrar,Engineer,1994-06-28,1999-06-28
241347,Nectarios,Farrar,Senior Engineer,1999-06-28,9999-01-01
241359,Janalee,Hiyoshi,Engineer,1996-06-28,9999-01-01
241361,Mara,Srimani,Senior Engineer,1996-08-02,9999-01-01
241376,Baruch,Biran,Engineer,1998-09-20,9999-01-01
241388,Aram,Fioravanti,Technique Leader,1997-02-21,9999-01-01
241395,Karlis,Velardi,Senior Staff,1992-09-22,9999-01-01
241395,Karlis,Velardi,Staff,1986-09-23,1992-09-22
241414,Larisa,Matzov,Staff,1999-09-08,9999-01-01
241437,Domenico,Gadepally,Engineer,1988-06-08,1994-06-08
241437,Domenico,Gadepally,Senior Engineer,1994-06-08,9999-01-01
241445,Khun,Krzyzanowski,Engineer,1996-07-08,2001-07-08
241445,Khun,Krzyzanowski,Senior Engineer,2001-07-08,2001-09-26
241450,Xinglin,Khalid,Senior Staff,1993-12-23,9999-01-01
241450,Xinglin,Khalid,Staff,1985-12-23,1993-12-23
241465,Seongbin,Marchesini,Senior Staff,1991-05-26,9999-01-01
241465,Seongbin,Marchesini,Staff,1985-05-26,1991-05-26
241474,Jeanna,Pelc,Senior Engineer,1986-09-29,9999-01-01
241483,Adit,Taubman,Senior Engineer,1995-12-02,9999-01-01
241521,Xuejia,Alpay,Senior Staff,1987-02-01,9999-01-01
241542,Salvador,Suri,Engineer,1995-10-22,9999-01-01
241551,Kerryn,Bail,Staff,1995-01-16,9999-01-01
241555,Zejun,Chelton,Engineer,1997-10-02,2000-10-18
241566,Mayuri,Khamsi,Staff,1998-01-22,9999-01-01
241571,Hiroyasu,Arlazarov,Senior Engineer,1990-01-05,2002-08-01
241581,Hatsukazu,Bale,Engineer,1989-11-21,1994-11-21
241581,Hatsukazu,Bale,Senior Engineer,1994-11-21,1999-07-26
241588,Gregory,Casley,Staff,1995-10-08,1997-11-10
241602,Shuzo,Piazza,Assistant Engineer,1999-01-17,9999-01-01
241604,Bouchung,Pollock,Senior Staff,1999-04-20,9999-01-01
241604,Bouchung,Pollock,Staff,1990-04-20,1999-04-20
241647,JoAnne,Sessa,Engineer,1992-04-04,2000-04-04
241647,JoAnne,Sessa,Senior Engineer,2000-04-04,2000-04-20
241650,Chuanti,Staylopatis,Senior Staff,1992-01-06,9999-01-01
241657,Xuejia,Erbe,Senior Staff,1993-10-16,1994-01-17
241657,Xuejia,Erbe,Staff,1986-10-16,1993-10-16
241658,Aiman,Anger,Staff,1992-12-25,1998-02-01
241698,Adin,Majewski,Senior Staff,1997-06-16,9999-01-01
241705,Yechiam,Brodal,Engineer,1991-04-14,1998-04-14
241705,Yechiam,Brodal,Senior Engineer,1998-04-14,9999-01-01
241719,Hisao,Krider,Senior Staff,1996-09-19,9999-01-01
241719,Hisao,Krider,Staff,1991-09-20,1996-09-19
241732,Adel,Debuse,Engineer,1998-07-24,9999-01-01
241772,Pranjal,Jullig,Senior Staff,1996-02-03,9999-01-01
241772,Pranjal,Jullig,Staff,1988-02-03,1996-02-03
241785,Marie,Desikan,Engineer,1993-04-19,2002-04-19
241785,Marie,Desikan,Senior Engineer,2002-04-19,9999-01-01
241803,Tesuro,Bennet,Engineer,1989-04-16,1994-04-16
241803,Tesuro,Bennet,Senior Engineer,1994-04-16,2002-01-04
241816,Xiaoshan,Kaelbling,Assistant Engineer,1989-08-10,1998-08-10
241816,Xiaoshan,Kaelbling,Engineer,1998-08-10,9999-01-01
241818,Dinah,Lanzelotte,Staff,1996-12-01,9999-01-01
241824,Mayuko,Thiran,Engineer,1994-11-08,9999-01-01
241831,Jeanna,Ranta,Senior Staff,1998-11-29,9999-01-01
241831,Jeanna,Ranta,Staff,1992-11-29,1998-11-29
241857,Yishai,Cullers,Senior Staff,2002-01-25,9999-01-01
241857,Yishai,Cullers,Staff,1996-01-26,2002-01-25
241860,Torsten,Christianini,Engineer,1995-02-04,1996-03-13
241865,Shahab,Hedayat,Engineer,1998-03-21,9999-01-01
241870,Sahrah,Sooriamurthi,Engineer,1992-07-25,2001-07-25
241870,Sahrah,Sooriamurthi,Senior Engineer,2001-07-25,9999-01-01
241886,Makato,Mahmud,Engineer,1991-11-14,1996-07-04
241898,Insup,Swist,Engineer,1985-02-19,1992-02-20
241898,Insup,Swist,Senior Engineer,1992-02-20,9999-01-01
241906,Ute,Cincotta,Staff,1998-01-06,9999-01-01
241916,Janche,Birjandi,Engineer,1997-01-18,2002-01-18
241916,Janche,Birjandi,Senior Engineer,2002-01-18,9999-01-01
241918,Ramya,Panienski,Engineer,1985-09-30,1993-09-30
241918,Ramya,Panienski,Senior Engineer,1993-09-30,9999-01-01
241919,Sumant,Grabner,Engineer,1995-10-21,9999-01-01
241924,Fai,Denis,Senior Engineer,1990-06-09,1995-05-06
241929,Shirish,Decleir,Senior Staff,1995-01-16,9999-01-01
241929,Shirish,Decleir,Staff,1986-01-16,1995-01-16
241934,Kwangho,Waeselynck,Technique Leader,1998-08-26,9999-01-01
241946,Szabolcs,Ramaiah,Engineer,1999-04-10,9999-01-01
241954,Hatem,Prampolini,Engineer,1986-04-12,1995-04-12
241954,Hatem,Prampolini,Senior Engineer,1995-04-12,9999-01-01
241964,Godehard,Murthy,Engineer,1986-09-30,1993-09-30
241964,Godehard,Murthy,Senior Engineer,1993-09-30,9999-01-01
241966,Wonhee,Chaudhury,Engineer,1998-11-22,9999-01-01
241972,Kenton,Hofstetter,Senior Staff,1995-02-08,9999-01-01
241975,Nechama,Sichman,Engineer,1991-03-30,1996-03-29
241975,Nechama,Sichman,Senior Engineer,1996-03-29,9999-01-01
241986,Uno,Gurbaxani,Engineer,1986-04-13,1991-04-13
241986,Uno,Gurbaxani,Senior Engineer,1991-04-13,9999-01-01
242023,Laurentiu,Alencar,Engineer,1986-12-25,1988-04-15
242027,Aleksandar,Vernadat,Engineer,1992-01-15,2001-01-14
242027,Aleksandar,Vernadat,Senior Engineer,2001-01-14,9999-01-01
242031,Fai,Hettesheimer,Engineer,1990-09-02,1995-09-02
242031,Fai,Hettesheimer,Senior Engineer,1995-09-02,9999-01-01
242035,Georg,Gide,Senior Engineer,1993-07-03,1996-02-25
242062,Sigeru,Pfau,Assistant Engineer,1995-03-08,9999-01-01
242087,Mingsen,Perfilyeva,Engineer,1995-03-18,2002-03-18
242087,Mingsen,Perfilyeva,Senior Engineer,2002-03-18,9999-01-01
242094,Arto,Luef,Staff,1997-11-29,9999-01-01
242110,Roddy,Zockler,Assistant Engineer,1995-12-04,9999-01-01
242128,Xuedong,Pearson,Engineer,1995-07-16,9999-01-01
242139,Padma,Suessmith,Engineer,1997-11-20,9999-01-01
242141,Conor,Lovengreen,Senior Staff,1996-08-07,9999-01-01
242141,Conor,Lovengreen,Staff,1989-08-07,1996-08-07
242146,Keung,Boreale,Engineer,1996-01-06,9999-01-01
242159,Gad,Isaak,Engineer,1997-08-21,9999-01-01
242161,Salvador,Shobatake,Senior Staff,1990-03-11,9999-01-01
242180,Christoph,Bernick,Engineer,1994-02-26,2002-02-26
242180,Christoph,Bernick,Senior Engineer,2002-02-26,9999-01-01
242184,Maria,Terekhov,Engineer,1987-08-07,1995-08-07
242184,Maria,Terekhov,Senior Engineer,1995-08-07,9999-01-01
242190,Salvador,Piveteau,Senior Staff,1996-03-10,1997-05-04
242190,Salvador,Piveteau,Staff,1989-03-10,1996-03-10
242196,Mingdong,Eugenio,Staff,1995-12-25,9999-01-01
242210,Luisa,Khasidashvili,Engineer,1986-02-07,1993-02-07
242210,Luisa,Khasidashvili,Senior Engineer,1993-02-07,9999-01-01
242216,Genta,Fiebach,Staff,1995-01-11,9999-01-01
242257,Shmuel,Kropatsch,Senior Staff,1988-08-31,9999-01-01
242311,Ramachenga,Besancenot,Senior Staff,1997-06-07,9999-01-01
242311,Ramachenga,Besancenot,Staff,1988-06-07,1997-06-07
242313,Huan,Chorvat,Engineer,1999-05-03,9999-01-01
242363,Mitsuyuki,Schaar,Senior Engineer,1989-11-26,2001-08-03
242375,Qingxiang,Armand,Senior Staff,1996-12-18,9999-01-01
242375,Qingxiang,Armand,Staff,1987-12-19,1996-12-18
242377,Aloke,Maierhofer,Senior Staff,1999-08-23,9999-01-01
242377,Aloke,Maierhofer,Staff,1993-08-23,1999-08-23
242379,Jeanna,Merle,Technique Leader,1990-10-31,9999-01-01
242386,Alois,Pargaonkar,Senior Staff,1993-01-06,9999-01-01
242393,Jinxi,Radivojevic,Engineer,1989-05-19,1998-05-19
242393,Jinxi,Radivojevic,Senior Engineer,1998-05-19,9999-01-01
242399,Hyuncheol,Cochrane,Staff,1992-03-26,1994-09-22
242421,Steve,Lorch,Staff,1996-01-06,9999-01-01
242439,Mizuhito,Murillo,Engineer,1989-03-03,1997-03-03
242439,Mizuhito,Murillo,Senior Engineer,1997-03-03,9999-01-01
242446,Chenyi,Shokrollahi,Staff,1999-08-23,1999-10-02
242450,Hsiangchu,Cmelik,Engineer,1987-05-26,1996-05-25
242450,Hsiangchu,Cmelik,Senior Engineer,1996-05-25,9999-01-01
242456,Faiza,Cronau,Senior Staff,1990-04-13,9999-01-01
242478,Marlo,Erde,Senior Engineer,1988-11-25,9999-01-01
242481,Berni,Snedden,Technique Leader,1987-10-17,9999-01-01
242492,Toshimori,Penttonen,Engineer,1999-09-18,9999-01-01
242496,Subir,Nanard,Senior Engineer,1996-10-16,9999-01-01
242503,Volkmar,Krogh,Senior Staff,1988-04-11,9999-01-01
242507,Dante,Mundy,Staff,1997-12-09,9999-01-01
242511,Jianwen,Lupu,Engineer,1991-07-14,1998-07-14
242511,Jianwen,Lupu,Senior Engineer,1998-07-14,9999-01-01
242519,Zhiguo,Senzako,Staff,1995-08-14,2002-02-17
242547,Toshimitsu,Zhang,Senior Staff,1999-11-05,2000-03-26
242547,Toshimitsu,Zhang,Staff,1993-11-05,1999-11-05
242564,Susanta,Kuzuoka,Senior Staff,2002-04-05,9999-01-01
242564,Susanta,Kuzuoka,Staff,1996-04-05,2002-04-05
242579,Ibibia,Prampolini,Engineer,1996-04-27,9999-01-01
242592,Matt,Feldhoffer,Assistant Engineer,1986-07-03,1995-07-03
242592,Matt,Feldhoffer,Engineer,1995-07-03,9999-01-01
242627,Yongmin,Murtagh,Engineer,1998-01-15,9999-01-01
242642,Rosli,Chandrasekhar,Engineer,1994-08-11,9999-01-01
242645,JiYoung,Peha,Senior Staff,1998-05-17,9999-01-01
242645,JiYoung,Peha,Staff,1990-05-17,1998-05-17
242665,Zengping,Merlo,Senior Staff,1994-10-12,9999-01-01
242665,Zengping,Merlo,Staff,1988-10-12,1994-10-12
242679,Domenico,Awdeh,Senior Staff,2000-10-09,9999-01-01
242679,Domenico,Awdeh,Staff,1994-10-10,2000-10-09
242680,Dannz,Uludag,Engineer,1994-01-20,2002-01-20
242680,Dannz,Uludag,Senior Engineer,2002-01-20,9999-01-01
242684,Moto,Luders,Senior Staff,1993-12-03,9999-01-01
242684,Moto,Luders,Staff,1988-12-03,1993-12-03
242702,Djelloul,Tyugu,Engineer,1986-02-10,1995-02-10
242702,Djelloul,Tyugu,Senior Engineer,1995-02-10,1998-07-25
242707,Uzi,Werthner,Senior Staff,1995-11-08,9999-01-01
242707,Uzi,Werthner,Staff,1989-11-08,1995-11-08
242727,Bilhanan,Perelgut,Senior Staff,1997-01-11,9999-01-01
242727,Bilhanan,Perelgut,Staff,1990-01-11,1997-01-11
242747,True,Rosar,Engineer,1989-01-03,1994-01-03
242747,True,Rosar,Senior Engineer,1994-01-03,9999-01-01
242761,Ziva,Salinas,Technique Leader,1989-07-13,9999-01-01
242769,Vishu,Matteis,Technique Leader,1991-01-05,9999-01-01
242775,Chinya,Iisaku,Staff,1995-12-01,9999-01-01
242777,Jiakeng,Zastre,Senior Staff,1993-12-05,9999-01-01
242798,Richard,Merle,Senior Staff,2002-07-14,9999-01-01
242798,Richard,Merle,Staff,1994-07-14,2002-07-14
242824,Zhiwei,Narahara,Senior Staff,2001-02-20,9999-01-01
242824,Zhiwei,Narahara,Staff,1994-02-20,2001-02-20
242856,Vidar,Brodal,Staff,1998-11-12,9999-01-01
242875,Mingsen,Borovoy,Technique Leader,1998-04-13,1998-12-24
242876,Sasan,Cincotta,Engineer,1991-07-13,1997-07-12
242876,Sasan,Cincotta,Senior Engineer,1997-07-12,9999-01-01
242888,Randy,Stentiford,Staff,1996-12-31,9999-01-01
242898,Rutger,Ertl,Senior Engineer,1996-09-11,9999-01-01
242900,Ranan,Armand,Engineer,1997-09-30,9999-01-01
242917,Zhenbing,Gist,Engineer,1989-04-27,1998-04-27
242917,Zhenbing,Gist,Senior Engineer,1998-04-27,9999-01-01
242921,Yunming,Rusterholz,Technique Leader,1988-11-06,1991-04-04
242923,Hyuncheol,Taubman,Senior Staff,1996-10-13,9999-01-01
242937,Guangming,Wursthorn,Senior Engineer,1990-05-04,9999-01-01
242945,Gonzalo,Murtha,Engineer,1987-10-22,1995-10-22
242945,Gonzalo,Murtha,Senior Engineer,1995-10-22,9999-01-01
242955,Fumiya,Feinberg,Senior Engineer,1994-01-12,9999-01-01
242965,Golgen,Braccini,Senior Engineer,1996-05-14,1998-06-26
242972,Richard,Adachi,Senior Engineer,1988-05-31,1989-02-26
242985,Lene,Perly,Senior Staff,1997-03-06,9999-01-01
242985,Lene,Perly,Staff,1988-03-06,1997-03-06
243019,Jingling,Sudkamp,Senior Staff,1999-12-05,9999-01-01
243019,Jingling,Sudkamp,Staff,1992-12-04,1999-12-05
243022,Mooi,Guardalben,Engineer,1986-05-13,1994-05-13
243022,Mooi,Guardalben,Senior Engineer,1994-05-13,9999-01-01
243030,Shrikanth,Ibel,Senior Staff,1997-01-12,9999-01-01
243030,Shrikanth,Ibel,Staff,1989-01-12,1997-01-12
243035,Masaki,Zongker,Senior Staff,1992-04-15,9999-01-01
243035,Masaki,Zongker,Staff,1986-04-16,1992-04-15
243042,Conor,Hofmeyr,Senior Engineer,1998-05-28,9999-01-01
243046,Salvador,Pavlopoulou,Engineer,1990-10-10,1995-10-10
243046,Salvador,Pavlopoulou,Senior Engineer,1995-10-10,9999-01-01
243051,Horward,Thimonier,Senior Staff,1998-11-11,9999-01-01
243051,Horward,Thimonier,Staff,1991-11-11,1998-11-11
243060,Pintsang,Oaver,Staff,1996-01-19,1997-05-09
243115,Sajjad,Adachi,Senior Engineer,1996-12-23,9999-01-01
243117,Malu,Krzyzanowski,Senior Staff,1993-04-13,9999-01-01
243117,Malu,Krzyzanowski,Staff,1988-04-13,1993-04-13
243124,Wanqing,Stemann,Technique Leader,1986-09-07,9999-01-01
243130,Kazuhisa,Nourani,Senior Staff,1993-10-14,9999-01-01
243130,Kazuhisa,Nourani,Staff,1988-10-14,1993-10-14
243143,Siamak,Alblas,Engineer,1994-03-10,1999-03-10
243143,Siamak,Alblas,Senior Engineer,1999-03-10,9999-01-01
243151,Sugwoo,Noriega,Engineer,1997-09-15,1998-01-20
243162,Gadiel,Karlin,Engineer,1990-08-01,1996-07-31
243162,Gadiel,Karlin,Senior Engineer,1996-07-31,9999-01-01
243171,Sergi,Peng,Engineer,1992-06-30,1998-06-30
243171,Sergi,Peng,Senior Engineer,1998-06-30,9999-01-01
243181,Toshimi,Farrow,Engineer,1993-03-23,1999-03-23
243181,Toshimi,Farrow,Senior Engineer,1999-03-23,9999-01-01
243194,Edwin,Setia,Engineer,1986-10-09,1995-10-09
243194,Edwin,Setia,Senior Engineer,1995-10-09,9999-01-01
243228,Kazuhisa,Leslie,Staff,1993-10-26,9999-01-01
243246,Pradeep,Emmerich,Senior Staff,1992-11-13,9999-01-01
243267,Youpyo,Steinauer,Senior Engineer,1998-06-13,9999-01-01
243273,Arie,Bonifati,Technique Leader,1985-12-04,9999-01-01
243282,Zdislav,Anido,Senior Staff,2002-05-10,9999-01-01
243282,Zdislav,Anido,Staff,1994-05-10,2002-05-10
243283,Piyush,Baca,Senior Staff,1996-06-13,9999-01-01
243283,Piyush,Baca,Staff,1991-06-14,1996-06-13
243290,Hirochika,Karlin,Senior Staff,1999-11-15,9999-01-01
243290,Hirochika,Karlin,Staff,1990-11-15,1999-11-15
243291,Goetz,Tsunoo,Engineer,1988-09-08,1995-09-09
243291,Goetz,Tsunoo,Senior Engineer,1995-09-09,9999-01-01
243294,Lein,Speckmann,Senior Staff,1988-06-21,9999-01-01
243301,Bouchung,Rijsenbrij,Senior Staff,1988-04-17,9999-01-01
243310,Halsur,Baby,Senior Staff,1998-06-08,9999-01-01
243319,Akhilish,Kusalik,Engineer,1990-05-19,1997-05-19
243319,Akhilish,Kusalik,Senior Engineer,1997-05-19,9999-01-01
243341,Arnould,Gruenwald,Staff,1994-09-22,9999-01-01
243361,Kiyomitsu,Papastamatiou,Engineer,1990-05-05,1999-05-05
243361,Kiyomitsu,Papastamatiou,Senior Engineer,1999-05-05,2002-01-08
243363,Gopalakrishnan,Hofmeyr,Senior Staff,1985-09-25,9999-01-01
243365,Zine,Shumilov,Assistant Engineer,1997-07-09,9999-01-01
243369,Berry,Snedden,Engineer,1997-09-25,9999-01-01
243380,Yishai,Millington,Senior Staff,2000-11-18,9999-01-01
243380,Yishai,Millington,Staff,1993-11-18,2000-11-18
243389,Frazer,Felcyn,Technique Leader,1991-08-04,1994-05-12
243444,Hercules,Nitsch,Engineer,1994-02-03,1999-02-03
243444,Hercules,Nitsch,Senior Engineer,1999-02-03,9999-01-01
243450,Lucien,McClurg,Senior Engineer,1999-01-17,9999-01-01
243451,Nathalie,Axelband,Senior Engineer,1994-09-15,9999-01-01
243457,Cordelia,Sury,Senior Staff,1988-04-10,9999-01-01
243502,Masako,Macedo,Engineer,1989-08-26,1992-05-25
243509,Martins,Panangaden,Staff,1988-09-19,1994-12-05
243522,Danai,Menhoudj,Engineer,1989-11-13,1995-11-13
243522,Danai,Menhoudj,Senior Engineer,1995-11-13,9999-01-01
243532,Seongbae,Hockney,Senior Staff,1995-07-10,9999-01-01
243546,Uinam,Tsukune,Senior Staff,2001-04-27,9999-01-01
243546,Uinam,Tsukune,Staff,1994-04-27,2001-04-27
243548,Gaurav,Solares,Senior Engineer,1986-06-20,9999-01-01
243560,Siddarth,Halloran,Senior Staff,2000-11-23,9999-01-01
243560,Siddarth,Halloran,Staff,1993-11-23,2000-11-23
243585,Kayoko,Michaeli,Staff,1995-01-11,2001-10-19
243597,Yuqun,Matzov,Senior Staff,1989-01-16,9999-01-01
243601,DAIDA,Godskesen,Engineer,1989-06-24,1994-06-24
243601,DAIDA,Godskesen,Senior Engineer,1994-06-24,1999-02-20
243626,Hinrich,Tsukune,Senior Staff,2000-01-29,9999-01-01
243632,Lena,Erni,Engineer,1991-08-06,1997-08-05
243632,Lena,Erni,Senior Engineer,1997-08-05,9999-01-01
243648,Gunilla,Gischer,Senior Staff,1992-04-30,9999-01-01
243648,Gunilla,Gischer,Staff,1985-04-30,1992-04-30
243657,Isamu,Ginesta,Engineer,1992-12-04,1999-12-05
243657,Isamu,Ginesta,Senior Engineer,1999-12-05,9999-01-01
243671,Kristen,Rullman,Senior Staff,1995-12-22,9999-01-01
243671,Kristen,Rullman,Staff,1990-12-23,1995-12-22
243691,Maha,Pappas,Staff,1999-01-15,9999-01-01
243696,Nahum,McClurg,Engineer,1987-12-18,1992-12-17
243696,Nahum,McClurg,Senior Engineer,1992-12-17,9999-01-01
243704,Cullen,Riefers,Senior Staff,2000-02-04,9999-01-01
243704,Cullen,Riefers,Staff,1995-02-04,2000-02-04
243732,Weidon,Suwa,Senior Engineer,1988-10-13,1988-11-22
243734,Kokou,Frolund,Staff,1997-11-19,9999-01-01
243739,Masali,Stifter,Engineer,1993-06-15,1997-04-22
243744,Kokou,Munos,Staff,1999-03-11,9999-01-01
243746,Erzsebet,Shimshoni,Engineer,1994-09-14,2001-09-14
243746,Erzsebet,Shimshoni,Senior Engineer,2001-09-14,9999-01-01
243748,Mokhtar,Lemarechal,Staff,1987-09-07,1988-09-02
243750,Adamantios,Teitelbaum,Assistant Engineer,1994-05-25,2001-05-25
243750,Adamantios,Teitelbaum,Engineer,2001-05-25,9999-01-01
243753,Branimir,Soloway,Senior Staff,2000-07-25,9999-01-01
243753,Branimir,Soloway,Staff,1994-07-26,2000-07-25
243765,Shahaf,Garnick,Engineer,1991-11-22,1996-11-21
243765,Shahaf,Garnick,Senior Engineer,1996-11-21,9999-01-01
243771,Remko,Miake,Senior Staff,1993-12-24,9999-01-01
243771,Remko,Miake,Staff,1987-12-25,1993-12-24
243774,Sham,Barriga,Senior Engineer,1993-05-05,9999-01-01
243789,Shigeichiro,Vecchi,Senior Staff,1990-02-10,9999-01-01
243789,Shigeichiro,Vecchi,Staff,1985-02-10,1990-02-10
243801,Supot,Chiola,Engineer,1996-01-15,9999-01-01
243806,Tsuneo,Rebaine,Assistant Engineer,1991-04-16,1996-04-15
243806,Tsuneo,Rebaine,Engineer,1996-04-15,2001-04-15
243806,Tsuneo,Rebaine,Senior Engineer,2001-04-15,9999-01-01
243816,Xinan,Collavizza,Senior Staff,1999-11-20,9999-01-01
243816,Xinan,Collavizza,Staff,1994-11-20,1999-11-20
243832,Junsik,Yurov,Senior Staff,1999-12-24,9999-01-01
243833,Jinpo,Preusig,Senior Engineer,1986-11-19,9999-01-01
243844,Mikhail,Luce,Senior Staff,1995-10-18,9999-01-01
243844,Mikhail,Luce,Staff,1986-10-18,1995-10-18
243847,Jayesh,Armand,Senior Engineer,1989-11-19,9999-01-01
243849,Filipp,Yoshimura,Senior Staff,1994-11-03,9999-01-01
243849,Filipp,Yoshimura,Staff,1985-11-03,1994-11-03
243850,Lakshmi,Rullman,Senior Staff,1995-02-03,9999-01-01
243850,Lakshmi,Rullman,Staff,1989-02-03,1995-02-03
243875,Mong,Schlumberger,Engineer,1995-06-19,1997-02-21
243888,Christoph,Ghalwash,Engineer,1991-02-07,1997-02-06
243888,Christoph,Ghalwash,Senior Engineer,1997-02-06,9999-01-01
243920,Taisook,Schicker,Senior Staff,1993-01-02,1997-05-16
243920,Taisook,Schicker,Staff,1988-01-03,1993-01-02
243929,Tomokazu,Hanabata,Assistant Engineer,1997-02-04,2002-02-04
243929,Tomokazu,Hanabata,Engineer,2002-02-04,9999-01-01
243962,Dinkar,Stafford,Senior Engineer,1992-05-02,9999-01-01
243966,Hironoby,Bhattacharjee,Engineer,1992-08-08,1997-08-08
243966,Hironoby,Bhattacharjee,Senior Engineer,1997-08-08,9999-01-01
243974,Tru,Whitcomb,Assistant Engineer,1994-04-16,1999-04-16
243974,Tru,Whitcomb,Engineer,1999-04-16,9999-01-01
243991,Xiaoshan,McClure,Senior Engineer,1990-09-13,9999-01-01
244014,Rimli,Aamodt,Staff,1997-11-02,9999-01-01
244029,Kwangho,Vidal,Staff,1995-07-19,9999-01-01
244030,Evgueni,Birnbaum,Senior Engineer,1993-06-09,9999-01-01
244038,Nikolaos,Dulin,Senior Staff,1988-06-19,1989-12-14
244044,Emran,Gniady,Engineer,1990-12-12,1995-12-12
244044,Emran,Gniady,Senior Engineer,1995-12-12,9999-01-01
244047,Dulce,Kushner,Engineer,1996-10-05,2000-06-30
244071,Dzung,Kakkar,Senior Staff,1997-08-01,9999-01-01
244071,Dzung,Kakkar,Staff,1992-08-01,1997-08-01
244080,Arco,Delgrossi,Assistant Engineer,1993-05-01,1998-05-01
244080,Arco,Delgrossi,Engineer,1998-05-01,1998-09-11
244109,Zorica,Sinicrope,Senior Staff,1997-08-07,9999-01-01
244109,Zorica,Sinicrope,Staff,1992-08-07,1997-08-07
244110,Navin,Hasham,Senior Staff,1995-06-20,1995-12-03
244110,Navin,Hasham,Staff,1987-06-20,1995-06-20
244115,Huei,Koprowski,Technique Leader,1988-02-17,9999-01-01
244116,Stella,Danecki,Engineer,1990-01-29,1997-01-29
244116,Stella,Danecki,Senior Engineer,1997-01-29,9999-01-01
244121,Arumugam,Coorg,Engineer,1993-07-03,1999-07-03
244121,Arumugam,Coorg,Senior Engineer,1999-07-03,9999-01-01
244123,Luise,Rosenbaum,Senior Staff,1993-05-17,1997-03-29
244123,Luise,Rosenbaum,Staff,1988-05-17,1993-05-17
244132,Berto,Steenbeek,Technique Leader,1990-01-23,9999-01-01
244136,Lihong,Peral,Engineer,1995-03-09,2002-03-09
244136,Lihong,Peral,Senior Engineer,2002-03-09,9999-01-01
244151,Christoph,Hitomi,Senior Engineer,1998-10-25,2000-11-11
244157,Shem,Wiegley,Senior Staff,1997-09-26,9999-01-01
244157,Shem,Wiegley,Staff,1991-09-27,1997-09-26
244173,Yannis,Furudate,Senior Staff,1993-05-17,9999-01-01
244173,Yannis,Furudate,Staff,1986-05-17,1993-05-17
244179,Woody,Krone,Engineer,1999-06-29,9999-01-01
244183,Sibyl,Rissanen,Staff,1988-10-06,1988-12-08
244192,Mayuri,Hashii,Engineer,1994-03-12,2002-03-12
244192,Mayuri,Hashii,Senior Engineer,2002-03-12,9999-01-01
244211,Roselyn,Itschner,Senior Engineer,1997-10-12,9999-01-01
244213,Otilia,Zedlitz,Staff,1985-08-29,1986-02-23
244215,Valdiodio,Krohm,Staff,1997-11-06,9999-01-01
244217,Marko,Levasseur,Engineer,1999-05-31,2001-02-22
244220,Shahaf,Waleschkowski,Engineer,1986-08-18,1992-08-17
244220,Shahaf,Waleschkowski,Senior Engineer,1992-08-17,1996-07-27
244225,Moss,Wossner,Technique Leader,1988-05-04,9999-01-01
244230,Hironobu,Luan,Senior Staff,1995-02-08,9999-01-01
244232,Shahar,Soloway,Senior Staff,1993-12-18,9999-01-01
244232,Shahar,Soloway,Staff,1987-12-19,1993-12-18
244242,Akeno,Shigei,Engineer,1987-01-03,1992-01-03
244242,Akeno,Shigei,Senior Engineer,1992-01-03,9999-01-01
244257,DeForest,Melter,Engineer,1990-05-04,1999-05-04
244257,DeForest,Melter,Senior Engineer,1999-05-04,9999-01-01
244296,Wuxu,Mansanne,Engineer,1993-12-13,2001-12-13
244296,Wuxu,Mansanne,Senior Engineer,2001-12-13,9999-01-01
244315,Xiahua,Zobel,Engineer,1987-09-22,1994-09-22
244315,Xiahua,Zobel,Senior Engineer,1994-09-22,9999-01-01
244346,Chiranjit,Baalen,Staff,1996-10-13,9999-01-01
244351,Evgueni,Vadhan,Engineer,1997-08-27,9999-01-01
244367,Yechiam,Butner,Staff,1998-01-30,9999-01-01
244368,JoAnne,Duclos,Senior Staff,1998-04-05,9999-01-01
244368,JoAnne,Duclos,Staff,1991-04-05,1998-04-05
244378,Nakhoon,Lipner,Engineer,1993-06-13,2002-06-13
244378,Nakhoon,Lipner,Senior Engineer,2002-06-13,9999-01-01
244398,Xuejun,Katiyar,Staff,1999-07-26,9999-01-01
244407,Suebskul,Radhakrishnan,Engineer,1990-08-16,1998-08-16
244407,Suebskul,Radhakrishnan,Senior Engineer,1998-08-16,9999-01-01
244414,Geoff,Famili,Engineer,1992-05-25,1999-05-26
244414,Geoff,Famili,Senior Engineer,1999-05-26,2000-09-27
244429,Debaprosad,Pintelas,Staff,1994-12-30,9999-01-01
244444,IEEE,Malabarba,Engineer,1985-09-10,1991-09-10
244444,IEEE,Malabarba,Senior Engineer,1991-09-10,9999-01-01
244480,Nishit,Klassen,Engineer,1989-09-07,1996-09-07
244480,Nishit,Klassen,Senior Engineer,1996-09-07,9999-01-01
244500,Chiranjit,Gonthier,Technique Leader,1991-06-08,1997-05-30
244505,Oguz,Siprelle,Senior Staff,1996-09-26,9999-01-01
244505,Oguz,Siprelle,Staff,1987-09-27,1996-09-26
244545,Guadalupe,Shiratori,Senior Engineer,1998-04-29,1998-10-12
244550,Josyula,Kolvik,Engineer,1985-03-29,1991-03-29
244550,Josyula,Kolvik,Senior Engineer,1991-03-29,9999-01-01
244568,Takahito,Hoogerwoord,Senior Staff,1997-09-16,1998-10-27
244568,Takahito,Hoogerwoord,Staff,1990-09-16,1997-09-16
244573,Gurbir,Nittel,Engineer,1997-09-23,9999-01-01
244585,Younwoo,Hempstead,Senior Staff,1995-07-17,9999-01-01
244585,Younwoo,Hempstead,Staff,1988-07-16,1995-07-17
244600,Roded,Foong,Senior Staff,1998-05-29,9999-01-01
244600,Roded,Foong,Staff,1990-05-29,1998-05-29
244604,Kristian,Schapire,Engineer,1990-07-15,1997-07-15
244604,Kristian,Schapire,Senior Engineer,1997-07-15,9999-01-01
244639,Akhilish,Ertl,Staff,1996-12-12,9999-01-01
244641,Raimond,Litzler,Senior Staff,1991-03-26,9999-01-01
244642,Mooi,Petereit,Senior Staff,1995-11-08,9999-01-01
244642,Mooi,Petereit,Staff,1988-11-07,1995-11-08
244647,Kwan,Grospietsch,Senior Engineer,1993-03-08,9999-01-01
244648,Masaki,Babu,Engineer,1998-03-29,9999-01-01
244670,Herb,Erev,Staff,1993-11-12,2002-07-24
244682,Lidong,Emden,Engineer,1987-02-05,1991-12-02
244685,Divine,Birdsall,Senior Staff,1986-12-17,9999-01-01
244689,Urs,Saoudi,Senior Staff,1999-09-02,9999-01-01
244689,Urs,Saoudi,Staff,1991-09-02,1999-09-02
244707,Tuval,DuCasse,Technique Leader,1988-11-02,9999-01-01
244730,Georgy,Luke,Staff,1999-12-17,9999-01-01
244738,Odinaldo,Molenkamp,Technique Leader,1997-10-11,9999-01-01
244747,Arve,Bouloucos,Senior Staff,2001-11-10,9999-01-01
244747,Arve,Bouloucos,Staff,1995-11-11,2001-11-10
244772,Kensyu,Felcyn,Engineer,1993-03-11,2002-03-11
244772,Kensyu,Felcyn,Senior Engineer,2002-03-11,9999-01-01
244775,Luigi,Merey,Engineer,1989-02-10,1997-02-10
244775,Luigi,Merey,Senior Engineer,1997-02-10,9999-01-01
244802,Gritta,Kushnir,Senior Staff,1994-11-11,9999-01-01
244802,Gritta,Kushnir,Staff,1989-11-11,1994-11-11
244817,Moty,Kawashima,Staff,1996-10-13,9999-01-01
244832,Marlo,Sridhar,Senior Staff,1994-09-09,9999-01-01
244832,Marlo,Sridhar,Staff,1989-09-09,1994-09-09
244846,Isamu,Trystram,Senior Staff,2001-02-06,9999-01-01
244846,Isamu,Trystram,Staff,1994-02-06,2001-02-06
244854,Adel,Kilgour,Senior Staff,1994-07-06,9999-01-01
244854,Adel,Kilgour,Staff,1989-07-06,1994-07-06
244868,Evgueni,Lundstrom,Staff,1998-03-20,9999-01-01
244876,Muneo,Perry,Engineer,1988-04-26,1989-03-01
244890,Sungwon,Billawala,Engineer,1997-12-25,9999-01-01
244904,Randi,Chenney,Engineer,1988-07-07,1995-07-08
244904,Randi,Chenney,Senior Engineer,1995-07-08,9999-01-01
244919,Abdelkader,Narahari,Senior Staff,2000-01-25,9999-01-01
244919,Abdelkader,Narahari,Staff,1993-01-24,2000-01-25
244928,Arve,Lindenbaum,Engineer,1999-08-20,9999-01-01
244935,Arto,Zedlitz,Senior Staff,1994-07-14,9999-01-01
244935,Arto,Zedlitz,Staff,1987-07-14,1994-07-14
244945,Bader,Majewski,Senior Engineer,1999-01-18,9999-01-01
244966,Becky,Hasham,Technique Leader,1997-11-15,9999-01-01
244970,Tamiya,Conde,Engineer,1996-12-17,9999-01-01
244974,Jordanka,Kropf,Staff,1993-05-28,1999-06-29
244993,Elgin,Zeidenstein,Senior Staff,1997-12-11,9999-01-01
244993,Elgin,Zeidenstein,Staff,1988-12-11,1997-12-11
245006,Gudjon,Templeman,Senior Engineer,1990-01-30,1998-11-11
245007,Venkatesan,DuBourdieux,Senior Staff,2001-10-14,9999-01-01
245007,Venkatesan,DuBourdieux,Staff,1994-10-14,2001-10-14
245013,Matt,Huttel,Assistant Engineer,1999-10-12,9999-01-01
245028,Rasiah,Michaels,Assistant Engineer,1988-01-22,1994-01-21
245028,Rasiah,Michaels,Engineer,1994-01-21,2000-01-21
245028,Rasiah,Michaels,Senior Engineer,2000-01-21,9999-01-01
245053,Yechiam,Rosca,Staff,1998-03-25,9999-01-01
245072,Heekeun,Wursthorn,Engineer,1992-03-12,2001-03-12
245072,Heekeun,Wursthorn,Senior Engineer,2001-03-12,9999-01-01
245073,Heekeun,Schmezko,Technique Leader,1991-10-12,9999-01-01
245085,Mang,Lanteri,Technique Leader,1987-05-01,1993-07-28
245091,Shir,Pehl,Engineer,1997-09-23,9999-01-01
245098,Khun,Kuszyk,Staff,1998-07-31,9999-01-01
245101,Tzvetan,Baca,Senior Engineer,1998-09-13,9999-01-01
245103,Collette,Gilg,Engineer,1994-08-06,9999-01-01
245104,Denny,Assaf,Senior Staff,1991-07-08,9999-01-01
245104,Denny,Assaf,Staff,1986-07-08,1991-07-08
245106,Goo,Wroclawski,Staff,1986-12-14,1987-04-06
245129,Seongbin,Henseler,Engineer,1997-03-01,9999-01-01
245136,Filipp,Schwartzburd,Staff,1999-01-07,9999-01-01
245145,Lijia,Fujisaki,Assistant Engineer,1986-11-27,1992-11-26
245145,Lijia,Fujisaki,Engineer,1992-11-26,1998-11-26
245145,Lijia,Fujisaki,Senior Engineer,1998-11-26,9999-01-01
245162,Muzhong,Riesenhuber,Engineer,1997-06-27,9999-01-01
245171,Serap,Nittel,Staff,1998-06-24,9999-01-01
245177,Manu,Peir,Engineer,1993-09-09,1999-09-09
245177,Manu,Peir,Senior Engineer,1999-09-09,9999-01-01
245195,Jahangir,Marakhovsky,Senior Staff,1994-12-23,9999-01-01
245211,Yechezkel,Bharadwaj,Engineer,1986-07-27,1987-08-18
245224,Chaitali,Heuser,Senior Staff,1999-12-28,9999-01-01
245224,Chaitali,Heuser,Staff,1993-12-28,1999-12-28
245234,Kien,Erdmenger,Senior Engineer,1999-08-07,2002-07-30
245246,Magy,Bahr,Engineer,1998-03-30,2002-07-30
245251,Shay,Domenig,Engineer,1989-10-10,1995-10-10
245251,Shay,Domenig,Senior Engineer,1995-10-10,9999-01-01
245269,Chinhyun,Baek,Engineer,1988-10-26,1996-10-26
245269,Chinhyun,Baek,Senior Engineer,1996-10-26,9999-01-01
245272,Gennadi,Binding,Senior Staff,1989-06-19,9999-01-01
245298,Zhenbing,Butterworth,Senior Staff,2001-01-30,9999-01-01
245298,Zhenbing,Butterworth,Staff,1996-01-31,2001-01-30
245315,Shichao,Leivant,Technique Leader,1986-03-12,9999-01-01
245316,Filipp,Noriega,Senior Staff,1997-12-26,9999-01-01
245316,Filipp,Noriega,Staff,1990-12-26,1997-12-26
245322,Aimee,Matzel,Engineer,1996-11-21,2001-11-21
245322,Aimee,Matzel,Senior Engineer,2001-11-21,9999-01-01
245341,Lijia,Kabayashi,Staff,1993-02-15,1999-02-21
245354,Yucel,Macedo,Technique Leader,1999-09-29,9999-01-01
245358,Hidekazu,Terekhov,Senior Staff,2000-08-10,9999-01-01
245358,Hidekazu,Terekhov,Staff,1994-08-11,2000-08-10
245372,Nectarios,Pargas,Staff,1994-11-02,9999-01-01
245414,Udi,Bardell,Senior Staff,1993-02-25,9999-01-01
245414,Udi,Bardell,Staff,1986-02-25,1993-02-25
245421,Nathalie,Vadhan,Staff,1997-10-22,9999-01-01
245423,Roded,Hemaspaandra,Technique Leader,1989-07-21,9999-01-01
245429,Nimmagadda,Gulla,Senior Staff,1996-08-09,9999-01-01
245429,Nimmagadda,Gulla,Staff,1987-08-10,1996-08-09
245437,Arun,Penttonen,Staff,1999-12-16,9999-01-01
245446,Hitofumi,Koshiba,Staff,1999-07-22,9999-01-01
245453,Abdulla,Wuwongse,Engineer,1995-05-22,2000-05-21
245453,Abdulla,Wuwongse,Senior Engineer,2000-05-21,9999-01-01
245466,Elvia,Iisaka,Engineer,1988-12-26,1994-12-26
245466,Elvia,Iisaka,Senior Engineer,1994-12-26,9999-01-01
245470,Mohammad,Stavenow,Engineer,1995-12-02,9999-01-01
245475,George,Angel,Engineer,1994-05-24,2001-05-24
245475,George,Angel,Senior Engineer,2001-05-24,9999-01-01
245477,Khosrow,Morrow,Senior Staff,1995-12-07,9999-01-01
245477,Khosrow,Morrow,Staff,1986-12-07,1995-12-07
245482,Weiwu,Cronan,Engineer,1986-10-08,1994-10-08
245482,Weiwu,Cronan,Senior Engineer,1994-10-08,9999-01-01
245508,Shuichi,Ramsey,Engineer,1989-10-09,1995-10-09
245508,Shuichi,Ramsey,Senior Engineer,1995-10-09,9999-01-01
245524,Duro,Welham,Senior Staff,1995-04-04,9999-01-01
245524,Duro,Welham,Staff,1987-04-04,1995-04-04
245533,Suvo,Kalsbeek,Staff,1999-04-08,9999-01-01
245551,Nikolaus,Moffat,Senior Staff,1993-01-03,9999-01-01
245551,Nikolaus,Moffat,Staff,1988-01-04,1993-01-03
245560,Brewster,Tiemann,Senior Engineer,1994-09-13,2000-09-13
245573,Wayne,Fargier,Engineer,1986-09-29,1993-09-29
245573,Wayne,Fargier,Senior Engineer,1993-09-29,9999-01-01
245579,Subhash,Honglei,Assistant Engineer,1990-05-05,1997-05-05
245579,Subhash,Honglei,Engineer,1997-05-05,9999-01-01
245591,Florian,Rabehasaina,Engineer,1990-07-24,1996-07-23
245591,Florian,Rabehasaina,Senior Engineer,1996-07-23,9999-01-01
245592,Ziya,Hasenauer,Senior Staff,1999-01-20,9999-01-01
245592,Ziya,Hasenauer,Staff,1992-01-20,1999-01-20
245609,Kirk,Menyhert,Senior Engineer,1985-04-16,9999-01-01
245615,Dayanand,Lanzelotte,Senior Staff,1997-02-08,9999-01-01
245615,Dayanand,Lanzelotte,Staff,1991-02-09,1997-02-08
245616,Ingemar,Parascandalo,Engineer,1992-11-25,2001-11-25
245616,Ingemar,Parascandalo,Senior Engineer,2001-11-25,9999-01-01
245626,Jamaludin,Mahmud,Senior Staff,1988-10-17,1995-11-14
245650,Mitchel,Gyimothy,Engineer,1997-10-19,9999-01-01
245659,Shakhar,Sambasivam,Engineer,1995-02-22,2002-02-22
245659,Shakhar,Sambasivam,Senior Engineer,2002-02-22,9999-01-01
245680,Kwee,Sommen,Staff,1998-05-19,2000-01-29
245687,Susuma,DuCasse,Senior Staff,1999-03-04,9999-01-01
245687,Susuma,DuCasse,Staff,1991-03-04,1999-03-04
245698,Kiyokazu,Henseler,Senior Staff,1993-09-28,9999-01-01
245698,Kiyokazu,Henseler,Staff,1987-09-29,1993-09-28
245699,Jacqueline,Wynblatt,Senior Engineer,1987-01-11,9999-01-01
245700,Hatsukazu,Byoun,Engineer,1989-12-11,1996-12-11
245700,Hatsukazu,Byoun,Senior Engineer,1996-12-11,9999-01-01
245713,Zhenhua,Atrawala,Technique Leader,1992-10-02,9999-01-01
245721,Bodh,Barvinok,Senior Staff,1991-08-14,9999-01-01
245721,Bodh,Barvinok,Staff,1985-08-14,1991-08-14
245728,Petter,Crouzet,Assistant Engineer,1994-09-16,2001-09-16
245728,Petter,Crouzet,Engineer,2001-09-16,9999-01-01
245735,Junichi,Rande,Senior Staff,1993-12-14,2001-08-08
245735,Junichi,Rande,Staff,1985-12-14,1993-12-14
245752,Sasan,Merli,Senior Staff,2002-05-16,9999-01-01
245752,Sasan,Merli,Staff,1995-05-16,2002-05-16
245757,Zijian,Emiris,Staff,1999-04-23,9999-01-01
245758,Chriss,Setlzner,Senior Staff,2002-07-27,9999-01-01
245758,Chriss,Setlzner,Staff,1997-07-27,2002-07-27
245774,Jaihie,Munck,Senior Staff,1991-10-27,9999-01-01
245774,Jaihie,Munck,Staff,1985-10-27,1991-10-27
245780,Krister,Porotnikoff,Engineer,1988-06-03,1993-06-03
245780,Krister,Porotnikoff,Senior Engineer,1993-06-03,9999-01-01
245795,Srinidhi,Anick,Assistant Engineer,1989-11-26,1997-11-26
245795,Srinidhi,Anick,Engineer,1997-11-26,9999-01-01
245810,Eran,Kitai,Senior Staff,1986-03-08,9999-01-01
245811,Shunichi,Ramsak,Senior Staff,1998-06-12,9999-01-01
245811,Shunichi,Ramsak,Staff,1989-06-12,1998-06-12
245814,Zhenbing,Salverda,Engineer,1993-07-17,1999-07-17
245814,Zhenbing,Salverda,Senior Engineer,1999-07-17,9999-01-01
245824,Jaideep,Sanella,Engineer,1996-12-22,2001-12-22
245824,Jaideep,Sanella,Senior Engineer,2001-12-22,9999-01-01
245826,Goetz,Makrucki,Engineer,1985-08-01,1990-10-15
245830,Girolamo,Soloway,Senior Engineer,1995-09-10,1996-09-05
245869,Syozo,Hainaut,Engineer,1996-06-26,2001-06-26
245869,Syozo,Hainaut,Senior Engineer,2001-06-26,9999-01-01
245883,Manu,Eldridge,Assistant Engineer,1996-03-01,9999-01-01
245896,Denny,Skrikant,Senior Staff,2001-10-06,9999-01-01
245896,Denny,Skrikant,Staff,1992-10-06,2001-10-06
245908,Reinhold,Gyimothy,Staff,1998-03-20,2000-11-14
245925,Zongyan,Falster,Engineer,1998-12-02,1999-04-08
245938,Terresa,Etalle,Senior Engineer,1988-08-02,9999-01-01
245944,Mabhin,Litzler,Senior Engineer,1989-07-17,9999-01-01
245954,Muzhong,McDermid,Staff,1994-04-26,9999-01-01
245971,Matt,Willoner,Engineer,1994-03-10,1998-03-14
245975,Nitsan,Huxford,Senior Engineer,1997-09-05,9999-01-01
245981,Nobuyoshi,Bruckman,Engineer,1999-01-13,9999-01-01
245993,Adam,Bouloucos,Senior Staff,1998-09-19,9999-01-01
245993,Adam,Bouloucos,Staff,1990-09-19,1998-09-19
245995,Arnd,Rindone,Engineer,1993-10-21,9999-01-01
245999,Phuoc,Mamelak,Staff,2000-01-31,2000-02-29
246002,Lubomir,Demri,Technique Leader,1988-03-09,9999-01-01
246008,Shietung,Melski,Senior Staff,1995-01-11,9999-01-01
246008,Shietung,Melski,Staff,1988-01-11,1995-01-11
246023,Lein,Bugaenko,Senior Staff,1992-11-30,1993-03-31
246023,Lein,Bugaenko,Staff,1986-12-01,1992-11-30
246044,Sudharsan,Cannane,Technique Leader,1992-10-09,9999-01-01
246051,Jaber,Niizuma,Staff,1991-08-16,1999-04-15
246052,Niclas,Luon,Senior Staff,2000-06-30,2000-07-12
246052,Niclas,Luon,Staff,1995-07-01,2000-06-30
246080,Hercules,Marrakchi,Senior Staff,1997-05-21,9999-01-01
246080,Hercules,Marrakchi,Staff,1991-05-22,1997-05-21
246090,Sugwoo,Beeson,Senior Staff,1993-10-13,9999-01-01
246090,Sugwoo,Beeson,Staff,1987-10-14,1993-10-13
246109,Dipayan,Morrow,Senior Staff,1998-05-28,9999-01-01
246109,Dipayan,Morrow,Staff,1990-05-28,1998-05-28
246122,Zhenbing,Figueira,Engineer,1996-07-24,9999-01-01
246124,Demos,Beidas,Senior Engineer,1986-05-22,1997-08-03
246125,Parviz,Redmiles,Engineer,1991-02-25,1996-02-25
246125,Parviz,Redmiles,Senior Engineer,1996-02-25,9999-01-01
246132,Kazuhira,Schaap,Senior Engineer,1989-02-26,9999-01-01
246150,Harngdar,Beidas,Engineer,1986-11-05,1991-11-05
246150,Harngdar,Beidas,Senior Engineer,1991-11-05,9999-01-01
246168,Zhongwei,Belinskaya,Senior Staff,2001-07-17,9999-01-01
246168,Zhongwei,Belinskaya,Staff,1996-07-17,2001-07-17
246179,Djelloul,Litecky,Engineer,1992-10-23,1998-10-23
246179,Djelloul,Litecky,Senior Engineer,1998-10-23,9999-01-01
246196,Hercules,Falster,Senior Staff,1998-03-14,9999-01-01
246196,Hercules,Falster,Staff,1990-03-14,1998-03-14
246228,Mountaz,Dalton,Engineer,1990-01-28,1998-01-28
246228,Mountaz,Dalton,Senior Engineer,1998-01-28,9999-01-01
246229,Tru,Rosch,Staff,1998-03-02,9999-01-01
246260,Kirk,Taubman,Senior Staff,1999-10-29,9999-01-01
246260,Kirk,Taubman,Staff,1992-10-28,1999-10-29
246268,Margo,Sidje,Engineer,1992-08-05,2001-08-05
246268,Margo,Sidje,Senior Engineer,2001-08-05,9999-01-01
246286,Xuejun,Lalonde,Engineer,1997-03-05,2002-03-05
246286,Xuejun,Lalonde,Senior Engineer,2002-03-05,9999-01-01
246291,Waiman,Danley,Senior Staff,1996-03-18,9999-01-01
246291,Waiman,Danley,Staff,1988-03-18,1996-03-18
246310,Sumali,Rosch,Staff,1998-11-06,2001-11-09
246314,Anyuan,Byoun,Assistant Engineer,1985-03-16,1990-03-16
246314,Anyuan,Byoun,Engineer,1990-03-16,1995-03-16
246314,Anyuan,Byoun,Senior Engineer,1995-03-16,1996-03-16
246326,Bangqing,Kakkad,Engineer,1986-06-09,1989-09-02
246337,Christ,Cannane,Engineer,1985-04-16,1994-04-16
246337,Christ,Cannane,Senior Engineer,1994-04-16,9999-01-01
246348,Subhrajyoti,Wolniewicz,Senior Staff,1985-03-03,1988-05-01
246359,Kazuhiro,Milicia,Senior Staff,1993-02-06,9999-01-01
246376,Mary,Pollock,Engineer,1986-01-26,1994-01-26
246376,Mary,Pollock,Senior Engineer,1994-01-26,9999-01-01
246389,Joydip,Osgood,Senior Staff,1997-09-26,9999-01-01
246389,Joydip,Osgood,Staff,1989-09-26,1997-09-26
246390,Kolar,Rousseau,Technique Leader,2000-01-14,2002-06-03
246396,Magy,Rettelbach,Senior Staff,1988-03-27,9999-01-01
246415,Souichi,Fasbender,Senior Staff,1995-12-11,9999-01-01
246415,Souichi,Fasbender,Staff,1986-12-11,1995-12-11
246420,Ziyad,Ciolek,Assistant Engineer,1993-02-02,2002-02-02
246420,Ziyad,Ciolek,Engineer,2002-02-02,9999-01-01
246439,Mariangiola,Lanphier,Technique Leader,1987-01-19,9999-01-01
246445,Felicidad,Bednarek,Staff,1999-12-24,9999-01-01
246472,Gen,Emiris,Engineer,1990-04-26,1998-04-26
246472,Gen,Emiris,Senior Engineer,1998-04-26,2000-09-06
246485,Abdelghani,Dolinsky,Staff,1998-12-05,2000-02-14
246491,Masadi,Fargier,Engineer,1995-07-14,9999-01-01
246494,Aamod,Sgarro,Engineer,1993-09-29,2000-01-06
246507,Yannis,Rubsam,Staff,1993-01-12,1999-09-22
246524,Avishai,Gadepally,Senior Engineer,1991-04-28,9999-01-01
246526,Marit,Goldhammer,Senior Engineer,1986-05-01,9999-01-01
246530,Martine,Cochrane,Engineer,1993-09-15,2001-12-13
246539,Sham,Wiegley,Senior Staff,1996-12-07,9999-01-01
246540,Licheng,Blokdijk,Senior Engineer,1996-10-30,9999-01-01
246553,Gaurav,Lanzelotte,Engineer,1996-10-06,1998-03-17
246555,Takahito,Hoppenstand,Staff,1995-09-26,9999-01-01
246570,Boguslaw,Schneeberger,Engineer,1993-08-09,2001-08-09
246570,Boguslaw,Schneeberger,Senior Engineer,2001-08-09,9999-01-01
246577,Selwyn,Kitsuregawa,Staff,1994-09-15,9999-01-01
246604,Mototsugu,Hanabata,Staff,1997-03-16,9999-01-01
246613,Xinyu,Ramsak,Engineer,1993-10-24,1998-10-24
246613,Xinyu,Ramsak,Senior Engineer,1998-10-24,9999-01-01
246616,Freyja,Kawashima,Senior Engineer,1997-10-23,9999-01-01
246632,Kendra,Farrar,Engineer,1996-11-10,9999-01-01
246633,Shmuel,Merkl,Senior Staff,1993-04-19,9999-01-01
246633,Shmuel,Merkl,Staff,1985-04-19,1993-04-19
246642,Bedrich,Vasanthakumar,Engineer,1989-03-04,1998-03-04
246642,Bedrich,Vasanthakumar,Senior Engineer,1998-03-04,9999-01-01
246645,Hyuckchul,Pauthner,Engineer,1990-11-01,1996-10-31
246645,Hyuckchul,Pauthner,Senior Engineer,1996-10-31,9999-01-01
246646,Evgueni,Junot,Assistant Engineer,1990-06-22,1999-06-22
246646,Evgueni,Junot,Engineer,1999-06-22,9999-01-01
246662,Eirik,Rattan,Staff,1997-04-01,9999-01-01
246672,Suebskul,Leivant,Senior Staff,1998-08-13,9999-01-01
246672,Suebskul,Leivant,Staff,1989-08-13,1998-08-13
246685,Toong,Kakkar,Senior Staff,1996-12-25,9999-01-01
246685,Toong,Kakkar,Staff,1991-12-26,1996-12-25
246698,JoAnne,Litvinov,Engineer,1985-05-27,1993-05-27
246698,JoAnne,Litvinov,Senior Engineer,1993-05-27,9999-01-01
246701,Anneke,Otillio,Senior Engineer,1999-03-21,9999-01-01
246703,Arnd,Delgrange,Senior Engineer,1993-03-19,9999-01-01
246715,Denny,Schaaf,Engineer,1996-12-31,2001-12-31
246715,Denny,Schaaf,Senior Engineer,2001-12-31,2002-01-18
246726,Ioana,Masada,Senior Staff,1995-04-10,9999-01-01
246726,Ioana,Masada,Staff,1989-04-10,1995-04-10
246728,Elrique,Parascandalo,Senior Engineer,1996-10-26,9999-01-01
246741,Leen,Wrigley,Senior Staff,1989-09-23,2002-02-18
246758,Chrisa,Magliocco,Engineer,1997-07-27,9999-01-01
246771,Maik,Cannata,Senior Staff,1987-02-06,9999-01-01
246781,Bernt,Osgood,Engineer,1986-11-06,1992-11-05
246781,Bernt,Osgood,Senior Engineer,1992-11-05,9999-01-01
246811,Kyoichi,Navazio,Engineer,1988-03-08,1989-09-16
246829,Amabile,Engelmann,Senior Staff,1995-06-28,9999-01-01
246829,Amabile,Engelmann,Staff,1988-06-27,1995-06-28
246843,Susanna,Schlenzig,Senior Staff,2000-06-17,9999-01-01
246843,Susanna,Schlenzig,Staff,1992-06-17,2000-06-17
246853,Hongzue,Lalonde,Senior Staff,1994-08-18,9999-01-01
246884,Bedir,Stifter,Staff,1997-01-22,9999-01-01
246911,Eishiro,Kaiser,Senior Staff,1993-12-06,9999-01-01
246911,Eishiro,Kaiser,Staff,1986-12-06,1993-12-06
246912,Nagui,Domenig,Staff,2000-01-17,2001-03-26
246952,Tsvetan,Pettis,Senior Staff,1998-05-17,9999-01-01
246952,Tsvetan,Pettis,Staff,1991-05-17,1998-05-17
246963,Kousuke,Ratnaker,Senior Engineer,1994-01-01,1996-07-17
247000,Tamiya,Birjandi,Staff,1989-06-14,1993-09-09
247011,Aleksandar,Wilharm,Engineer,2000-01-28,9999-01-01
247012,Koldo,Quittner,Engineer,1999-03-01,9999-01-01
247018,Jacqueline,Fandrianto,Engineer,1999-09-09,9999-01-01
247025,Edwin,Binkley,Senior Staff,1989-08-05,9999-01-01
247027,Abdelwaheb,Reinhart,Technique Leader,1998-12-27,9999-01-01
247040,Kensei,Copas,Engineer,1993-03-16,2002-03-16
247040,Kensei,Copas,Senior Engineer,2002-03-16,9999-01-01
247062,Van,Granlund,Engineer,1990-08-17,1996-08-16
247062,Van,Granlund,Senior Engineer,1996-08-16,2002-06-16
247066,Aram,Ranze,Staff,1996-09-22,9999-01-01
247068,Mari,Gini,Senior Staff,1998-03-31,2002-06-29
247072,Shir,Picel,Staff,1985-05-05,1989-02-08
247092,Mingsen,Muntz,Staff,1999-07-18,9999-01-01
247094,Zhenhua,Oberman,Staff,1997-08-28,9999-01-01
247095,Mokhtar,Spataro,Staff,1996-08-07,9999-01-01
247098,Xiong,Aumann,Engineer,1999-10-25,9999-01-01
247103,Tomoyuki,Kirkerud,Senior Staff,1998-08-31,9999-01-01
247103,Tomoyuki,Kirkerud,Staff,1989-08-31,1998-08-31
247105,Peternela,Broomell,Senior Staff,1995-04-19,9999-01-01
247105,Peternela,Broomell,Staff,1988-04-18,1995-04-19
247115,Yuguang,Chandrasekhar,Assistant Engineer,1987-06-26,1994-06-26
247115,Yuguang,Chandrasekhar,Engineer,1994-06-26,2001-06-26
247115,Yuguang,Chandrasekhar,Senior Engineer,2001-06-26,9999-01-01
247163,Cristinel,Boudaillier,Senior Staff,1995-01-26,9999-01-01
247163,Cristinel,Boudaillier,Staff,1987-01-26,1995-01-26
247179,Vitaly,Miake,Engineer,1992-02-09,1999-02-09
247179,Vitaly,Miake,Senior Engineer,1999-02-09,9999-01-01
247199,JoAnna,Hartvigsen,Senior Staff,1998-05-24,9999-01-01
247199,JoAnna,Hartvigsen,Staff,1991-05-24,1998-05-24
247200,Zeljko,Langford,Senior Staff,2000-09-23,9999-01-01
247200,Zeljko,Langford,Staff,1992-09-23,2000-09-23
247211,Arto,Schahn,Engineer,1987-03-23,1996-03-22
247211,Arto,Schahn,Senior Engineer,1996-03-22,9999-01-01
247221,Demos,Jiang,Engineer,1999-08-11,2001-07-14
247253,Shahab,Perfilyeva,Senior Staff,1995-08-08,9999-01-01
247267,Amstein,Yurov,Engineer,1999-06-01,9999-01-01
247272,Kankanahalli,Bael,Engineer,1997-04-14,9999-01-01
247291,Kristof,McConalogue,Senior Staff,1998-09-25,9999-01-01
247296,Rosalie,Reeken,Senior Staff,1996-08-21,9999-01-01
247313,Yonghoan,Eiron,Staff,1999-04-27,9999-01-01
247314,Rutger,Chartres,Senior Staff,1997-09-09,9999-01-01
247326,Weidon,Schmezko,Senior Staff,2000-09-30,9999-01-01
247326,Weidon,Schmezko,Staff,1995-10-01,2000-09-30
247334,Amalendu,Birta,Engineer,1986-03-18,1992-03-17
247334,Amalendu,Birta,Senior Engineer,1992-03-17,9999-01-01
247339,Gladys,Vidya,Staff,1999-10-25,9999-01-01
247353,Munir,Stentiford,Engineer,1995-04-27,2000-04-26
247353,Munir,Stentiford,Senior Engineer,2000-04-26,9999-01-01
247368,Tiina,Straney,Engineer,1988-03-05,1995-03-06
247368,Tiina,Straney,Senior Engineer,1995-03-06,9999-01-01
247382,Amabile,Daescu,Assistant Engineer,2000-01-31,9999-01-01
247383,Mabo,Dalton,Engineer,1985-04-07,1993-04-07
247383,Mabo,Dalton,Senior Engineer,1993-04-07,9999-01-01
247390,Achilleas,Zucker,Staff,1997-08-06,9999-01-01
247416,Jixiang,Garrabrants,Engineer,1993-07-20,2002-07-20
247416,Jixiang,Garrabrants,Senior Engineer,2002-07-20,9999-01-01
247431,Stabislas,Argence,Engineer,1994-04-20,2000-04-19
247431,Stabislas,Argence,Senior Engineer,2000-04-19,9999-01-01
247439,Mitsuyuki,Snyers,Engineer,1998-10-02,9999-01-01
247443,Ramya,Suomi,Senior Staff,1999-01-30,9999-01-01
247443,Ramya,Suomi,Staff,1992-01-30,1999-01-30
247444,Georgi,Tsukune,Senior Staff,2000-03-24,9999-01-01
247444,Georgi,Tsukune,Staff,1993-03-24,2000-03-24
247460,Arup,Koshino,Senior Staff,1990-06-26,9999-01-01
247470,Mountaz,Mansanne,Senior Staff,1986-01-22,9999-01-01
247471,Sajjan,Panwar,Staff,1993-03-28,1993-12-10
247487,Kazuhira,Rando,Senior Staff,1993-11-14,9999-01-01
247492,Nevio,Maierhofer,Engineer,1999-04-06,9999-01-01
247496,Adel,Sullins,Engineer,1992-01-07,1999-01-07
247496,Adel,Sullins,Senior Engineer,1999-01-07,9999-01-01
247504,Froduald,Stanger,Senior Staff,1995-02-21,9999-01-01
247504,Froduald,Stanger,Staff,1990-02-21,1995-02-21
247521,Mack,Lores,Senior Engineer,1996-09-24,9999-01-01
247523,Sushant,Kornyak,Engineer,1995-04-03,9999-01-01
247525,Ranga,Apsitis,Engineer,1997-10-22,2001-04-27
247539,Mona,Famili,Engineer,1998-10-07,9999-01-01
247542,Taisook,Miara,Engineer,1996-03-09,9999-01-01
247545,Hongzue,Wynblatt,Senior Staff,1990-04-17,9999-01-01
247558,Chriss,Oxenboll,Senior Staff,2002-06-15,9999-01-01
247558,Chriss,Oxenboll,Staff,1996-06-15,2002-06-15
247580,Eirik,Peris,Senior Staff,1991-11-23,9999-01-01
247580,Eirik,Peris,Staff,1986-11-23,1991-11-23
247589,Uzi,Swick,Senior Staff,1997-03-05,9999-01-01
247589,Uzi,Swick,Staff,1988-03-05,1997-03-05
247599,Wonhee,Ramsak,Engineer,1992-11-24,2001-05-24
247613,Kazuhiro,Atchley,Engineer,1993-11-01,1999-11-01
247613,Kazuhiro,Atchley,Senior Engineer,1999-11-01,9999-01-01
247635,Chenyi,Hiltgen,Senior Staff,1996-10-14,9999-01-01
247635,Chenyi,Hiltgen,Staff,1991-10-15,1996-10-14
247636,Jaques,Picel,Staff,1997-08-04,9999-01-01
247642,Kannan,Breugel,Engineer,1996-02-29,9999-01-01
247657,Shushma,Krider,Engineer,1995-08-14,2001-08-13
247657,Shushma,Krider,Senior Engineer,2001-08-13,9999-01-01
247666,Niranjan,Senzako,Senior Staff,1991-06-11,9999-01-01
247666,Niranjan,Senzako,Staff,1986-06-11,1991-06-11
247670,Persi,Famili,Assistant Engineer,1993-06-06,1999-08-28
247672,Doohun,Avouris,Engineer,1997-07-25,9999-01-01
247676,Shooichi,McClure,Engineer,1987-02-24,1994-02-24
247676,Shooichi,McClure,Senior Engineer,1994-02-24,1996-05-25
247679,Claudi,Geffroy,Senior Staff,1999-11-25,9999-01-01
247679,Claudi,Geffroy,Staff,1990-11-25,1999-11-25
247687,Oscar,Lovengreen,Senior Staff,1997-10-24,9999-01-01
247687,Oscar,Lovengreen,Staff,1989-10-24,1997-10-24
247709,Kristinn,Demir,Engineer,1996-05-02,2002-05-02
247709,Kristinn,Demir,Senior Engineer,2002-05-02,9999-01-01
247711,Bojan,Restivo,Engineer,1999-12-29,9999-01-01
247767,Radhakrishnan,Buescher,Senior Staff,1990-03-05,9999-01-01
247768,Etsuo,Suwa,Senior Engineer,1997-08-09,9999-01-01
247771,Volkmar,Cooke,Engineer,1996-06-08,9999-01-01
247803,Marla,Bakhtari,Senior Engineer,1988-09-27,1988-11-25
247814,Charmane,Uhrig,Senior Staff,1988-02-24,9999-01-01
247819,Jeane,Poulakidas,Engineer,1990-02-13,1999-02-13
247819,Jeane,Poulakidas,Senior Engineer,1999-02-13,9999-01-01
247821,Kamran,Wynblatt,Senior Staff,2002-04-11,9999-01-01
247821,Kamran,Wynblatt,Staff,1993-04-11,2002-04-11
247856,Nathalie,Cairo,Senior Staff,1995-04-15,9999-01-01
247856,Nathalie,Cairo,Staff,1988-04-14,1995-04-15
247857,Tzu,Baek,Technique Leader,1993-02-11,9999-01-01
247891,Angel,Rodiger,Senior Staff,1998-12-30,9999-01-01
247891,Angel,Rodiger,Staff,1993-12-30,1998-12-30
247908,Kerryn,Riesenhuber,Engineer,1990-12-24,1995-12-24
247908,Kerryn,Riesenhuber,Senior Engineer,1995-12-24,9999-01-01
247909,Mingzeng,Isaac,Senior Staff,1989-08-03,1991-11-28
247926,Akeel,Coombs,Engineer,1991-10-25,1996-10-24
247926,Akeel,Coombs,Senior Engineer,1996-10-24,9999-01-01
247927,Patricio,Linnainmaa,Senior Staff,1993-03-07,9999-01-01
247927,Patricio,Linnainmaa,Staff,1985-03-07,1993-03-07
247934,Miyeon,Pramanik,Senior Staff,1991-07-21,9999-01-01
247937,Insup,Braunmuhl,Senior Staff,2000-12-12,9999-01-01
247937,Insup,Braunmuhl,Staff,1993-12-12,2000-12-12
247943,Mototsugu,Luce,Senior Engineer,1988-10-12,9999-01-01
247944,Murthy,Delgrande,Engineer,1986-07-07,1992-07-06
247944,Murthy,Delgrande,Senior Engineer,1992-07-06,9999-01-01
247962,Aamer,Sooriamurthi,Engineer,1997-12-08,9999-01-01
247972,Surveyors,Guenter,Senior Staff,1994-04-08,9999-01-01
247972,Surveyors,Guenter,Staff,1989-04-08,1994-04-08
247978,Uriel,Pargas,Senior Staff,1990-11-13,9999-01-01
247981,Shrikanth,Luan,Technique Leader,1986-03-02,9999-01-01
247988,Kristen,Moffat,Senior Staff,2001-10-27,9999-01-01
247988,Kristen,Moffat,Staff,1995-10-28,2001-10-27
248003,Alassane,Setlzner,Engineer,1989-04-03,1996-04-02
248003,Alassane,Setlzner,Senior Engineer,1996-04-02,9999-01-01
248007,Divine,Kushnir,Senior Staff,1994-03-23,9999-01-01
248007,Divine,Kushnir,Staff,1987-03-23,1994-03-23
248018,Brewster,Schmiedel,Senior Staff,1994-01-04,9999-01-01
248018,Brewster,Schmiedel,Staff,1986-01-04,1994-01-04
248052,Ulises,Navazio,Engineer,1986-08-06,1992-08-05
248052,Ulises,Navazio,Senior Engineer,1992-08-05,9999-01-01
248105,Sarita,Kriebel,Engineer,1997-06-10,9999-01-01
248106,Kiyokazu,Zucker,Assistant Engineer,1994-04-23,9999-01-01
248108,Xianlong,Whitcomb,Senior Engineer,1997-09-15,2000-09-20
248115,Boaz,Passino,Senior Staff,1994-05-20,9999-01-01
248115,Boaz,Passino,Staff,1989-05-20,1994-05-20
248127,Ger,Christianini,Engineer,1999-06-23,9999-01-01
248135,Kristof,Ferretti,Engineer,1991-05-19,1996-05-18
248135,Kristof,Ferretti,Senior Engineer,1996-05-18,9999-01-01
248157,Chikara,Schrift,Technique Leader,1995-03-11,9999-01-01
248183,Pintsang,Zallocco,Senior Staff,1993-11-30,9999-01-01
248183,Pintsang,Zallocco,Staff,1985-11-30,1993-11-30
248194,Raimond,Kuhnemann,Senior Staff,1988-06-15,9999-01-01
248197,Alain,Gecsei,Senior Engineer,1999-09-23,2002-03-30
248211,Gay,Isaac,Senior Staff,1997-01-23,9999-01-01
248211,Gay,Isaac,Staff,1992-01-24,1997-01-23
248215,Juyoung,Michaels,Senior Staff,1999-04-18,9999-01-01
248215,Juyoung,Michaels,Staff,1991-04-18,1999-04-18
248220,Vitaly,Glowinski,Senior Staff,1993-09-18,9999-01-01
248220,Vitaly,Glowinski,Staff,1987-09-19,1993-09-18
248223,Niranjan,Dechter,Senior Staff,1986-01-31,1987-01-06
248225,Val,Pargas,Staff,1989-10-26,1993-06-19
248235,Ranga,Pell,Senior Staff,1997-11-08,9999-01-01
248235,Ranga,Pell,Staff,1992-11-08,1997-11-08
248246,Guangming,Stranks,Senior Staff,2001-10-04,9999-01-01
248246,Guangming,Stranks,Staff,1993-10-04,2001-10-04
248316,Tadahiko,Crelier,Senior Staff,2000-01-20,9999-01-01
248316,Tadahiko,Crelier,Staff,1994-01-20,2000-01-20
248322,Tamiya,Pezzoli,Engineer,2000-01-10,2001-03-11
248326,Douadi,Mitchem,Senior Staff,1997-10-11,2000-05-25
248326,Douadi,Mitchem,Staff,1992-10-11,1997-10-11
248342,Josyula,Ferriere,Senior Staff,1990-06-13,9999-01-01
248342,Josyula,Ferriere,Staff,1985-06-13,1990-06-13
248369,Moto,Ranft,Staff,1996-10-02,2000-06-30
248370,Satoru,Pollacia,Engineer,1985-03-26,1994-03-26
248370,Satoru,Pollacia,Senior Engineer,1994-03-26,9999-01-01
248375,Sushant,Fetvedt,Senior Staff,1988-03-29,9999-01-01
248381,Sven,Ruther,Engineer,1987-05-29,1993-05-28
248381,Sven,Ruther,Senior Engineer,1993-05-28,9999-01-01
248383,Naraig,Hiroyama,Senior Staff,2000-02-01,9999-01-01
248383,Naraig,Hiroyama,Staff,1995-02-01,2000-02-01
248390,Pasqua,Conti,Engineer,1989-02-09,1994-02-09
248390,Pasqua,Conti,Senior Engineer,1994-02-09,9999-01-01
248413,Xiaobin,Lalonde,Engineer,1993-11-21,1999-11-21
248413,Xiaobin,Lalonde,Senior Engineer,1999-11-21,9999-01-01
248418,Krassimir,Bergere,Senior Staff,2001-02-09,9999-01-01
248418,Krassimir,Bergere,Staff,1993-02-09,2001-02-09
248427,Jianhua,Schicker,Senior Staff,1991-08-18,9999-01-01
248427,Jianhua,Schicker,Staff,1985-08-18,1991-08-18
248463,Wonhee,Escriba,Senior Staff,1993-01-07,9999-01-01
248463,Wonhee,Escriba,Staff,1987-01-08,1993-01-07
248471,Garnik,Ghemri,Engineer,1999-08-03,9999-01-01
248476,Alenka,Rosiles,Staff,1995-09-22,9999-01-01
248477,Rosalie,Wursthorn,Engineer,1992-05-22,1997-05-22
248477,Rosalie,Wursthorn,Senior Engineer,1997-05-22,9999-01-01
248485,Yurii,Cochrane,Staff,1998-12-25,9999-01-01
248492,Heping,Brender,Senior Staff,1994-08-10,9999-01-01
248492,Heping,Brender,Staff,1987-08-10,1994-08-10
248523,Krisda,Rubsam,Engineer,1991-02-17,2000-02-17
248523,Krisda,Rubsam,Senior Engineer,2000-02-17,9999-01-01
248525,Atreye,Hoppenstand,Engineer,1990-09-05,1995-09-05
248525,Atreye,Hoppenstand,Senior Engineer,1995-09-05,9999-01-01
248526,Zhensheng,Baik,Senior Staff,1998-04-18,9999-01-01
248526,Zhensheng,Baik,Staff,1989-04-18,1998-04-18
248560,Tristan,Schusler,Senior Engineer,1987-08-29,9999-01-01
248605,Kayoko,Berztiss,Senior Staff,2000-10-23,9999-01-01
248605,Kayoko,Berztiss,Staff,1991-10-24,2000-10-23
248606,Przemyslawa,Pietracaprina,Staff,1986-08-06,1994-01-18
248612,Elvis,Ghalwash,Senior Staff,1992-12-03,2002-02-22
248616,Lalit,Hiyoshi,Engineer,1986-12-25,1993-12-25
248616,Lalit,Hiyoshi,Senior Engineer,1993-12-25,9999-01-01
248618,Ayakannu,Kitsuregawa,Senior Staff,1997-05-16,9999-01-01
248618,Ayakannu,Kitsuregawa,Staff,1991-05-17,1997-05-16
248638,Takahira,Schapire,Engineer,1996-08-19,9999-01-01
248652,Bedir,Fujisaki,Engineer,1992-11-05,1998-12-07
248660,Elvia,Heydon,Staff,1996-03-09,1999-10-15
248668,Jianhao,Malabarba,Engineer,1988-12-18,1989-07-05
248677,Haldun,Winter,Engineer,1993-10-07,9999-01-01
248692,Nadjib,Taubenfeld,Senior Staff,1992-03-30,9999-01-01
248692,Nadjib,Taubenfeld,Staff,1985-03-30,1992-03-30
248723,Elvia,Sgarro,Engineer,1995-06-19,9999-01-01
248727,Shaleah,Merro,Senior Staff,1996-12-13,9999-01-01
248727,Shaleah,Merro,Staff,1988-12-13,1996-12-13
248745,Geoffrey,DeMori,Senior Staff,1997-07-06,9999-01-01
248745,Geoffrey,DeMori,Staff,1991-07-07,1997-07-06
248760,Shahar,Leijenhorst,Senior Staff,1998-07-18,9999-01-01
248760,Shahar,Leijenhorst,Staff,1989-07-18,1998-07-18
248764,Jiann,Lalonde,Senior Staff,1991-12-06,9999-01-01
248764,Jiann,Lalonde,Staff,1986-12-06,1991-12-06
248799,LiMin,Onuegbe,Engineer,1985-07-23,1992-07-23
248799,LiMin,Onuegbe,Senior Engineer,1992-07-23,9999-01-01
248813,Lena,Georg,Engineer,1997-01-10,9999-01-01
248823,Achilleas,Peha,Senior Staff,1994-09-03,2000-07-18
248823,Achilleas,Peha,Staff,1988-09-03,1994-09-03
248828,Wanqing,Pocchiola,Technique Leader,1993-08-15,9999-01-01
248836,IEEE,Raoux,Senior Staff,1996-08-10,1996-12-03
248854,Alper,Birdsall,Senior Staff,1997-09-06,9999-01-01
248878,Arve,Paciorek,Senior Staff,1992-08-02,1998-05-13
248879,Khun,Wuwongse,Senior Staff,1999-01-26,9999-01-01
248879,Khun,Wuwongse,Staff,1994-01-26,1999-01-26
248895,Amalendu,Boudaillier,Senior Staff,1995-02-21,9999-01-01
248895,Amalendu,Boudaillier,Staff,1990-02-21,1995-02-21
248903,Owen,Aamodt,Senior Staff,1994-12-23,9999-01-01
248903,Owen,Aamodt,Staff,1985-12-23,1994-12-23
248931,Constantijn,McAlpine,Senior Staff,2001-06-01,9999-01-01
248931,Constantijn,McAlpine,Staff,1995-06-02,2001-06-01
248940,Jaewoo,McDermid,Engineer,1998-11-22,9999-01-01
248961,Tsz,Schnabel,Engineer,1995-02-21,2001-12-10
248992,Abdelwaheb,Axelband,Staff,1997-12-03,9999-01-01
249055,Jouko,Kirkerud,Senior Staff,1998-05-07,9999-01-01
249055,Jouko,Kirkerud,Staff,1993-05-07,1998-05-07
249086,Tristan,Swab,Senior Staff,1998-06-17,9999-01-01
249086,Tristan,Swab,Staff,1991-06-17,1998-06-17
249102,Aimee,Lamma,Staff,1996-09-27,1998-05-18
249106,Theron,Duclos,Engineer,1996-04-23,2001-04-23
249106,Theron,Duclos,Senior Engineer,2001-04-23,9999-01-01
249115,Girolamo,Champarnaud,Staff,1999-07-27,9999-01-01
249145,Ortrud,Bultermann,Senior Staff,2001-01-04,9999-01-01
249145,Ortrud,Bultermann,Staff,1994-01-04,2001-01-04
249155,Radhia,Sherertz,Senior Staff,1994-02-11,9999-01-01
249155,Radhia,Sherertz,Staff,1988-02-12,1994-02-11
249165,Barna,Veeraraghavan,Senior Engineer,1993-12-09,9999-01-01
249175,Ult,Pepe,Technique Leader,1991-10-24,9999-01-01
249197,Lena,Theuretzbacher,Staff,1998-10-01,9999-01-01
249209,Ramalingam,Undy,Senior Staff,1996-02-26,9999-01-01
249209,Ramalingam,Undy,Staff,1991-02-26,1996-02-26
249216,Maria,Terlouw,Engineer,1996-06-08,9999-01-01
249229,Cristinel,Caine,Engineer,1998-04-01,9999-01-01
249232,Tsz,Etalle,Engineer,1997-10-13,9999-01-01
249236,LiMin,Munro,Engineer,1991-11-18,1995-08-03
249280,Yaghout,Landherr,Staff,1999-04-12,2000-12-29
249287,Jongsuk,Cromarty,Engineer,1995-11-24,9999-01-01
249347,Guoxiang,Gien,Senior Staff,1995-11-11,9999-01-01
249347,Guoxiang,Gien,Staff,1987-11-11,1995-11-11
249348,Pranjal,Wendorf,Senior Engineer,1994-10-16,2000-11-09
249370,Luigi,Kuhnemann,Senior Engineer,1994-03-06,1997-11-21
249379,Aris,Jullig,Senior Staff,2000-02-28,9999-01-01
249379,Aris,Jullig,Staff,1995-02-28,2000-02-28
249382,Sivanarayana,Gulak,Engineer,1992-09-30,2001-09-30
249382,Sivanarayana,Gulak,Senior Engineer,2001-09-30,9999-01-01
249391,Tesuya,Chappelet,Senior Staff,1998-02-12,9999-01-01
249396,Subhrajyoti,Nations,Engineer,1992-11-16,2000-11-16
249396,Subhrajyoti,Nations,Senior Engineer,2000-11-16,9999-01-01
249407,Chenye,Uhrik,Senior Staff,1994-12-12,1998-12-09
249407,Chenye,Uhrik,Staff,1988-12-12,1994-12-12
249413,Billie,Heuter,Engineer,1987-04-26,1992-04-25
249413,Billie,Heuter,Senior Engineer,1992-04-25,2001-10-15
249423,Abdelwaheb,Ranon,Engineer,1988-07-05,1995-07-06
249423,Abdelwaheb,Ranon,Senior Engineer,1995-07-06,2001-03-08
249443,Yuuichi,Gecsel,Engineer,1994-11-30,1997-04-21
249476,Uli,Tomescu,Staff,1997-08-27,9999-01-01
249477,Masadi,Himler,Engineer,1987-02-13,1993-02-12
249477,Masadi,Himler,Senior Engineer,1993-02-12,9999-01-01
249489,Navin,Roisin,Staff,1990-09-30,1991-11-08
249546,Rosalie,Zyda,Senior Staff,1986-03-22,1986-12-25
249555,Boguslaw,Hennebert,Engineer,1992-03-04,2001-03-04
249555,Boguslaw,Hennebert,Senior Engineer,2001-03-04,9999-01-01
249564,Nevio,Reinhart,Staff,1993-05-11,1998-03-24
249569,Raimond,Bruckman,Engineer,1999-05-08,9999-01-01
249576,Shim,Grandbois,Engineer,1993-02-07,1999-02-07
249576,Shim,Grandbois,Senior Engineer,1999-02-07,9999-01-01
249581,Yechezkel,Kisuki,Technique Leader,1999-02-28,2001-04-19
249586,Radhia,Marrakchi,Senior Engineer,1999-04-16,9999-01-01
249587,Kiyotoshi,Bahr,Senior Staff,1985-03-22,9999-01-01
249606,Miquel,Jonsson,Senior Staff,1991-11-30,9999-01-01
249618,Subhankar,Luce,Technique Leader,1999-08-01,1999-09-19
249628,Arco,Rettelbach,Staff,1985-08-22,1987-04-09
249631,Bingning,Cromarty,Staff,1999-03-20,9999-01-01
249632,Atreyi,Fandrianto,Assistant Engineer,1995-12-04,2000-12-03
249632,Atreyi,Fandrianto,Engineer,2000-12-03,9999-01-01
249648,Sreekrishna,Staelin,Engineer,1998-05-25,9999-01-01
249651,Bernardo,Tzvieli,Engineer,1999-08-18,9999-01-01
249662,Hatim,Bhattacharjee,Engineer,1999-04-09,9999-01-01
249670,Kannan,Perly,Engineer,1989-02-27,1995-02-27
249670,Kannan,Perly,Senior Engineer,1995-02-27,9999-01-01
249672,Bezalel,Uehara,Senior Staff,1986-11-22,9999-01-01
249675,Somnath,Cheshire,Senior Staff,1992-01-13,1995-12-08
249675,Somnath,Cheshire,Staff,1986-01-13,1992-01-13
249681,Thanasis,Dengi,Senior Staff,1996-09-23,1996-11-21
249681,Thanasis,Dengi,Staff,1991-09-24,1996-09-23
249690,Anneke,Hagimont,Senior Staff,1994-06-07,9999-01-01
249690,Anneke,Hagimont,Staff,1986-06-07,1994-06-07
249693,Juichirou,Weiland,Engineer,1996-06-17,2001-06-17
249693,Juichirou,Weiland,Senior Engineer,2001-06-17,9999-01-01
249723,Nikolaos,Coullard,Senior Staff,2001-05-18,9999-01-01
249723,Nikolaos,Coullard,Staff,1992-05-18,2001-05-18
249759,Raimond,Pusterhofer,Senior Staff,1999-01-19,9999-01-01
249759,Raimond,Pusterhofer,Staff,1994-01-19,1999-01-19
249788,Marlo,Shokrollahi,Senior Staff,1989-12-02,9999-01-01
249804,Limsoon,Leivant,Staff,1986-09-14,1989-01-09
249824,Insup,Androutsos,Staff,1998-01-23,9999-01-01
249836,Sumant,Moehrke,Engineer,1995-05-29,9999-01-01
249857,Sven,Wallrath,Engineer,1993-12-12,1999-12-12
249857,Sven,Wallrath,Senior Engineer,1999-12-12,9999-01-01
249858,Shim,Demir,Staff,1996-07-02,1998-09-14
249876,Munehiro,Plump,Technique Leader,1998-07-31,9999-01-01
249887,Shay,Kowalchuk,Engineer,1995-09-20,9999-01-01
249903,Zvonko,Hambrick,Technique Leader,1991-08-12,9999-01-01
249920,Ottavia,Fordan,Senior Engineer,1993-03-03,9999-01-01
249929,Weidon,Luders,Staff,1999-10-15,2001-08-24
249949,Ramzi,Ferriere,Assistant Engineer,2000-01-29,2001-10-26
249953,Ronnie,Rosen,Senior Staff,2000-07-02,2002-05-19
249953,Ronnie,Rosen,Staff,1995-07-03,2000-07-02
249964,Owen,Fendler,Assistant Engineer,1998-06-03,9999-01-01
249991,Ghassan,Yamaashi,Engineer,1987-08-17,1994-08-17
249991,Ghassan,Yamaashi,Senior Engineer,1994-08-17,9999-01-01
249994,Shietung,Swist,Senior Staff,1987-12-29,9999-01-01
250008,Kannan,Ciolek,Senior Staff,2001-12-28,9999-01-01
250008,Kannan,Ciolek,Staff,1992-12-28,2001-12-28
250016,Mara,Kawashima,Senior Staff,2001-08-05,9999-01-01
250016,Mara,Kawashima,Staff,1996-08-05,2001-08-05
250048,Sreenivas,Bratsberg,Engineer,1990-04-08,1997-04-08
250048,Sreenivas,Bratsberg,Senior Engineer,1997-04-08,9999-01-01
250054,Hatim,Reeker,Senior Staff,1999-06-16,9999-01-01
250054,Hatim,Reeker,Staff,1993-06-16,1999-06-16
250058,Pranjal,Llado,Senior Staff,2001-11-05,9999-01-01
250058,Pranjal,Llado,Staff,1995-11-06,2001-11-05
250074,Gor,Valtorta,Engineer,1999-02-04,9999-01-01
250088,Volkmar,Baek,Senior Staff,1992-12-28,9999-01-01
250088,Volkmar,Baek,Staff,1987-12-29,1992-12-28
250094,Heejo,Cannard,Engineer,1999-04-15,2001-08-13
250097,Cullen,Lichtman,Staff,1996-05-27,9999-01-01
250102,Arun,Klerer,Staff,1996-10-29,9999-01-01
250109,Masamitsu,Panwar,Technique Leader,1992-11-28,9999-01-01
250140,Tremaine,Snyers,Engineer,1990-08-08,1995-08-08
250140,Tremaine,Snyers,Senior Engineer,1995-08-08,9999-01-01
250151,Zdislav,Chandrasekhar,Senior Staff,2002-01-06,9999-01-01
250151,Zdislav,Chandrasekhar,Staff,1996-01-07,2002-01-06
250160,Anneli,Snedden,Senior Staff,1999-06-26,9999-01-01
250160,Anneli,Snedden,Staff,1991-06-26,1999-06-26
250195,Yucel,Mapelli,Senior Staff,1997-10-07,9999-01-01
250195,Yucel,Mapelli,Staff,1989-10-07,1997-10-07
250196,Noritoshi,Butterworth,Engineer,1998-02-03,9999-01-01
250206,Palash,Wendorf,Engineer,1985-05-04,1992-05-04
250206,Palash,Wendorf,Senior Engineer,1992-05-04,9999-01-01
250212,Poorav,Mateescu,Senior Staff,1999-06-25,9999-01-01
250212,Poorav,Mateescu,Staff,1992-06-24,1999-06-25
250219,Tse,Nittel,Senior Staff,1988-05-22,9999-01-01
250254,Maria,Conry,Senior Staff,1999-10-27,9999-01-01
250254,Maria,Conry,Staff,1993-10-27,1999-10-27
250268,Turgut,Kushner,Staff,1997-03-06,1999-10-27
250270,Junichi,Osgood,Engineer,1995-09-30,9999-01-01
250283,Abdulah,Krider,Engineer,1999-07-04,9999-01-01
250290,Doowon,Detkin,Technique Leader,1993-09-30,1995-02-10
250319,Marsha,Avouris,Engineer,1998-10-04,1999-05-31
250326,Gianluca,Majewski,Engineer,1999-02-19,9999-01-01
250341,Claudi,Niizuma,Staff,1992-01-14,1995-01-29
250358,Kazuhisa,Sommer,Engineer,1999-11-26,9999-01-01
250365,Kristine,Rikino,Senior Staff,1986-08-27,1998-11-01
250382,Sanjeeva,Chorvat,Staff,1993-12-24,1998-03-25
250395,Richara,Morrey,Engineer,1988-11-15,1992-10-04
250406,Khaled,Wegerle,Engineer,1990-07-12,1996-07-11
250406,Khaled,Wegerle,Senior Engineer,1996-07-11,9999-01-01
250416,Angel,Templeman,Engineer,1991-11-13,1992-07-17
250417,Khue,Brodal,Staff,1995-01-11,9999-01-01
250429,Ingemar,Nicolson,Senior Staff,2001-06-18,9999-01-01
250429,Ingemar,Nicolson,Staff,1992-06-18,2001-06-18
250441,Adam,Danner,Engineer,1997-09-29,9999-01-01
250442,Vitaly,Rossi,Senior Engineer,1990-09-21,9999-01-01
250447,Hercules,Ushiama,Engineer,1996-09-07,9999-01-01
250457,Kwun,Muchinsky,Staff,1997-07-08,2001-04-11
250461,Laurentiu,Schieder,Engineer,1997-07-24,2002-07-24
250461,Laurentiu,Schieder,Senior Engineer,2002-07-24,9999-01-01
250463,Anwar,Brattka,Staff,1995-01-04,9999-01-01
250484,Odysseas,Undy,Senior Staff,1997-07-04,9999-01-01
250484,Odysseas,Undy,Staff,1989-07-04,1997-07-04
250489,Alassane,Bahk,Senior Staff,1997-11-03,1998-07-14
250489,Alassane,Bahk,Staff,1992-11-03,1997-11-03
250490,Shigenori,Crabtree,Engineer,1993-06-26,2002-06-26
250490,Shigenori,Crabtree,Senior Engineer,2002-06-26,9999-01-01
250491,Yuuichi,Iivonen,Senior Engineer,1989-05-08,9999-01-01
250510,Sajjad,Chaudhuri,Senior Engineer,1999-10-30,9999-01-01
250513,Magy,Rousseau,Senior Staff,1998-12-07,9999-01-01
250513,Magy,Rousseau,Staff,1989-12-07,1998-12-07
250537,Izaskun,Raney,Assistant Engineer,1997-05-05,9999-01-01
250588,Thanasis,Kakkad,Engineer,1999-12-23,9999-01-01
250627,Haldun,Sundgren,Senior Staff,1991-06-19,9999-01-01
250649,Claudi,Shrader,Senior Engineer,1996-04-20,9999-01-01
250654,Juyoung,Vidal,Staff,1997-08-10,2001-06-19
250672,Arto,Angelopoulos,Staff,1996-09-09,9999-01-01
250680,Candida,Meszaros,Senior Staff,1996-09-28,9999-01-01
250684,Chenyi,Awdeh,Engineer,1986-05-17,1993-05-17
250684,Chenyi,Awdeh,Senior Engineer,1993-05-17,9999-01-01
250706,Udo,Zykh,Engineer,1998-12-07,9999-01-01
250732,Flemming,McConalogue,Engineer,1992-04-22,2000-04-22
250732,Flemming,McConalogue,Senior Engineer,2000-04-22,9999-01-01
250739,Bilhanan,Farris,Engineer,1994-06-28,2000-06-27
250739,Bilhanan,Farris,Senior Engineer,2000-06-27,9999-01-01
250755,Yuguang,Whitcomb,Senior Staff,1993-01-13,9999-01-01
250755,Yuguang,Whitcomb,Staff,1986-01-13,1993-01-13
250758,Naraig,Backhouse,Engineer,1999-12-29,9999-01-01
250764,Bilhanan,Terwilliger,Senior Engineer,1990-07-10,9999-01-01
250770,Anneli,Kornatzky,Engineer,1985-03-16,1990-03-16
250770,Anneli,Kornatzky,Senior Engineer,1990-03-16,9999-01-01
250781,Lakshmi,Masada,Engineer,1997-05-05,9999-01-01
250784,Persi,Morris,Assistant Engineer,1986-08-18,1991-08-18
250784,Persi,Morris,Engineer,1991-08-18,1996-08-17
250784,Persi,Morris,Senior Engineer,1996-08-17,1999-06-17
250793,Christ,Yamaashi,Engineer,1990-02-13,1997-02-13
250793,Christ,Yamaashi,Senior Engineer,1997-02-13,9999-01-01
250797,Serenella,Debuse,Engineer,1985-04-16,1994-04-16
250797,Serenella,Debuse,Senior Engineer,1994-04-16,9999-01-01
250804,Chenye,Lamparter,Engineer,1985-10-16,1994-10-16
250804,Chenye,Lamparter,Senior Engineer,1994-10-16,9999-01-01
250815,Jiong,Lichtner,Senior Staff,1996-05-19,9999-01-01
250815,Jiong,Lichtner,Staff,1991-05-20,1996-05-19
250841,Dmitry,Khalil,Staff,1999-03-21,9999-01-01
250850,Gully,Zongker,Senior Staff,1992-03-07,9999-01-01
250880,Xuejun,Setia,Senior Staff,1996-03-25,9999-01-01
250897,Conal,Choobineh,Senior Engineer,1992-10-31,9999-01-01
250908,Halsur,Siepmann,Senior Staff,1996-10-25,9999-01-01
250910,Gao,Brookner,Senior Staff,1992-08-24,9999-01-01
250910,Gao,Brookner,Staff,1986-08-25,1992-08-24
250920,Yucel,Baby,Staff,1999-01-28,9999-01-01
250941,Toshiko,Narwekar,Engineer,1997-10-11,9999-01-01
250953,Jinxi,Pluym,Staff,1998-12-06,2001-05-29
251003,Nagui,Guting,Engineer,1990-01-22,1997-01-22
251003,Nagui,Guting,Senior Engineer,1997-01-22,9999-01-01
251014,Vasilis,Demke,Engineer,1998-11-17,9999-01-01
251021,Gita,Mattern,Senior Engineer,1985-11-05,9999-01-01
251025,Noritoshi,Guenter,Engineer,1996-05-29,9999-01-01
251031,Jeanna,Sichman,Staff,1994-09-04,9999-01-01
251060,Garnet,Danley,Technique Leader,1997-09-01,9999-01-01
251075,Shigenori,Ginesta,Senior Engineer,1990-12-19,9999-01-01
251086,Jianhua,Thombley,Senior Staff,1993-04-10,9999-01-01
251086,Jianhua,Thombley,Staff,1986-04-10,1993-04-10
251089,Vugranam,Beznosov,Engineer,1985-03-21,1990-03-21
251089,Vugranam,Beznosov,Senior Engineer,1990-03-21,9999-01-01
251096,Fan,Kusakari,Engineer,1993-12-16,2000-12-16
251096,Fan,Kusakari,Senior Engineer,2000-12-16,9999-01-01
251097,Vishu,Heiserman,Senior Engineer,2000-01-19,2001-09-04
251123,Kinh,Argence,Senior Engineer,1999-10-03,9999-01-01
251131,Theirry,Schmiedel,Engineer,1992-08-09,1995-11-11
251132,Jaroslava,Crelier,Engineer,1994-12-30,2001-12-30
251132,Jaroslava,Crelier,Senior Engineer,2001-12-30,9999-01-01
251144,Kensyu,Gadepally,Staff,1998-12-14,9999-01-01
251145,Ashish,Zumaque,Senior Engineer,1985-11-25,9999-01-01
251148,Sreekrishna,Emden,Senior Staff,1996-01-09,9999-01-01
251153,Shooichi,Zultner,Senior Staff,1998-11-08,9999-01-01
251153,Shooichi,Zultner,Staff,1989-11-08,1998-11-08
251160,Goh,Baja,Engineer,1994-05-06,9999-01-01
251173,Bedrich,Massonet,Engineer,1987-02-12,1994-02-12
251173,Bedrich,Massonet,Senior Engineer,1994-02-12,9999-01-01
251176,Xiaoqiu,Brizzi,Engineer,1998-05-19,9999-01-01
251187,Martins,Valtorta,Staff,1999-12-08,2000-12-25
251198,Mayumi,Leijenhorst,Staff,1986-06-07,1988-02-18
251209,Adas,Baek,Senior Staff,1999-07-01,9999-01-01
251220,Fuqing,Braunmuhl,Engineer,1988-01-23,1993-01-22
251220,Fuqing,Braunmuhl,Senior Engineer,1993-01-22,9999-01-01
251229,Zhiwei,Perko,Engineer,1998-08-07,9999-01-01
251252,Jianhao,Comyn,Engineer,1989-09-28,1997-09-28
251252,Jianhao,Comyn,Senior Engineer,1997-09-28,2002-07-18
251298,Chenyi,Vadhan,Staff,1991-06-16,1992-04-21
251311,Jeong,Thorelli,Senior Engineer,1990-07-20,1993-09-25
251312,Kiam,Furudate,Senior Staff,1994-08-01,9999-01-01
251312,Kiam,Furudate,Staff,1985-08-01,1994-08-01
251323,Rafael,Farrag,Assistant Engineer,1995-01-15,1996-10-26
251326,Fayez,Streng,Senior Engineer,1987-07-16,9999-01-01
251342,Takushi,Sundgren,Senior Staff,1995-05-17,2001-08-14
251359,Dhritiman,Randt,Senior Staff,2002-01-16,9999-01-01
251359,Dhritiman,Randt,Staff,1997-01-16,2002-01-16
251371,Jackson,Lorch,Senior Staff,1998-07-12,9999-01-01
251371,Jackson,Lorch,Staff,1991-07-12,1998-07-12
251407,Jinya,Bennis,Engineer,1987-06-21,1996-06-20
251407,Jinya,Bennis,Senior Engineer,1996-06-20,9999-01-01
251421,Weiru,Iisaku,Engineer,1990-09-13,1997-09-13
251421,Weiru,Iisaku,Senior Engineer,1997-09-13,9999-01-01
251444,Ult,Kragelund,Staff,1997-03-01,9999-01-01
251446,Gita,Beetstra,Engineer,1985-09-28,1994-09-28
251446,Gita,Beetstra,Senior Engineer,1994-09-28,9999-01-01
251465,Sajjad,Bahk,Technique Leader,1994-08-11,1996-09-24
251477,Arie,Peres,Engineer,1998-01-09,9999-01-01
251479,Ioana,Pell,Senior Staff,1992-03-05,9999-01-01
251479,Ioana,Pell,Staff,1987-03-06,1992-03-05
251498,Fumiko,Gyimothy,Senior Staff,1990-02-27,9999-01-01
251508,Christ,Malabarba,Senior Staff,1995-04-10,9999-01-01
251508,Christ,Malabarba,Staff,1988-04-09,1995-04-10
251509,JoAnne,Bernardeschi,Engineer,1986-09-04,1992-09-03
251509,JoAnne,Bernardeschi,Senior Engineer,1992-09-03,9999-01-01
251511,Diederik,Legleitner,Staff,1993-11-16,1997-07-31
251523,Leif,Zucker,Senior Staff,1994-04-18,9999-01-01
251523,Leif,Zucker,Staff,1986-04-18,1994-04-18
251543,Isaac,Cronan,Staff,1997-11-19,9999-01-01
251556,Lucien,Nitsche,Senior Staff,1999-04-21,9999-01-01
251556,Lucien,Nitsche,Staff,1992-04-20,1999-04-21
251560,Kwun,Mamelak,Senior Staff,1995-03-05,9999-01-01
251560,Kwun,Mamelak,Staff,1989-03-05,1995-03-05
251575,Ortrun,Hoogerwoord,Senior Engineer,1985-05-28,9999-01-01
251611,Chenye,Halloran,Technique Leader,1992-12-19,9999-01-01
251622,Shigeichiro,Roison,Staff,1996-01-28,9999-01-01
251627,Wuxu,Baez,Senior Staff,1993-12-11,9999-01-01
251627,Wuxu,Baez,Staff,1987-12-12,1993-12-11
251649,Dulce,Makinen,Senior Staff,1998-07-31,9999-01-01
251649,Dulce,Makinen,Staff,1993-07-31,1998-07-31
251650,Cullen,Chimia,Engineer,1996-01-20,2002-01-19
251650,Cullen,Chimia,Senior Engineer,2002-01-19,9999-01-01
251651,Yefim,Miyakawa,Senior Staff,1998-09-05,9999-01-01
251651,Yefim,Miyakawa,Staff,1990-09-05,1998-09-05
251655,Debatosh,Manders,Senior Staff,2001-04-08,9999-01-01
251655,Debatosh,Manders,Staff,1996-04-08,2001-04-08
251662,Barry,Skogmar,Senior Engineer,1997-01-07,9999-01-01
251663,Kensei,Litzler,Senior Staff,1995-04-26,9999-01-01
251672,Kankanahalli,Marakhovsky,Senior Staff,1998-11-05,9999-01-01
251672,Kankanahalli,Marakhovsky,Staff,1992-11-05,1998-11-05
251673,Tsvetan,Suri,Staff,1998-08-18,9999-01-01
251679,Tomofumi,Remmele,Senior Engineer,1995-10-02,2000-05-17
251690,Stamatina,Sichman,Senior Engineer,1992-04-24,9999-01-01
251708,Yinghua,Ritcey,Engineer,1991-01-01,1996-12-31
251708,Yinghua,Ritcey,Senior Engineer,1996-12-31,9999-01-01
251723,Sachem,Ozeki,Senior Staff,1998-10-08,9999-01-01
251723,Sachem,Ozeki,Staff,1992-10-08,1998-10-08
251731,Kokou,Pintelas,Engineer,1987-11-15,1994-11-15
251731,Kokou,Pintelas,Senior Engineer,1994-11-15,1999-09-07
251736,Munenori,Yavatkar,Staff,1998-01-23,9999-01-01
251778,Hiroyasu,Trogemann,Assistant Engineer,1998-04-04,9999-01-01
251786,Palash,Gecseg,Staff,1994-12-31,9999-01-01
251797,Mayumi,Axelband,Technique Leader,1985-09-06,9999-01-01
251828,Subhankar,Suessmith,Senior Staff,1998-06-11,9999-01-01
251828,Subhankar,Suessmith,Staff,1993-06-11,1998-06-11
251831,Perry,Brender,Staff,1996-02-18,9999-01-01
251843,Chriss,Oberman,Engineer,1998-08-26,9999-01-01
251858,Elgin,Benzmuller,Senior Staff,1994-12-11,1999-02-13
251858,Elgin,Benzmuller,Staff,1987-12-11,1994-12-11
251860,Berni,Pappas,Technique Leader,1986-02-07,1999-02-21
251878,Franziska,Salinas,Assistant Engineer,1988-01-13,1993-06-17
251901,Arco,Hettesheimer,Engineer,1993-12-23,9999-01-01
251910,Lansing,Schaap,Engineer,1994-06-24,2001-06-24
251910,Lansing,Schaap,Senior Engineer,2001-06-24,9999-01-01
251917,Foong,Cooley,Assistant Engineer,1991-06-08,2000-06-07
251917,Foong,Cooley,Engineer,2000-06-07,9999-01-01
251929,Gurbir,Levasseur,Senior Staff,1996-07-02,9999-01-01
251929,Gurbir,Levasseur,Staff,1987-07-03,1996-07-02
251931,Zeydy,Fetvedt,Senior Staff,2002-01-30,9999-01-01
251931,Zeydy,Fetvedt,Staff,1994-01-30,2002-01-30
251937,Shem,Hooghiemstra,Senior Staff,1993-01-15,9999-01-01
251937,Shem,Hooghiemstra,Staff,1987-01-16,1993-01-15
251980,Breannda,Soloway,Engineer,1987-01-23,1994-01-23
251980,Breannda,Soloway,Senior Engineer,1994-01-23,9999-01-01
251984,Danae,Muntz,Senior Engineer,1997-03-03,9999-01-01
252003,Keiichiro,Avouris,Engineer,1993-12-09,2001-12-09
252003,Keiichiro,Avouris,Senior Engineer,2001-12-09,9999-01-01
252007,Marsha,Kropp,Engineer,1989-11-03,1995-11-03
252007,Marsha,Kropp,Senior Engineer,1995-11-03,1999-03-23
252017,Aamer,Garnham,Staff,1993-06-08,1997-09-23
252029,Edwin,Chvatal,Staff,1995-07-17,9999-01-01
252048,Marsal,Przulj,Engineer,1991-10-07,2000-10-06
252048,Marsal,Przulj,Senior Engineer,2000-10-06,9999-01-01
252076,Munenori,Selvestrel,Senior Staff,1996-02-13,1996-07-08
252076,Munenori,Selvestrel,Staff,1987-02-13,1996-02-13
252085,Giordano,Birke,Staff,1993-10-25,1996-10-14
252099,Volkmar,Schreiter,Senior Staff,1992-05-16,9999-01-01
252099,Volkmar,Schreiter,Staff,1987-05-17,1992-05-16
252119,Fumiya,Perng,Assistant Engineer,1997-06-16,2002-06-16
252119,Fumiya,Perng,Engineer,2002-06-16,9999-01-01
252120,Pasqua,Unni,Engineer,1988-12-04,1997-12-04
252120,Pasqua,Unni,Senior Engineer,1997-12-04,9999-01-01
252129,Taegyun,Mandell,Senior Staff,1995-04-08,9999-01-01
252129,Taegyun,Mandell,Staff,1989-04-08,1995-04-08
252147,Sergi,Morris,Engineer,1989-11-08,1996-11-08
252147,Sergi,Morris,Senior Engineer,1996-11-08,9999-01-01
252165,Ziyad,Passino,Engineer,1992-03-22,1996-03-28
252168,Mohammed,Lamma,Engineer,1989-12-29,1994-12-29
252168,Mohammed,Lamma,Senior Engineer,1994-12-29,9999-01-01
252178,Shuzo,Byoun,Engineer,1996-10-27,9999-01-01
252200,Mabhin,Fortenbacher,Staff,1998-06-17,9999-01-01
252203,Guenter,Shihab,Staff,1997-03-19,9999-01-01
252205,Gretta,Compeau,Senior Staff,1997-11-21,1998-02-10
252205,Gretta,Compeau,Staff,1992-11-21,1997-11-21
252206,Satoru,Neimat,Senior Staff,1998-04-09,9999-01-01
252206,Satoru,Neimat,Staff,1990-04-09,1998-04-09
252220,Shahid,Speckmann,Staff,1995-02-21,1999-11-11
252249,Sasan,Azumi,Staff,1998-09-06,1999-12-28
252283,Mahendra,Mitchem,Staff,1994-04-14,9999-01-01
252294,Shooichi,Marzano,Engineer,1991-01-06,1999-01-06
252294,Shooichi,Marzano,Senior Engineer,1999-01-06,9999-01-01
252303,Akhilish,Basawa,Staff,1999-01-19,9999-01-01
252305,George,Siksek,Senior Engineer,1993-10-26,9999-01-01
252314,Houman,Besselaar,Staff,1998-06-08,9999-01-01
252335,Moni,Butterworth,Senior Staff,1994-12-17,9999-01-01
252335,Moni,Butterworth,Staff,1987-12-17,1994-12-17
252358,Ewing,Grospietsch,Engineer,1995-06-05,9999-01-01
252360,Ziva,Demian,Senior Staff,2001-11-12,9999-01-01
252360,Ziva,Demian,Staff,1995-11-13,2001-11-12
252389,Chikako,Beutelspacher,Engineer,1991-12-01,1998-12-01
252389,Chikako,Beutelspacher,Senior Engineer,1998-12-01,9999-01-01
252442,Rosine,Lukaszewicz,Senior Staff,1995-06-25,9999-01-01
252442,Rosine,Lukaszewicz,Staff,1988-06-24,1995-06-25
252452,Zijian,Waleschkowski,Senior Staff,1996-05-15,9999-01-01
252452,Zijian,Waleschkowski,Staff,1988-05-15,1996-05-15
252466,Ibibia,Guting,Senior Staff,2002-01-06,9999-01-01
252466,Ibibia,Guting,Staff,1997-01-06,2002-01-06
252469,Juichirou,Alpay,Engineer,1993-10-08,9999-01-01
252490,Roselyn,Auria,Senior Engineer,1986-04-01,9999-01-01
252508,Dmitry,Itzigehl,Engineer,1993-06-21,2001-06-21
252508,Dmitry,Itzigehl,Senior Engineer,2001-06-21,9999-01-01
252512,Tsvetan,Begiun,Technique Leader,1990-04-30,9999-01-01
252518,Luise,Thorelli,Engineer,1985-06-05,1992-06-05
252518,Luise,Thorelli,Senior Engineer,1992-06-05,9999-01-01
252542,Sanjay,Heemskerk,Engineer,1988-02-27,1991-03-19
252548,DAIDA,Deville,Engineer,1998-11-19,1999-11-01
252557,Marit,Erdmenger,Engineer,1991-04-26,1996-04-25
252557,Marit,Erdmenger,Senior Engineer,1996-04-25,9999-01-01
252574,Jeong,Soloway,Senior Staff,1996-08-29,1999-11-22
252574,Jeong,Soloway,Staff,1989-08-29,1996-08-29
252579,Chiranjit,Unno,Technique Leader,1988-06-09,9999-01-01
252600,Gunilla,Schlegelmilch,Engineer,1997-04-03,9999-01-01
252618,Pohua,Sury,Engineer,1994-08-22,1997-01-09
252632,Kazuhisa,Fujisawa,Senior Engineer,1996-07-23,9999-01-01
252643,Aleksandar,Thorensen,Senior Staff,1995-01-15,9999-01-01
252643,Aleksandar,Thorensen,Staff,1988-01-15,1995-01-15
252649,Gro,Luft,Engineer,1991-07-30,2000-07-29
252649,Gro,Luft,Senior Engineer,2000-07-29,9999-01-01
252651,Fabrizio,Pappas,Engineer,1997-07-14,9999-01-01
252661,Tomokazu,Hatcliff,Engineer,1989-05-18,1997-05-18
252661,Tomokazu,Hatcliff,Senior Engineer,1997-05-18,9999-01-01
252679,Val,Juneja,Engineer,1985-09-21,1991-09-21
252679,Val,Juneja,Senior Engineer,1991-09-21,9999-01-01
252683,Nakhoon,Decaestecker,Senior Engineer,1997-03-23,9999-01-01
252710,Barna,Narlikar,Senior Staff,1997-11-22,1999-01-31
252710,Barna,Narlikar,Staff,1989-11-22,1997-11-22
252716,Xiadong,Schwaller,Engineer,1986-11-21,1992-11-20
252716,Xiadong,Schwaller,Senior Engineer,1992-11-20,9999-01-01
252718,Alselm,Reistad,Engineer,1985-04-14,1991-04-14
252718,Alselm,Reistad,Senior Engineer,1991-04-14,9999-01-01
252719,Diederik,Beetstra,Technique Leader,1988-05-28,9999-01-01
252742,Yoshinari,Gilg,Engineer,1997-05-12,9999-01-01
252784,Becky,Pezzoli,Senior Engineer,1993-04-03,9999-01-01
252788,Toney,Lanphier,Senior Staff,1993-09-10,9999-01-01
252788,Toney,Lanphier,Staff,1986-09-10,1993-09-10
252791,Heejo,Nations,Engineer,1992-02-29,1999-03-01
252791,Heejo,Nations,Senior Engineer,1999-03-01,9999-01-01
252792,Gadiel,Stasinski,Engineer,1987-11-24,1995-11-24
252792,Gadiel,Stasinski,Senior Engineer,1995-11-24,9999-01-01
252794,Vitaly,Raoux,Engineer,1992-09-23,2001-09-23
252794,Vitaly,Raoux,Senior Engineer,2001-09-23,9999-01-01
252799,Uma,Erie,Engineer,1997-09-22,9999-01-01
252815,Niteen,Veldwijk,Senior Engineer,1988-09-23,9999-01-01
252817,Nadjib,Gyimothy,Engineer,1985-05-07,1990-05-07
252817,Nadjib,Gyimothy,Senior Engineer,1990-05-07,1991-03-26
252818,Maya,Olivero,Senior Staff,1985-12-02,9999-01-01
252824,Cullen,Krohm,Engineer,1988-07-30,1993-07-30
252824,Cullen,Krohm,Senior Engineer,1993-07-30,9999-01-01
252828,Goh,Herath,Engineer,1995-11-07,2000-11-06
252828,Goh,Herath,Senior Engineer,2000-11-06,9999-01-01
252831,Yaghout,Leonhardt,Senior Staff,1995-01-08,9999-01-01
252831,Yaghout,Leonhardt,Staff,1990-01-08,1995-01-08
252838,Ronnie,Wroclawski,Staff,1996-08-08,1998-01-01
252844,Hsiangchu,Wynblatt,Staff,1999-12-24,9999-01-01
252847,Shawna,Munoz,Engineer,1997-11-23,9999-01-01
252849,George,Neiman,Senior Staff,2000-09-04,9999-01-01
252849,George,Neiman,Staff,1995-09-05,2000-09-04
252874,Dhritiman,Guardalben,Senior Staff,1995-01-27,9999-01-01
252891,Tsz,Akiyama,Senior Staff,2000-11-06,9999-01-01
252891,Tsz,Akiyama,Staff,1991-11-07,2000-11-06
252898,Eran,Radwan,Senior Staff,1998-08-16,9999-01-01
252898,Eran,Radwan,Staff,1992-08-16,1998-08-16
252917,Kristinn,Berztiss,Senior Staff,1992-04-04,9999-01-01
252917,Kristinn,Berztiss,Staff,1987-04-06,1992-04-04
252920,Sukumar,Danlos,Senior Engineer,1987-04-20,9999-01-01
252937,Paraskevi,Masand,Senior Staff,1997-04-24,9999-01-01
252957,Pranay,Chartres,Senior Staff,2000-10-28,9999-01-01
252957,Pranay,Chartres,Staff,1992-10-28,2000-10-28
252974,Hein,Merlo,Senior Staff,1992-05-18,9999-01-01
252974,Hein,Merlo,Staff,1985-05-18,1992-05-18
252977,Lobel,Solovay,Senior Staff,1989-04-06,1991-03-07
253001,Yolla,Assaf,Engineer,1992-08-11,1999-08-12
253001,Yolla,Assaf,Senior Engineer,1999-08-12,9999-01-01
253011,Bodh,Botman,Senior Staff,1986-09-07,9999-01-01
253028,Wilmer,Straney,Senior Staff,1998-05-09,9999-01-01
253028,Wilmer,Straney,Staff,1990-05-09,1998-05-09
253068,Fun,Reinhart,Engineer,1999-03-27,9999-01-01
253072,Boriana,Binding,Senior Engineer,1995-01-16,2002-02-19
253090,Piyush,Kranzdorf,Senior Engineer,1993-05-02,9999-01-01
253113,Yishai,Khalid,Engineer,1994-09-20,2000-05-27
253118,Abdelghani,Greenaway,Senior Staff,1985-02-18,9999-01-01
253143,Bangqing,Leaver,Senior Engineer,1992-07-06,9999-01-01
253148,Alair,Bail,Technique Leader,1988-11-22,9999-01-01
253203,Ortrun,Mullainathan,Assistant Engineer,1997-03-12,9999-01-01
253211,Piyush,Kruskal,Senior Staff,1994-10-22,9999-01-01
253211,Piyush,Kruskal,Staff,1986-10-22,1994-10-22
253221,Shietung,Schnabel,Senior Staff,1993-08-06,9999-01-01
253221,Shietung,Schnabel,Staff,1985-08-06,1993-08-06
253224,Ekawit,Chenoweth,Senior Engineer,1996-02-27,9999-01-01
253232,Duke,Leslie,Senior Engineer,1992-03-05,9999-01-01
253238,Yurii,Ramamoorthy,Senior Staff,1997-06-17,9999-01-01
253238,Yurii,Ramamoorthy,Staff,1989-06-17,1997-06-17
253243,Patricio,Schach,Engineer,1992-03-29,1998-03-29
253243,Patricio,Schach,Senior Engineer,1998-03-29,9999-01-01
253274,Filipe,Maquelin,Senior Staff,1999-03-25,9999-01-01
253274,Filipe,Maquelin,Staff,1992-03-24,1999-03-25
253275,Khue,Gewali,Engineer,1989-03-24,1997-03-24
253275,Khue,Gewali,Senior Engineer,1997-03-24,9999-01-01
253285,Nobuyoshi,Fortenbacher,Senior Engineer,1996-09-07,9999-01-01
253286,Naftali,Zizka,Senior Engineer,1985-06-23,9999-01-01
253293,Kauko,Krupka,Engineer,1991-07-16,2000-07-15
253293,Kauko,Krupka,Senior Engineer,2000-07-15,9999-01-01
253296,Shai,Rosenbaum,Senior Staff,1996-01-19,9999-01-01
253296,Shai,Rosenbaum,Staff,1990-01-19,1996-01-19
253319,Xuejun,Giveon,Senior Staff,1995-07-28,9999-01-01
253319,Xuejun,Giveon,Staff,1986-07-28,1995-07-28
253320,Takahiro,Asser,Senior Staff,1991-12-28,9999-01-01
253330,Basil,Bellone,Assistant Engineer,1985-11-03,1990-11-03
253330,Basil,Bellone,Engineer,1990-11-03,1993-04-23
253331,Subhankar,Zockler,Technique Leader,1988-02-09,9999-01-01
253332,Marsha,Herber,Engineer,1988-11-02,1997-11-02
253332,Marsha,Herber,Senior Engineer,1997-11-02,9999-01-01
253349,Taizo,Schmittgen,Engineer,1986-02-05,1993-02-05
253349,Taizo,Schmittgen,Senior Engineer,1993-02-05,9999-01-01
253357,Bodo,Haraldson,Staff,1996-04-25,9999-01-01
253360,Tokuyasu,Heuter,Senior Staff,1991-07-17,9999-01-01
253360,Tokuyasu,Heuter,Staff,1986-07-17,1991-07-17
253368,Guenter,Syrotiuk,Technique Leader,1995-08-19,9999-01-01
253383,Aleksandar,Toyoshima,Senior Staff,1992-11-13,9999-01-01
253388,Feixiong,Zucker,Staff,1996-08-10,9999-01-01
253413,Guadalupe,Sankaranarayanan,Staff,2000-01-12,9999-01-01
253418,Zhonghua,Zeleznik,Staff,1987-06-25,1993-12-19
253439,Jayson,Taubman,Staff,1995-06-05,1997-09-25
253470,Odysseas,Usery,Senior Staff,1995-04-14,9999-01-01
253470,Odysseas,Usery,Staff,1989-04-14,1995-04-14
253477,Augustine,Sifakis,Engineer,1989-10-02,1993-07-07
253489,Tsz,Ferriere,Engineer,1985-02-26,1992-02-27
253489,Tsz,Ferriere,Senior Engineer,1992-02-27,9999-01-01
253517,Nirmal,Gulla,Assistant Engineer,1991-10-29,1997-10-28
253517,Nirmal,Gulla,Engineer,1997-10-28,9999-01-01
253518,Valter,Rosaz,Engineer,1985-09-25,1992-09-25
253518,Valter,Rosaz,Senior Engineer,1992-09-25,9999-01-01
253521,Jaewoo,Boguraev,Senior Staff,1999-03-21,9999-01-01
253521,Jaewoo,Boguraev,Staff,1993-03-21,1999-03-21
253531,Uma,Macedo,Engineer,1991-09-14,1996-09-13
253531,Uma,Macedo,Senior Engineer,1996-09-13,9999-01-01
253532,Odoardo,Hiyoshi,Engineer,1990-03-27,1993-03-14
253547,Tse,Thiran,Senior Staff,1996-05-28,9999-01-01
253547,Tse,Thiran,Staff,1989-05-28,1996-05-28
253578,Lene,Anandan,Technique Leader,1990-11-03,9999-01-01
253598,Ulises,Pintelas,Engineer,1986-03-05,1994-03-05
253598,Ulises,Pintelas,Senior Engineer,1994-03-05,9999-01-01
253627,Phillip,Chenoweth,Technique Leader,1999-06-13,2000-06-13
253641,Xiaobin,Strehl,Engineer,1987-03-23,1992-03-22
253641,Xiaobin,Strehl,Senior Engineer,1992-03-22,9999-01-01
253646,Fusako,Klassen,Technique Leader,1987-09-24,9999-01-01
253664,Moni,Fontet,Staff,1997-05-20,9999-01-01
253671,Uli,Malinowski,Senior Engineer,1998-03-01,1999-04-22
253677,Jiakeng,Kalafatis,Senior Engineer,1994-04-05,2000-09-30
253684,Oksana,Poupard,Senior Engineer,1994-03-18,9999-01-01
253719,Nishit,Munos,Engineer,1985-07-04,1993-07-04
253719,Nishit,Munos,Senior Engineer,1993-07-04,1999-05-27
253741,Goh,Ecklund,Engineer,1986-02-03,1992-03-08
253762,Janalee,Dayana,Engineer,1988-06-13,1995-06-14
253762,Janalee,Dayana,Senior Engineer,1995-06-14,9999-01-01
253765,Koldo,Krybus,Staff,1994-04-10,9999-01-01
253774,Jaber,Llado,Engineer,1992-02-13,1999-02-13
253774,Jaber,Llado,Senior Engineer,1999-02-13,9999-01-01
253787,Filipe,Bottner,Staff,1999-03-25,2001-02-23
253788,Basil,Baek,Senior Engineer,1989-05-22,9999-01-01
253802,Rosalyn,Zyda,Senior Staff,1995-03-25,9999-01-01
253802,Rosalyn,Zyda,Staff,1990-03-25,1995-03-25
253815,Sadok,Plesums,Senior Engineer,1994-05-28,9999-01-01
253825,Giordano,Stille,Engineer,1987-10-31,1995-10-31
253825,Giordano,Stille,Senior Engineer,1995-10-31,9999-01-01
253854,Weidon,Gronowski,Senior Staff,1992-06-21,2001-10-29
253867,Charmane,Itschner,Staff,1998-12-27,9999-01-01
253871,Pradeep,Remmele,Staff,1991-08-30,1997-07-27
253872,Chenye,Fairtlough,Senior Staff,1996-07-21,9999-01-01
253889,Badri,Lung,Senior Staff,1993-08-07,1997-01-31
253892,Ohad,Bazelow,Senior Engineer,1990-06-21,9999-01-01
253902,Toshimi,Morrow,Senior Staff,1987-09-08,1994-12-16
253903,Shaowei,Pocchiola,Engineer,1997-11-11,9999-01-01
253910,Petter,Shackell,Engineer,1998-04-24,9999-01-01
253915,Marlo,Pouyioutas,Senior Staff,2001-08-23,9999-01-01
253915,Marlo,Pouyioutas,Staff,1994-08-23,2001-08-23
253920,Bodh,Spelt,Senior Staff,2000-07-17,9999-01-01
253920,Bodh,Spelt,Staff,1994-07-18,2000-07-17
253929,Ravishankar,Huxford,Engineer,1991-05-22,1997-05-21
253929,Ravishankar,Huxford,Senior Engineer,1997-05-21,9999-01-01
253934,Niclas,Zambonelli,Senior Engineer,1987-01-31,9999-01-01
253944,Moni,Xiaoshan,Engineer,1995-01-28,2001-01-27
253944,Moni,Xiaoshan,Senior Engineer,2001-01-27,9999-01-01
253950,Duangkaew,Cangellaris,Staff,1995-10-23,9999-01-01
253955,Remzi,Basart,Technique Leader,1998-01-19,9999-01-01
254000,Val,Masaki,Engineer,1997-01-04,9999-01-01
254008,Waiman,Plumb,Senior Staff,2000-01-03,9999-01-01
254008,Waiman,Plumb,Staff,1992-01-03,2000-01-03
254027,Goh,Binding,Engineer,1998-12-11,2001-07-10
254042,Rosita,Kohling,Engineer,1990-10-23,1995-10-23
254042,Rosita,Kohling,Senior Engineer,1995-10-23,9999-01-01
254045,Hiroyasu,Argence,Engineer,1992-01-20,1992-06-20
254057,Mang,Michaeli,Senior Staff,2000-04-24,9999-01-01
254057,Mang,Michaeli,Staff,1991-04-25,2000-04-24
254101,Sumant,Bennis,Engineer,1990-03-28,1995-03-28
254101,Sumant,Bennis,Senior Engineer,1995-03-28,2001-04-02
254103,Taizo,Scharstein,Technique Leader,1986-05-13,9999-01-01
254104,Kerryn,Pfau,Engineer,1998-05-04,9999-01-01
254108,Mario,Viele,Engineer,1993-04-03,2000-04-03
254108,Mario,Viele,Senior Engineer,2000-04-03,9999-01-01
254109,Amabile,Greibach,Assistant Engineer,1998-11-22,9999-01-01
254114,Dung,Curless,Engineer,1986-02-16,1989-01-30
254130,Guttorm,Farrel,Senior Staff,1994-06-21,9999-01-01
254130,Guttorm,Farrel,Staff,1988-06-21,1994-06-21
254140,Luerbio,Zhiwei,Engineer,1996-02-09,2001-02-08
254140,Luerbio,Zhiwei,Senior Engineer,2001-02-08,9999-01-01
254159,Mayumi,Thambidurai,Senior Staff,1997-10-12,9999-01-01
254159,Mayumi,Thambidurai,Staff,1992-10-12,1997-10-12
254171,Subir,Linnainmaa,Senior Engineer,1993-04-29,9999-01-01
254175,Steve,Isaak,Staff,1996-10-25,2001-05-13
254179,Duro,Klyachko,Staff,1996-07-23,9999-01-01
254214,Genevieve,Lakshmanan,Senior Engineer,1999-07-27,9999-01-01
254233,Kenroku,England,Engineer,1995-03-21,2002-03-21
254233,Kenroku,England,Senior Engineer,2002-03-21,9999-01-01
254274,Saddek,Spataro,Engineer,1985-05-03,1993-05-03
254274,Saddek,Spataro,Senior Engineer,1993-05-03,9999-01-01
254277,Basil,Braunschweig,Engineer,1999-05-22,1999-10-11
254287,Tiina,Vernadat,Engineer,1990-08-28,1999-08-28
254287,Tiina,Vernadat,Senior Engineer,1999-08-28,9999-01-01
254349,Anwar,Kroha,Senior Staff,1997-09-28,9999-01-01
254362,Junichi,Schwaller,Assistant Engineer,1992-12-04,1998-12-04
254362,Junichi,Schwaller,Engineer,1998-12-04,9999-01-01
254384,Bernt,Brendel,Engineer,1985-08-04,1994-08-04
254384,Bernt,Brendel,Senior Engineer,1994-08-04,9999-01-01
254390,Dietrich,Shinomoto,Senior Engineer,1998-01-08,9999-01-01
254398,Mototsugu,Cincotta,Staff,1990-08-02,1992-12-19
254423,Shay,Ozeri,Senior Engineer,1999-04-28,2002-04-30
254430,Yinghua,Zedlitz,Senior Staff,1995-09-13,9999-01-01
254430,Yinghua,Zedlitz,Staff,1989-09-13,1995-09-13
254438,True,Schapiro,Engineer,1997-11-22,9999-01-01
254443,Marek,Gulik,Senior Staff,1994-07-16,2001-08-12
254443,Marek,Gulik,Staff,1987-07-16,1994-07-16
254449,Ibibia,Koshiba,Staff,1994-06-09,1999-03-24
254473,Hilari,McClurg,Senior Staff,1993-10-02,9999-01-01
254473,Hilari,McClurg,Staff,1986-10-02,1993-10-02
254484,Georg,Skrikant,Senior Staff,1993-09-20,9999-01-01
254484,Georg,Skrikant,Staff,1987-09-21,1993-09-20
254485,Jungsoon,Fasbender,Engineer,1999-10-31,9999-01-01
254492,Tetsurou,Beutelspacher,Senior Staff,1993-10-13,9999-01-01
254492,Tetsurou,Beutelspacher,Staff,1988-10-13,1993-10-13
254507,Miomir,Tomescu,Senior Staff,2001-11-28,9999-01-01
254507,Miomir,Tomescu,Staff,1994-11-28,2001-11-28
254517,Satyanarayana,Matzen,Senior Staff,1993-08-25,2000-07-10
254520,Willard,Rosis,Senior Staff,1997-05-08,9999-01-01
254520,Willard,Rosis,Staff,1989-05-08,1997-05-08
254533,Youssef,Sinicrope,Senior Engineer,1989-07-25,1999-09-25
254568,Fusako,Birrer,Engineer,1988-08-04,1993-08-04
254568,Fusako,Birrer,Senior Engineer,1993-08-04,9999-01-01
254581,Becky,Rullman,Engineer,1999-10-30,2000-06-08
254611,Gao,Iwayama,Staff,1996-11-16,1997-03-03
254613,Henk,Rabehasaina,Engineer,1999-01-08,9999-01-01
254648,Fatemeh,Jording,Technique Leader,1991-07-11,9999-01-01
254651,Zhensheng,Ranst,Senior Engineer,1994-05-21,9999-01-01
254656,Miyeon,Plumb,Engineer,1987-05-12,1994-05-12
254656,Miyeon,Plumb,Senior Engineer,1994-05-12,9999-01-01
254661,Shietung,Cannard,Engineer,1986-04-02,1989-03-26
254670,Xumin,Koshino,Engineer,1992-06-02,1997-06-02
254670,Xumin,Koshino,Senior Engineer,1997-06-02,9999-01-01
254676,Anyuan,Silva,Engineer,1986-08-27,1993-08-27
254676,Anyuan,Silva,Senior Engineer,1993-08-27,9999-01-01
254685,Irena,Meriste,Senior Staff,1999-04-27,9999-01-01
254685,Irena,Meriste,Staff,1990-04-27,1999-04-27
254686,Ennio,Schahn,Engineer,1990-11-14,1999-11-14
254686,Ennio,Schahn,Senior Engineer,1999-11-14,2001-12-05
254687,Jaihie,Juneja,Technique Leader,1991-01-08,9999-01-01
254695,Eberhardt,Hitomi,Senior Staff,2000-12-02,9999-01-01
254695,Eberhardt,Hitomi,Staff,1995-12-03,2000-12-02
254696,Berna,Birsak,Engineer,1997-09-10,9999-01-01
254714,Margo,Lakshmanan,Senior Staff,1996-04-02,1999-12-15
254714,Margo,Lakshmanan,Staff,1987-04-03,1996-04-02
254716,Manu,Speek,Engineer,1994-11-12,2001-11-12
254716,Manu,Speek,Senior Engineer,2001-11-12,9999-01-01
254750,Basant,Laurillard,Senior Engineer,1996-12-11,2002-03-03
254752,Jungsoon,Lubachevsky,Senior Engineer,1987-05-25,9999-01-01
254763,Mooi,Woycyznski,Senior Staff,1993-02-27,9999-01-01
254764,Yolla,Aamodt,Engineer,1991-02-08,1996-02-08
254764,Yolla,Aamodt,Senior Engineer,1996-02-08,9999-01-01
254776,Cristinel,Rossi,Senior Engineer,1988-09-22,1998-10-12
254799,Akemi,Terlouw,Senior Engineer,1992-06-03,9999-01-01
254801,Sachar,Rosis,Senior Staff,1993-12-07,9999-01-01
254801,Sachar,Rosis,Staff,1986-12-07,1993-12-07
254812,Ortrud,Vrecion,Technique Leader,1985-05-30,9999-01-01
254819,Subhada,Kilgore,Engineer,1992-04-13,2000-04-13
254819,Subhada,Kilgore,Senior Engineer,2000-04-13,9999-01-01
254827,Tomokazu,Flanders,Engineer,1987-08-20,1992-08-19
254827,Tomokazu,Flanders,Senior Engineer,1992-08-19,9999-01-01
254828,Baocai,Grospietsch,Senior Staff,1985-03-05,9999-01-01
254833,Evgueni,Hinsberger,Engineer,1988-01-23,1994-01-22
254833,Evgueni,Hinsberger,Senior Engineer,1994-01-22,9999-01-01
254836,Nishit,Legleitner,Senior Staff,2001-06-08,9999-01-01
254836,Nishit,Legleitner,Staff,1992-06-08,2001-06-08
254876,Mani,Melski,Engineer,1989-03-13,1994-03-13
254876,Mani,Melski,Senior Engineer,1994-03-13,1996-01-30
254891,Carrsten,Montresor,Senior Staff,1998-03-10,9999-01-01
254905,Leon,Pell,Senior Staff,1998-07-04,9999-01-01
254905,Leon,Pell,Staff,1989-07-04,1998-07-04
254952,Vishwani,Deville,Engineer,1987-09-09,1994-09-09
254952,Vishwani,Deville,Senior Engineer,1994-09-09,9999-01-01
254955,Erzsebet,Verhaegen,Engineer,1996-10-31,9999-01-01
254964,Dung,Dratva,Engineer,1996-09-04,2001-11-17
254967,Ramzi,Leslie,Assistant Engineer,1991-10-25,1992-09-14
254994,Steen,Callaway,Technique Leader,1999-05-30,9999-01-01
255028,Udi,Aloia,Senior Staff,1997-12-04,9999-01-01
255028,Udi,Aloia,Staff,1989-12-04,1997-12-04
255038,Ronghao,Azulay,Engineer,1986-01-29,1992-01-29
255038,Ronghao,Azulay,Senior Engineer,1992-01-29,9999-01-01
255040,Toney,Capobianchi,Engineer,1999-01-06,9999-01-01
255047,Zita,Snyers,Engineer,1988-07-11,1994-07-11
255047,Zita,Snyers,Senior Engineer,1994-07-11,9999-01-01
255051,Harngdar,Cooman,Senior Staff,1993-04-11,9999-01-01
255052,Paddy,Tchuente,Senior Staff,1999-02-01,9999-01-01
255052,Paddy,Tchuente,Staff,1994-02-01,1999-02-01
255061,Mabry,Chandrasekhar,Engineer,1994-06-12,2000-06-11
255061,Mabry,Chandrasekhar,Senior Engineer,2000-06-11,9999-01-01
255074,Valter,Kalsbeek,Engineer,1986-04-11,1991-11-28
255076,Along,Horswill,Senior Staff,1992-07-24,9999-01-01
255076,Along,Horswill,Staff,1985-07-24,1992-07-24
255086,Rafael,Kieras,Assistant Engineer,1989-08-16,1997-08-16
255086,Rafael,Kieras,Engineer,1997-08-16,9999-01-01
255135,Sanjai,Ellozy,Staff,1993-03-24,1995-04-30
255164,Barun,Bernardeschi,Engineer,1994-11-29,9999-01-01
255165,Michaela,Cmelik,Staff,1995-10-23,1996-01-29
255187,Shrikanth,Simkin,Staff,1999-09-22,9999-01-01
255188,Nathalie,Rindone,Engineer,1988-09-30,1992-09-05
255195,Marc,Eiter,Staff,1996-08-16,9999-01-01
255212,Duri,Basawa,Senior Staff,1998-09-14,9999-01-01
255217,Kazuhiro,Karcich,Senior Engineer,1996-04-20,9999-01-01
255222,Taisook,Braunmuhl,Senior Staff,1995-07-23,9999-01-01
255222,Taisook,Braunmuhl,Staff,1987-07-23,1995-07-23
255223,Monique,Wiegley,Engineer,1990-11-15,1998-11-15
255223,Monique,Wiegley,Senior Engineer,1998-11-15,2000-11-01
255241,Dipayan,Plesums,Technique Leader,1997-01-19,9999-01-01
255245,DAIDA,Turnbull,Engineer,1995-10-30,2001-10-29
255245,DAIDA,Turnbull,Senior Engineer,2001-10-29,9999-01-01
255250,Khalid,Tiemann,Senior Staff,1998-03-01,9999-01-01
255274,Sandeepan,Badr,Engineer,1993-06-26,1998-06-26
255274,Sandeepan,Badr,Senior Engineer,1998-06-26,9999-01-01
255289,Itzchak,Zaccaria,Engineer,1997-02-09,9999-01-01
255295,Itzchak,Debuse,Engineer,1998-04-16,2000-03-22
255298,Shir,Casperson,Engineer,1992-08-06,1998-08-06
255298,Shir,Casperson,Senior Engineer,1998-08-06,9999-01-01
255365,Luerbio,Chaudhuri,Engineer,1991-11-07,1992-12-14
255380,Candido,Passafiume,Assistant Engineer,1998-07-29,9999-01-01
255391,Munir,Ferretti,Engineer,1991-01-31,1999-01-31
255391,Munir,Ferretti,Senior Engineer,1999-01-31,9999-01-01
255396,Almudena,Cooman,Engineer,1992-07-02,1998-05-23
255398,Zongyan,Dulin,Engineer,1994-05-10,1996-09-15
255429,Dines,Veeraraghavan,Engineer,1987-06-06,1996-06-05
255429,Dines,Veeraraghavan,Senior Engineer,1996-06-05,9999-01-01
255437,Golgen,Krone,Engineer,1992-11-19,1998-11-19
255437,Golgen,Krone,Senior Engineer,1998-11-19,9999-01-01
255455,Poorav,Ulupinar,Senior Staff,2001-09-20,9999-01-01
255455,Poorav,Ulupinar,Staff,1992-09-20,2001-09-20
255463,Lucien,Vandervoorde,Engineer,1998-09-09,9999-01-01
255487,Tsz,Comte,Engineer,1993-05-21,2000-05-21
255487,Tsz,Comte,Senior Engineer,2000-05-21,9999-01-01
255501,Aiman,Uhrig,Senior Staff,1996-12-16,9999-01-01
255501,Aiman,Uhrig,Staff,1988-12-16,1996-12-16
255513,Gennady,Wielonsky,Engineer,1997-05-18,2001-08-04
255533,Fumitake,Picco,Senior Staff,1995-03-04,9999-01-01
255533,Fumitake,Picco,Staff,1986-03-04,1995-03-04
255543,Anestis,Schach,Engineer,1994-10-18,1998-12-24
255554,Kristin,Luck,Technique Leader,1988-05-22,9999-01-01
255564,Susumu,Syrotiuk,Senior Engineer,1993-01-09,9999-01-01
255574,Clyde,Stranks,Technique Leader,1985-06-04,9999-01-01
255599,Richard,Basagni,Engineer,1995-05-17,9999-01-01
255613,Gadiel,Businaro,Technique Leader,1988-01-06,9999-01-01
255658,Fan,Godskesen,Engineer,1989-10-28,1998-10-27
255658,Fan,Godskesen,Senior Engineer,1998-10-27,9999-01-01
255671,Zorica,Picco,Senior Staff,1995-03-29,1998-11-18
255671,Zorica,Picco,Staff,1990-03-29,1995-03-29
255685,Dines,Bahi,Assistant Engineer,1996-08-31,1997-08-05
255696,Aluzio,Hasenauer,Engineer,1997-10-10,9999-01-01
255726,Oscar,Miyakawa,Technique Leader,1988-06-11,9999-01-01
255727,Toney,Plump,Staff,1995-12-02,9999-01-01
255729,Kenroku,Terekhov,Senior Engineer,1998-04-17,9999-01-01
255730,Huai,Stemann,Staff,1996-07-02,2002-03-28
255746,Bodo,Melichar,Assistant Engineer,1992-02-13,1998-02-12
255746,Bodo,Melichar,Engineer,1998-02-12,9999-01-01
255765,Khue,Perna,Engineer,1985-12-28,1993-12-28
255765,Khue,Perna,Senior Engineer,1993-12-28,9999-01-01
255788,Berna,Keustermans,Engineer,1987-06-11,1994-06-11
255788,Berna,Keustermans,Senior Engineer,1994-06-11,9999-01-01
255792,Margareta,Ducloy,Senior Staff,1998-08-26,9999-01-01
255792,Margareta,Ducloy,Staff,1991-08-26,1998-08-26
255799,Jordanka,Katalagarianos,Engineer,1991-08-05,2000-08-04
255799,Jordanka,Katalagarianos,Senior Engineer,2000-08-04,9999-01-01
255808,Felicidad,Miara,Engineer,1994-01-24,1999-01-24
255808,Felicidad,Miara,Senior Engineer,1999-01-24,9999-01-01
255826,Vasilii,Babu,Engineer,1993-07-03,2001-07-03
255826,Vasilii,Babu,Senior Engineer,2001-07-03,9999-01-01
255845,Kamakshi,Cronau,Senior Staff,1994-04-24,9999-01-01
255845,Kamakshi,Cronau,Staff,1986-04-24,1994-04-24
255869,Perry,McAffer,Engineer,1990-02-06,1998-02-06
255869,Perry,McAffer,Senior Engineer,1998-02-06,9999-01-01
255872,Xianlong,Vandervoorde,Senior Staff,1995-07-09,2002-03-14
255872,Xianlong,Vandervoorde,Staff,1986-07-09,1995-07-09
255881,Xinan,Cangellaris,Senior Staff,2000-04-21,9999-01-01
255881,Xinan,Cangellaris,Staff,1993-04-21,2000-04-21
255887,Theron,Zockler,Senior Staff,2001-05-04,9999-01-01
255887,Theron,Zockler,Staff,1992-05-04,2001-05-04
255889,Woody,Zultner,Senior Staff,1986-07-19,9999-01-01
255899,Somnath,Pezzoli,Technique Leader,1992-08-16,9999-01-01
255949,Ghassan,Perl,Assistant Engineer,1994-03-21,9999-01-01
255979,Itzchak,Manders,Senior Staff,1999-10-17,9999-01-01
255979,Itzchak,Manders,Staff,1993-10-17,1999-10-17
255986,Nalini,Scallan,Senior Staff,1997-12-17,9999-01-01
255986,Nalini,Scallan,Staff,1992-12-17,1997-12-17
255988,Alexius,Gente,Senior Staff,2000-07-09,9999-01-01
255988,Alexius,Gente,Staff,1991-07-10,2000-07-09
255998,Gen,Peroz,Senior Engineer,1991-01-11,9999-01-01
256032,Dmitri,Trogemann,Senior Staff,1999-08-09,9999-01-01
256032,Dmitri,Trogemann,Staff,1991-08-09,1999-08-09
256062,Masanao,Ibel,Engineer,1993-11-02,1998-07-21
256066,Ioana,Liedekerke,Engineer,1999-08-02,9999-01-01
256070,Pranav,Zuberek,Senior Staff,1993-03-01,9999-01-01
256070,Pranav,Zuberek,Staff,1988-03-01,1993-03-01
256079,Sverrir,Feinberg,Senior Staff,1996-11-17,9999-01-01
256085,Lihong,Madeira,Engineer,1992-04-01,2000-04-01
256085,Lihong,Madeira,Senior Engineer,2000-04-01,9999-01-01
256133,Snehasis,Marrakchi,Staff,1990-02-20,1991-02-15
256135,Olivera,Molenkamp,Senior Staff,1994-08-04,9999-01-01
256135,Olivera,Molenkamp,Staff,1987-08-04,1994-08-04
256141,Christoper,Janetzko,Engineer,1992-09-16,1997-09-16
256141,Christoper,Janetzko,Senior Engineer,1997-09-16,9999-01-01
256142,Masanao,Vecchio,Engineer,1998-06-17,9999-01-01
256176,Leif,Goldhammer,Senior Staff,1989-04-06,9999-01-01
256191,Shigeaki,Bade,Engineer,1986-01-16,1994-01-16
256191,Shigeaki,Bade,Senior Engineer,1994-01-16,9999-01-01
256219,Shen,Bhattacharjee,Assistant Engineer,1994-04-23,2001-04-23
256219,Shen,Bhattacharjee,Engineer,2001-04-23,2001-12-11
256231,Erzsebet,Zallocco,Engineer,1988-06-04,1993-06-04
256231,Erzsebet,Zallocco,Senior Engineer,1993-06-04,9999-01-01
256242,Becky,Cooman,Senior Staff,1996-11-29,9999-01-01
256242,Becky,Cooman,Staff,1989-11-29,1996-11-29
256247,Baocai,Emmerich,Staff,1997-02-19,9999-01-01
256249,Marko,Garnick,Senior Staff,1994-07-19,9999-01-01
256249,Marko,Garnick,Staff,1987-07-19,1994-07-19
256285,Shahab,Cannata,Staff,1997-06-05,9999-01-01
256290,Fay,Walstra,Staff,1994-09-03,9999-01-01
256303,Moty,Perz,Senior Engineer,1995-09-25,1997-12-15
256311,Luise,Marquardt,Senior Staff,1990-11-27,9999-01-01
256311,Luise,Marquardt,Staff,1985-11-27,1990-11-27
256322,Fumiyo,Claffy,Engineer,1987-03-04,1992-03-03
256322,Fumiyo,Claffy,Senior Engineer,1992-03-03,9999-01-01
256334,Jeane,Cheshire,Senior Staff,1989-01-09,1990-09-06
256336,Elzbieta,Bierman,Engineer,1992-05-12,1997-05-12
256336,Elzbieta,Bierman,Senior Engineer,1997-05-12,9999-01-01
256348,Khedija,Angelopoulos,Engineer,1995-10-10,9999-01-01
256350,Chuanti,Callaway,Staff,1999-03-13,9999-01-01
256355,Adas,Guenter,Senior Staff,1996-03-23,9999-01-01
256355,Adas,Guenter,Staff,1989-03-23,1996-03-23
256364,Mikhail,Lienhardt,Senior Staff,1997-03-24,9999-01-01
256364,Mikhail,Lienhardt,Staff,1991-03-25,1997-03-24
256398,Ioana,Sundgren,Staff,1997-12-24,9999-01-01
256399,Xiaopeng,Marchegay,Engineer,1995-01-03,2001-01-02
256399,Xiaopeng,Marchegay,Senior Engineer,2001-01-02,9999-01-01
256406,Aleksander,Alvarado,Senior Staff,2000-09-13,9999-01-01
256406,Aleksander,Alvarado,Staff,1991-09-14,2000-09-13
256420,Amstein,Schoegge,Senior Engineer,1985-08-15,9999-01-01
256424,Bernice,Ushiama,Senior Staff,1995-04-29,1997-02-07
256474,Radoslaw,Dredge,Technique Leader,1999-05-01,1999-10-15
256482,Martial,Kamber,Engineer,1996-08-17,9999-01-01
256486,Tadanori,Gerteisen,Technique Leader,1999-05-02,2000-10-19
256501,Erez,Swen,Engineer,1993-10-04,2001-10-04
256501,Erez,Swen,Senior Engineer,2001-10-04,9999-01-01
256530,Khoa,Erev,Senior Staff,1999-08-30,9999-01-01
256555,Anwar,Famili,Senior Staff,2002-04-12,9999-01-01
256555,Anwar,Famili,Staff,1996-04-12,2002-04-12
256562,Weiyi,Dechter,Engineer,1995-11-10,9999-01-01
256571,Yifei,Malinowski,Engineer,1988-05-26,1993-05-26
256571,Yifei,Malinowski,Senior Engineer,1993-05-26,9999-01-01
256592,Conal,Krzyzanowski,Staff,1997-03-15,9999-01-01
256595,Basant,Velardi,Senior Staff,1998-08-05,9999-01-01
256595,Basant,Velardi,Staff,1993-08-05,1998-08-05
256604,Fusako,Thambidurai,Engineer,1989-03-03,1996-03-03
256604,Fusako,Thambidurai,Senior Engineer,1996-03-03,2001-02-19
256624,Khalil,Leslie,Engineer,1993-12-27,2000-12-27
256624,Khalil,Leslie,Senior Engineer,2000-12-27,9999-01-01
256627,Ult,Baba,Staff,1999-09-28,9999-01-01
256635,Hidekazu,Rosis,Senior Staff,1990-05-01,9999-01-01
256652,Hatim,Nitsche,Senior Staff,1997-10-23,9999-01-01
256652,Hatim,Nitsche,Staff,1989-10-23,1997-10-23
256674,Premsyl,Minakawa,Engineer,1992-12-23,2000-12-23
256674,Premsyl,Minakawa,Senior Engineer,2000-12-23,9999-01-01
256680,Bouchung,Horswill,Senior Engineer,1992-11-17,9999-01-01
256686,Honesty,Suomi,Engineer,1992-04-24,1997-04-24
256686,Honesty,Suomi,Senior Engineer,1997-04-24,9999-01-01
256688,Mack,Birta,Staff,1999-03-23,9999-01-01
256699,Gift,Flexer,Engineer,1993-03-19,1999-03-19
256699,Gift,Flexer,Senior Engineer,1999-03-19,9999-01-01
256726,Kristen,Mandelberg,Senior Staff,1998-09-09,9999-01-01
256726,Kristen,Mandelberg,Staff,1991-09-09,1998-09-09
256732,Otilia,Ferretti,Senior Staff,1999-06-13,9999-01-01
256732,Otilia,Ferretti,Staff,1993-06-13,1999-06-13
256749,Ramzi,Cappello,Engineer,1985-02-15,1994-02-15
256749,Ramzi,Cappello,Senior Engineer,1994-02-15,9999-01-01
256750,Jasminko,Peir,Senior Staff,1991-10-08,9999-01-01
256762,Marko,Perri,Senior Staff,1993-12-28,9999-01-01
256762,Marko,Perri,Staff,1985-12-28,1993-12-28
256789,Masamitsu,Molberg,Staff,1997-10-12,9999-01-01
256800,Hatsukazu,McConalogue,Senior Staff,1997-01-08,9999-01-01
256800,Hatsukazu,McConalogue,Staff,1991-01-09,1997-01-08
256815,Neelam,Burnard,Technique Leader,1997-03-19,9999-01-01
256843,Nevio,Birrer,Staff,1999-09-07,9999-01-01
256902,Khatoun,Qiwen,Staff,1995-06-01,9999-01-01
256912,Kristin,Perko,Senior Staff,2001-10-25,9999-01-01
256912,Kristin,Perko,Staff,1992-10-25,2001-10-25
256933,Arco,Socorro,Engineer,1997-11-05,9999-01-01
256947,Kotesh,Jansch,Engineer,1993-07-08,1998-07-08
256947,Kotesh,Jansch,Senior Engineer,1998-07-08,9999-01-01
256949,Ohad,Heystek,Senior Engineer,1997-06-13,1997-08-05
256966,Insup,Oehlmann,Senior Staff,1986-04-14,9999-01-01
256975,Kazuhide,Bharadwaj,Senior Engineer,1993-12-21,9999-01-01
256985,Hailing,Takkinen,Senior Engineer,1994-03-19,9999-01-01
257012,Cathie,Lakshmanan,Senior Staff,1992-07-24,1993-05-02
257012,Cathie,Lakshmanan,Staff,1985-07-24,1992-07-24
257044,Sorina,Merro,Engineer,1989-12-03,1996-12-03
257044,Sorina,Merro,Senior Engineer,1996-12-03,9999-01-01
257059,Wonhee,Waleschkowski,Engineer,1999-04-06,9999-01-01
257074,Herb,Baca,Technique Leader,1985-07-22,9999-01-01
257080,Mori,Mawatari,Senior Staff,2001-05-20,9999-01-01
257080,Mori,Mawatari,Staff,1995-05-21,2001-05-20
257081,Fumino,Cronin,Engineer,1986-02-04,1993-02-04
257081,Fumino,Cronin,Senior Engineer,1993-02-04,9999-01-01
257083,Kousuke,Belinskaya,Staff,1993-09-03,1994-08-01
257110,JiYoung,Schnabel,Senior Staff,2002-03-23,9999-01-01
257110,JiYoung,Schnabel,Staff,1994-03-23,2002-03-23
257112,Hein,Bednarek,Technique Leader,1998-10-09,9999-01-01
257113,Girolamo,Montemayor,Senior Engineer,1990-02-04,9999-01-01
257126,Jeong,Merro,Engineer,1988-02-28,1994-02-27
257126,Jeong,Merro,Senior Engineer,1994-02-27,9999-01-01
257136,Kwangho,Lamba,Engineer,1985-04-07,1992-04-07
257136,Kwangho,Lamba,Senior Engineer,1992-04-07,9999-01-01
257138,Anoosh,Denna,Engineer,1991-04-18,1997-04-17
257138,Anoosh,Denna,Senior Engineer,1997-04-17,9999-01-01
257178,Filipe,Fandrianto,Senior Staff,2001-08-01,9999-01-01
257178,Filipe,Fandrianto,Staff,1994-08-01,2001-08-01
257207,Mong,Wursthorn,Senior Staff,1997-01-26,9999-01-01
257207,Mong,Wursthorn,Staff,1988-01-27,1997-01-26
257253,Wilmer,Shihab,Senior Staff,1989-11-17,9999-01-01
257257,Zongyan,Albarhamtoshy,Engineer,1989-02-28,1996-02-29
257257,Zongyan,Albarhamtoshy,Senior Engineer,1996-02-29,9999-01-01
257277,Fai,Harbusch,Senior Staff,1998-08-24,9999-01-01
257283,Arco,Axelband,Engineer,1995-12-22,2000-12-21
257283,Arco,Axelband,Senior Engineer,2000-12-21,9999-01-01
257292,Guangming,Yetim,Senior Engineer,1987-11-03,9999-01-01
257296,Prasadram,Pocchiola,Staff,1998-07-04,9999-01-01
257299,Vishu,Genther,Staff,1992-01-15,1997-02-22
257310,Irene,Fordan,Staff,1998-09-22,2002-01-23
257315,Brewster,Krupka,Engineer,1986-09-18,1991-09-18
257315,Brewster,Krupka,Senior Engineer,1991-09-18,9999-01-01
257323,Jianwen,Skogmar,Engineer,1985-08-06,1991-08-06
257323,Jianwen,Skogmar,Senior Engineer,1991-08-06,9999-01-01
257326,Deniz,Wissmann,Engineer,1999-03-13,9999-01-01
257338,Michaela,Maraist,Senior Staff,1999-05-06,2000-06-13
257342,Arno,Kalafatis,Engineer,1996-01-13,2002-01-12
257342,Arno,Kalafatis,Senior Engineer,2002-01-12,9999-01-01
257351,Martial,Kugler,Staff,1990-09-08,1992-11-11
257370,Toshimitsu,Pleszkun,Senior Engineer,1989-09-30,9999-01-01
257408,Kenton,Barriga,Senior Staff,1996-12-02,9999-01-01
257408,Kenton,Barriga,Staff,1990-12-03,1996-12-02
257413,Bodo,Rullman,Staff,1998-02-17,9999-01-01
257445,Wojceich,Orlowska,Staff,1989-10-18,1991-11-30
257468,Sangeeta,Kisuki,Engineer,1985-05-09,1993-05-09
257468,Sangeeta,Kisuki,Senior Engineer,1993-05-09,9999-01-01
257472,Kersti,Pashtan,Senior Engineer,1990-08-16,9999-01-01
257475,Sashi,Maierhofer,Senior Staff,2001-05-29,9999-01-01
257475,Sashi,Maierhofer,Staff,1995-05-30,2001-05-29
257541,Sungwon,Sullins,Assistant Engineer,1988-02-12,1993-02-11
257541,Sungwon,Sullins,Engineer,1993-02-11,1998-02-11
257541,Sungwon,Sullins,Senior Engineer,1998-02-11,9999-01-01
257554,Masadi,DasSarma,Senior Engineer,1996-08-29,9999-01-01
257556,Heon,Lorcy,Senior Engineer,1996-05-01,9999-01-01
257562,Poorav,Perez,Senior Staff,1996-12-23,9999-01-01
257568,Emdad,Schmezko,Staff,1999-07-13,9999-01-01
257591,Tonny,Kilgour,Senior Engineer,1988-07-21,9999-01-01
257610,Aria,Rosen,Engineer,1991-02-26,1993-08-03
257620,Sanjay,Beerel,Senior Staff,1993-03-12,9999-01-01
257620,Sanjay,Beerel,Staff,1986-03-12,1993-03-12
257633,Felicidad,Gips,Senior Staff,1991-01-21,9999-01-01
257638,Kellyn,Babb,Engineer,1990-07-20,1997-07-20
257638,Kellyn,Babb,Senior Engineer,1997-07-20,9999-01-01
257655,Hitofumi,Marakhovsky,Senior Staff,2001-04-13,9999-01-01
257655,Hitofumi,Marakhovsky,Staff,1996-04-13,2001-04-13
257656,Ulf,Kohling,Engineer,1989-04-28,1990-05-11
257662,Ult,Feldmann,Senior Staff,2001-03-14,9999-01-01
257662,Ult,Feldmann,Staff,1995-03-15,2001-03-14
257668,Debatosh,Basagni,Staff,1994-01-12,9999-01-01
257669,Khun,Terwilliger,Staff,1995-04-27,1999-03-02
257670,Tse,Castellani,Engineer,1988-01-19,1996-01-19
257670,Tse,Castellani,Senior Engineer,1996-01-19,1997-10-31
257675,Irene,Vernadat,Engineer,1990-03-16,1996-03-15
257675,Irene,Vernadat,Senior Engineer,1996-03-15,9999-01-01
257683,Jinpo,Lundstrom,Staff,1991-11-06,1996-01-17
257684,Zhenhua,Engelmann,Technique Leader,1994-01-31,9999-01-01
257703,Remko,Luft,Staff,1996-10-28,9999-01-01
257709,Ghassan,Shigei,Senior Staff,1997-05-12,9999-01-01
257709,Ghassan,Shigei,Staff,1992-05-12,1997-05-12
257710,Aiman,Shokrollahi,Senior Staff,1992-11-14,9999-01-01
257710,Aiman,Shokrollahi,Staff,1987-11-15,1992-11-14
257716,Irena,Orlowska,Staff,1997-12-11,9999-01-01
257725,Arup,Ressouche,Senior Staff,1993-04-16,9999-01-01
257725,Arup,Ressouche,Staff,1985-04-16,1993-04-16
257734,Kagan,Lichtman,Assistant Engineer,1994-03-24,2001-02-19
257737,Rafael,Greibach,Engineer,1987-05-11,1992-05-10
257737,Rafael,Greibach,Senior Engineer,1992-05-10,9999-01-01
257738,Dulce,Schapiro,Engineer,1998-05-25,9999-01-01
257746,Paris,Rahimi,Senior Staff,1994-03-31,9999-01-01
257746,Paris,Rahimi,Staff,1988-03-31,1994-03-31
257756,Mechthild,Maliniak,Senior Staff,1990-07-26,9999-01-01
257764,Huiqun,Broomell,Senior Staff,1993-12-24,9999-01-01
257764,Huiqun,Broomell,Staff,1987-12-25,1993-12-24
257769,Xuejun,Coullard,Engineer,1997-05-26,9999-01-01
257795,Palash,Chleq,Engineer,1998-03-14,9999-01-01
257808,Mamdouh,Shackell,Senior Staff,1996-08-21,9999-01-01
257813,Xinglin,Marakhovsky,Senior Staff,1994-02-02,9999-01-01
257813,Xinglin,Marakhovsky,Staff,1985-02-02,1994-02-02
257819,Kwangsub,Seiwald,Engineer,1994-03-15,1997-10-01
257822,Kellie,Perelgut,Senior Staff,2001-02-17,9999-01-01
257822,Kellie,Perelgut,Staff,1994-02-17,2001-02-17
257842,Sanjiv,Raczkowsky,Engineer,1985-09-16,1990-09-16
257842,Sanjiv,Raczkowsky,Senior Engineer,1990-09-16,9999-01-01
257859,Yechiam,Murthy,Engineer,1996-09-13,1996-12-26
257895,Subir,Serre,Senior Staff,1986-05-29,9999-01-01
257902,Christophe,Bottner,Engineer,1996-08-08,9999-01-01
257906,Martial,Rossi,Engineer,1992-10-27,2001-10-27
257906,Martial,Rossi,Senior Engineer,2001-10-27,9999-01-01
257948,Nevin,Kleiser,Senior Engineer,1988-03-15,9999-01-01
257963,Sven,Oxman,Staff,1988-01-16,1989-11-23
257968,Irene,Matzke,Engineer,1992-11-25,1997-11-25
257968,Irene,Matzke,Senior Engineer,1997-11-25,9999-01-01
257974,Tomofumi,Brodie,Senior Engineer,1989-01-03,1992-06-19
257978,Candido,DuBourdieux,Senior Staff,2000-05-27,9999-01-01
257978,Candido,DuBourdieux,Staff,1995-05-28,2000-05-27
257995,Paris,Terkki,Staff,1996-04-09,9999-01-01
257998,Turgut,Honglei,Senior Staff,2000-03-23,9999-01-01
257998,Turgut,Honglei,Staff,1992-03-23,2000-03-23
258007,King,Rabehasaina,Senior Engineer,1997-03-25,9999-01-01
258018,Yifei,Demos,Staff,1998-03-07,9999-01-01
258032,Tooru,England,Senior Staff,2000-07-24,9999-01-01
258032,Tooru,England,Staff,1991-07-25,2000-07-24
258033,Denny,Gubsky,Senior Staff,1995-03-07,9999-01-01
258033,Denny,Gubsky,Staff,1988-03-06,1995-03-07
258036,Kwan,Fandrianto,Engineer,1986-09-23,1992-01-30
258044,Yucai,Brookner,Senior Staff,2000-01-26,9999-01-01
258044,Yucai,Brookner,Staff,1993-01-25,2000-01-26
258045,Josyula,Bednarek,Staff,1997-06-30,9999-01-01
258052,Jacopo,Masamoto,Staff,1995-09-19,9999-01-01
258062,Youjian,Kitsuregawa,Assistant Engineer,1998-12-13,9999-01-01
258064,Remmert,Nanard,Senior Staff,1997-07-02,9999-01-01
258064,Remmert,Nanard,Staff,1990-07-02,1997-07-02
258079,Slavian,Shumilov,Senior Staff,2002-02-26,9999-01-01
258079,Slavian,Shumilov,Staff,1997-02-26,2002-02-26
258083,Dulce,Lueh,Senior Staff,1992-07-23,9999-01-01
258083,Dulce,Lueh,Staff,1986-07-24,1992-07-23
258106,Keung,Kieras,Engineer,1999-06-04,9999-01-01
258113,Basem,Dalton,Senior Staff,1998-04-15,9999-01-01
258113,Basem,Dalton,Staff,1993-04-15,1998-04-15
258120,Cordelia,Danley,Engineer,1992-04-23,1995-10-23
258126,Shay,Ossenbruggen,Engineer,1994-06-18,1998-04-03
258139,Ibibia,Chachaty,Assistant Engineer,1987-05-05,1994-05-05
258139,Ibibia,Chachaty,Engineer,1994-05-05,2001-05-05
258139,Ibibia,Chachaty,Senior Engineer,2001-05-05,9999-01-01
258146,Hironobu,Demizu,Senior Staff,1998-12-12,9999-01-01
258146,Hironobu,Demizu,Staff,1990-12-12,1998-12-12
258166,Stepehn,Rikino,Engineer,1985-02-04,1991-02-04
258166,Stepehn,Rikino,Senior Engineer,1991-02-04,9999-01-01
258169,Luigi,Preusig,Engineer,1993-01-24,1997-04-27
258188,Serif,Perna,Senior Staff,1995-09-11,9999-01-01
258188,Serif,Perna,Staff,1988-09-10,1995-09-11
258189,Randy,Cincotta,Senior Staff,1994-08-20,9999-01-01
258189,Randy,Cincotta,Staff,1988-08-20,1994-08-20
258228,Shugo,Alameldin,Engineer,1993-07-10,2002-07-10
258228,Shugo,Alameldin,Senior Engineer,2002-07-10,9999-01-01
258242,Urs,Covnot,Engineer,1987-12-10,1994-12-10
258242,Urs,Covnot,Senior Engineer,1994-12-10,9999-01-01
258249,Edwin,Nanard,Senior Engineer,1993-07-13,9999-01-01
258287,Bodh,Brobst,Engineer,1992-07-22,1998-07-22
258287,Bodh,Brobst,Senior Engineer,1998-07-22,9999-01-01
258293,Steve,Pietracaprina,Engineer,1986-07-17,1993-07-17
258293,Steve,Pietracaprina,Senior Engineer,1993-07-17,9999-01-01
258299,Bluma,Prochazka,Staff,1999-04-10,9999-01-01
258305,Lein,Shanbhogue,Engineer,1996-10-22,2002-04-25
258310,Naftaly,Kolvik,Senior Staff,1992-01-07,9999-01-01
258310,Naftaly,Kolvik,Staff,1986-01-07,1992-01-07
258320,Lena,Shobatake,Engineer,1998-12-24,1999-02-18
258351,Gay,Bazzichi,Engineer,1989-07-12,1998-07-12
258351,Gay,Bazzichi,Senior Engineer,1998-07-12,9999-01-01
258387,Bluma,Woycyznski,Senior Staff,1985-04-07,9999-01-01
258402,Yuqun,Swist,Senior Staff,1998-03-05,9999-01-01
258402,Yuqun,Swist,Staff,1992-03-05,1998-03-05
258408,Kankanahalli,Garrabrants,Engineer,1988-01-31,1993-01-30
258408,Kankanahalli,Garrabrants,Senior Engineer,1993-01-30,9999-01-01
258433,Avishai,Einsfeld,Senior Staff,1992-11-19,9999-01-01
258433,Avishai,Einsfeld,Staff,1985-11-19,1992-11-19
258445,Visit,Ariola,Senior Staff,2001-11-13,9999-01-01
258445,Visit,Ariola,Staff,1994-11-13,2001-11-13
258448,Akemi,Munoz,Senior Staff,1991-05-26,9999-01-01
258448,Akemi,Munoz,Staff,1985-05-26,1991-05-26
258474,Masadi,Kopetz,Engineer,1999-05-31,9999-01-01
258477,Petter,Alencar,Senior Staff,2002-07-10,9999-01-01
258477,Petter,Alencar,Staff,1993-07-10,2002-07-10
258479,Giordano,Kropf,Senior Staff,2001-12-19,9999-01-01
258479,Giordano,Kropf,Staff,1994-12-19,2001-12-19
258494,Rayond,Asser,Engineer,1996-04-26,9999-01-01
258532,Tomoyuki,Schmezko,Staff,1996-04-15,9999-01-01
258537,Jaewon,Kuzuoka,Engineer,1989-01-29,1994-01-29
258537,Jaewon,Kuzuoka,Senior Engineer,1994-01-29,9999-01-01
258541,Shuzo,Desikan,Staff,1996-09-18,9999-01-01
258550,Nitsan,Erol,Engineer,1993-10-27,2001-10-27
258550,Nitsan,Erol,Senior Engineer,2001-10-27,9999-01-01
258579,Leen,Farrow,Senior Engineer,1994-05-07,9999-01-01
258582,Luisa,Gronowski,Senior Staff,2001-04-02,9999-01-01
258582,Luisa,Gronowski,Staff,1995-04-03,2001-04-02
258583,Ulf,Basawa,Senior Staff,2002-02-04,9999-01-01
258583,Ulf,Basawa,Staff,1995-02-04,2002-02-04
258597,Adel,Kuhnemann,Senior Staff,1990-11-22,9999-01-01
258597,Adel,Kuhnemann,Staff,1985-11-22,1990-11-22
258600,Yuuichi,Litzkow,Engineer,1986-01-19,1991-01-19
258600,Yuuichi,Litzkow,Senior Engineer,1991-01-19,2001-11-14
258607,Mircea,Verspoor,Engineer,1997-01-19,9999-01-01
258623,Genta,Gist,Senior Engineer,1990-12-23,9999-01-01
258636,Mokhtar,Skafidas,Engineer,1993-09-01,9999-01-01
258637,Yuping,Ozeki,Senior Engineer,1992-12-20,9999-01-01
258662,Odysseas,Baranowski,Engineer,1988-05-29,1997-05-29
258662,Odysseas,Baranowski,Senior Engineer,1997-05-29,9999-01-01
258666,Girolamo,Raoux,Engineer,1986-10-02,1995-10-02
258666,Girolamo,Raoux,Senior Engineer,1995-10-02,9999-01-01
258667,Luigi,Rothe,Engineer,1989-07-03,1998-07-03
258667,Luigi,Rothe,Senior Engineer,1998-07-03,9999-01-01
258672,Nagui,Linnainmaa,Engineer,1985-12-17,1992-12-17
258672,Nagui,Linnainmaa,Senior Engineer,1992-12-17,9999-01-01
258700,Van,Prenel,Engineer,1998-02-16,9999-01-01
258708,Jessie,Eppinger,Engineer,1990-11-16,1996-11-15
258708,Jessie,Eppinger,Senior Engineer,1996-11-15,9999-01-01
258746,Sailaja,Denna,Senior Engineer,1986-08-14,9999-01-01
258765,Ohad,Deverell,Engineer,1994-04-10,2001-04-10
258765,Ohad,Deverell,Senior Engineer,2001-04-10,9999-01-01
258769,Khun,Bonifati,Engineer,1998-04-16,9999-01-01
258771,Jeanna,Staudhammer,Staff,1991-07-13,1995-12-12
258778,Shao,Michaels,Engineer,1989-03-25,1996-03-25
258778,Shao,Michaels,Senior Engineer,1996-03-25,9999-01-01
258792,Shuichi,Prenel,Engineer,1997-03-06,9999-01-01
258793,Weiru,Brodal,Technique Leader,1995-01-22,9999-01-01
258806,Aral,Peroz,Staff,1992-11-01,1994-12-03
258818,Slavian,Brickell,Technique Leader,1995-04-04,9999-01-01
258825,Odinaldo,Riexinger,Senior Staff,1993-09-14,9999-01-01
258825,Odinaldo,Riexinger,Staff,1985-09-14,1993-09-14
258851,Utpal,Chvatal,Staff,1994-01-15,1995-11-22
258899,Naftaly,Farris,Staff,1997-05-22,1997-09-17
258904,Wojceich,Bael,Senior Staff,1991-07-16,9999-01-01
258904,Wojceich,Bael,Staff,1986-07-16,1991-07-16
258913,Alois,Vesna,Senior Staff,1993-03-06,9999-01-01
258913,Alois,Vesna,Staff,1986-03-06,1993-03-06
258920,Qiwen,Jiafu,Senior Staff,1990-10-04,9999-01-01
258923,Renee,Serot,Staff,1994-03-16,1997-08-09
258929,Edwin,Kobuchi,Staff,1997-02-19,9999-01-01
258939,Slavian,Menyhert,Engineer,1987-07-30,1994-07-30
258939,Slavian,Menyhert,Senior Engineer,1994-07-30,9999-01-01
258952,Yechezkel,Hammerschmidt,Staff,1994-11-30,1995-01-09
258964,Sariel,Katiyar,Engineer,1996-01-13,2000-10-22
258989,Ranan,Liedekerke,Engineer,1988-08-13,1994-08-13
258989,Ranan,Liedekerke,Senior Engineer,1994-08-13,9999-01-01
258999,Juyoung,Bennis,Senior Engineer,1994-07-31,9999-01-01
259017,Siddarth,Schueller,Senior Staff,1996-12-12,2000-08-30
259017,Siddarth,Schueller,Staff,1989-12-12,1996-12-12
259037,Shaibal,Roohalamini,Staff,1993-06-02,1996-12-20
259038,Mihalis,Koprowski,Staff,1996-07-04,9999-01-01
259043,Jamaludin,Muntz,Engineer,1985-11-26,1990-11-26
259043,Jamaludin,Muntz,Senior Engineer,1990-11-26,9999-01-01
259058,Nobuyoshi,Nitsch,Senior Staff,1990-05-27,9999-01-01
259059,Dmitri,Curless,Engineer,1989-01-07,1994-01-07
259059,Dmitri,Curless,Senior Engineer,1994-01-07,9999-01-01
259066,Shaz,Bennet,Engineer,1986-05-19,1993-05-19
259066,Shaz,Bennet,Senior Engineer,1993-05-19,9999-01-01
259071,Mingdong,Siochi,Technique Leader,1987-07-18,1994-02-13
259095,Boguslaw,Trachtenberg,Senior Staff,1991-11-19,9999-01-01
259095,Boguslaw,Trachtenberg,Staff,1985-11-19,1991-11-19
259139,Jouni,Coorg,Senior Engineer,1985-02-15,9999-01-01
259144,Tooru,Swiss,Engineer,1986-08-11,1991-08-11
259144,Tooru,Swiss,Senior Engineer,1991-08-11,9999-01-01
259152,Tran,Hagimont,Engineer,1987-10-07,1994-10-07
259152,Tran,Hagimont,Senior Engineer,1994-10-07,9999-01-01
259156,Radhika,Verhoeff,Engineer,1999-08-20,9999-01-01
259180,Mads,Birch,Engineer,1990-08-02,1992-03-20
259183,Mariusz,Luby,Engineer,1999-08-07,9999-01-01
259214,Bedir,Beetstra,Senior Staff,1999-12-29,9999-01-01
259214,Bedir,Beetstra,Staff,1990-12-29,1999-12-29
259217,Toshimori,Frezza,Assistant Engineer,1989-03-30,1994-03-30
259217,Toshimori,Frezza,Engineer,1994-03-30,1999-03-30
259217,Toshimori,Frezza,Senior Engineer,1999-03-30,9999-01-01
259233,Limsoon,Glinert,Senior Staff,1998-03-15,9999-01-01
259243,Yefim,Babb,Senior Engineer,1997-09-09,2000-10-11
259257,Howell,Katiyar,Engineer,1986-12-03,1995-12-03
259257,Howell,Katiyar,Senior Engineer,1995-12-03,9999-01-01
259280,Makato,Anger,Engineer,1988-03-26,1995-03-27
259280,Makato,Anger,Senior Engineer,1995-03-27,9999-01-01
259286,Pradeep,Motley,Assistant Engineer,1999-02-24,1999-04-08
259302,Bernice,Speckmann,Senior Staff,1994-07-16,9999-01-01
259302,Bernice,Speckmann,Staff,1986-07-16,1994-07-16
259306,Hitofumi,Socorro,Senior Staff,2002-06-07,9999-01-01
259306,Hitofumi,Socorro,Staff,1996-06-07,2002-06-07
259309,Rasiah,Ariola,Technique Leader,1992-03-05,9999-01-01
259319,Hyuncheol,Shokrollahi,Senior Engineer,1989-04-13,9999-01-01
259320,Uzi,Garnick,Senior Staff,1993-06-09,9999-01-01
259320,Uzi,Garnick,Staff,1987-06-10,1993-06-09
259325,Pantung,Bashian,Staff,1986-11-03,1987-08-16
259327,Susanta,Serna,Engineer,1992-02-09,2001-02-08
259327,Susanta,Serna,Senior Engineer,2001-02-08,9999-01-01
259336,Weiye,Salvesen,Engineer,1995-03-04,9999-01-01
259400,Percy,Maliniak,Senior Staff,1993-08-27,9999-01-01
259400,Percy,Maliniak,Staff,1986-08-27,1993-08-27
259409,Leucio,Lunt,Senior Staff,1999-03-14,9999-01-01
259409,Leucio,Lunt,Staff,1993-03-14,1999-03-14
259415,Ioana,Maccarone,Engineer,1988-06-12,1994-06-12
259415,Ioana,Maccarone,Senior Engineer,1994-06-12,9999-01-01
259444,Mang,Munro,Staff,1998-12-09,9999-01-01
259449,Anwar,Champarnaud,Engineer,1993-03-18,1998-03-18
259449,Anwar,Champarnaud,Senior Engineer,1998-03-18,9999-01-01
259493,Arch,McDermid,Engineer,1985-11-05,1986-05-27
259503,Serap,Ishibashi,Staff,1996-07-03,9999-01-01
259507,Jayesh,Redmiles,Technique Leader,1999-09-05,9999-01-01
259514,Nimmagadda,Pileggi,Senior Staff,1986-12-13,1991-12-29
259523,Patricio,Etalle,Engineer,1989-02-11,1994-02-11
259523,Patricio,Etalle,Senior Engineer,1994-02-11,1996-07-01
259540,Tonny,Jording,Assistant Engineer,1999-06-27,2000-11-15
259555,Aamer,Bennis,Engineer,1996-12-08,9999-01-01
259568,Shaw,Miyakawa,Staff,1999-02-03,2000-01-22
259571,Trygve,Marletta,Senior Staff,1994-01-27,9999-01-01
259571,Trygve,Marletta,Staff,1988-01-28,1994-01-27
259579,Zhensheng,Stanger,Staff,1997-09-25,2000-10-26
259580,Tru,Snedden,Senior Staff,1994-09-14,9999-01-01
259580,Tru,Snedden,Staff,1986-09-14,1994-09-14
259587,Sanjai,Baba,Staff,1999-06-03,9999-01-01
259602,Krassimir,Fetvedt,Senior Engineer,1989-04-05,9999-01-01
259606,Duke,Rothenberg,Staff,1994-09-10,9999-01-01
259615,Christoph,Morrey,Senior Engineer,1993-06-17,9999-01-01
259623,Mechthild,Kambil,Engineer,1987-05-05,1993-05-04
259623,Mechthild,Kambil,Senior Engineer,1993-05-04,9999-01-01
259638,Georgi,Rusterholz,Technique Leader,1998-07-07,9999-01-01
259641,Matk,Mullainathan,Senior Engineer,1991-10-01,9999-01-01
259647,Marsha,Erde,Engineer,1993-03-20,1998-03-20
259647,Marsha,Erde,Senior Engineer,1998-03-20,9999-01-01
259653,Arup,Remmele,Technique Leader,1999-08-11,2002-01-05
259659,Jacopo,Gelosh,Senior Staff,2002-07-10,9999-01-01
259659,Jacopo,Gelosh,Staff,1994-07-10,2002-07-10
259695,Alexius,Makrucki,Technique Leader,1999-08-07,1999-11-17
259748,Leif,Isard,Senior Staff,1994-06-01,9999-01-01
259748,Leif,Isard,Staff,1986-06-01,1994-06-01
259760,Hauke,Rothenberg,Senior Staff,1987-07-20,9999-01-01
259789,Kristian,Bernini,Senior Engineer,1992-05-02,1999-07-05
259792,Yuping,Engelmann,Senior Staff,1997-04-28,1999-10-17
259792,Yuping,Engelmann,Staff,1988-04-28,1997-04-28
259795,Ibibia,Brendel,Senior Engineer,1987-06-01,9999-01-01
259799,Baziley,Bazzichi,Engineer,1987-11-26,1992-11-25
259799,Baziley,Bazzichi,Senior Engineer,1992-11-25,1995-09-17
259823,Khue,Merey,Senior Staff,2001-04-21,9999-01-01
259823,Khue,Merey,Staff,1992-04-21,2001-04-21
259833,Sanjiv,Prochazka,Staff,1997-05-02,1999-05-30
259836,Fay,Meriste,Senior Engineer,1999-04-17,9999-01-01
259858,Shushma,Gronowski,Senior Staff,2001-12-15,9999-01-01
259858,Shushma,Gronowski,Staff,1994-12-15,2001-12-15
259881,Kerhong,Pehl,Senior Staff,1993-03-14,9999-01-01
259881,Kerhong,Pehl,Staff,1985-03-14,1993-03-14
259905,Valery,Roohalamini,Engineer,1985-05-06,1990-05-06
259905,Valery,Roohalamini,Senior Engineer,1990-05-06,9999-01-01
259932,Ennio,Matteis,Senior Staff,1995-02-13,9999-01-01
259932,Ennio,Matteis,Staff,1989-02-13,1995-02-13
259933,Sadun,Czaja,Assistant Engineer,1995-12-03,2001-12-02
259933,Sadun,Czaja,Engineer,2001-12-02,9999-01-01
259940,Chiranjit,Ramras,Engineer,1995-11-01,9999-01-01
259946,Reinhard,Kenevan,Engineer,1997-04-01,9999-01-01
259965,Udaiprakash,Kushner,Senior Staff,1986-10-12,1994-11-19
259976,Kaijung,Bage,Senior Staff,2002-06-04,9999-01-01
259976,Kaijung,Bage,Staff,1995-06-04,2002-06-04
259983,Magdalena,Biros,Senior Staff,1996-08-15,9999-01-01
259983,Magdalena,Biros,Staff,1988-08-15,1996-08-15
259997,Valdiodio,Junot,Technique Leader,1986-08-08,9999-01-01
259999,Roded,Luby,Senior Staff,1992-04-29,9999-01-01
259999,Roded,Luby,Staff,1986-04-30,1992-04-29
260004,Kiam,Paludetto,Senior Engineer,1996-02-22,9999-01-01
260010,Yucel,Peek,Technique Leader,1990-03-18,9999-01-01
260055,Shietung,Casley,Engineer,1993-03-30,2002-03-30
260055,Shietung,Casley,Senior Engineer,2002-03-30,9999-01-01
260058,Padma,Blokdijk,Engineer,1999-05-26,9999-01-01
260087,Jianhao,Hiraishi,Senior Staff,1993-07-05,9999-01-01
260087,Jianhao,Hiraishi,Staff,1987-07-06,1993-07-05
260124,Zhigen,Reistad,Senior Engineer,1993-12-31,9999-01-01
260147,Jingling,Lorho,Engineer,1991-09-06,2000-09-05
260147,Jingling,Lorho,Senior Engineer,2000-09-05,2000-10-23
260157,Renee,Buchter,Senior Engineer,1997-10-16,9999-01-01
260160,Xiahua,Mandell,Senior Engineer,1999-02-04,9999-01-01
260162,Pranav,Ranon,Engineer,1990-03-27,1997-03-27
260162,Pranav,Ranon,Senior Engineer,1997-03-27,9999-01-01
260167,Kousuke,Rajala,Engineer,1988-07-11,1996-07-11
260167,Kousuke,Rajala,Senior Engineer,1996-07-11,2000-04-10
260183,Oksana,Anandan,Senior Staff,1994-03-28,9999-01-01
260188,Adin,Flexer,Staff,1996-04-19,9999-01-01
260205,Kayoko,Giveon,Engineer,1987-03-10,1993-03-09
260205,Kayoko,Giveon,Senior Engineer,1993-03-09,1993-04-30
260212,Tesuya,Ghandeharizadeh,Assistant Engineer,1991-10-16,1999-10-16
260212,Tesuya,Ghandeharizadeh,Engineer,1999-10-16,9999-01-01
260215,Zsolt,Remmele,Technique Leader,1991-06-04,9999-01-01
260230,Lijie,Luga,Engineer,1990-01-11,1997-01-11
260230,Lijie,Luga,Senior Engineer,1997-01-11,9999-01-01
260236,Gennady,Shiratori,Senior Staff,1990-12-12,9999-01-01
260236,Gennady,Shiratori,Staff,1985-12-12,1990-12-12
260243,Ziya,Axelband,Engineer,1996-03-18,2002-03-18
260243,Ziya,Axelband,Senior Engineer,2002-03-18,9999-01-01
260259,Parviz,Luby,Senior Staff,2002-03-29,9999-01-01
260259,Parviz,Luby,Staff,1997-03-29,2002-03-29
260287,Salvador,Herath,Technique Leader,1985-11-05,9999-01-01
260289,Piyush,Petereit,Assistant Engineer,1988-02-20,1995-02-20
260289,Piyush,Petereit,Engineer,1995-02-20,2002-02-20
260289,Piyush,Petereit,Senior Engineer,2002-02-20,9999-01-01
260340,Toshimitsu,Mellouli,Senior Engineer,1998-06-13,9999-01-01
260341,Maia,Puppe,Senior Engineer,1999-12-14,9999-01-01
260357,Jamaludin,Renear,Senior Staff,1993-10-28,9999-01-01
260357,Jamaludin,Renear,Staff,1987-10-29,1993-10-28
260382,Tamiya,Fabrizio,Engineer,1991-07-03,1997-07-02
260382,Tamiya,Fabrizio,Senior Engineer,1997-07-02,9999-01-01
260394,Guiseppe,Schmittgen,Engineer,1988-04-15,1994-04-15
260394,Guiseppe,Schmittgen,Senior Engineer,1994-04-15,9999-01-01
260402,Kwok,Bach,Engineer,1990-04-25,1996-04-24
260402,Kwok,Bach,Senior Engineer,1996-04-24,9999-01-01
260403,Brendon,Takkinen,Engineer,1995-08-06,9999-01-01
260404,Gina,Kusalik,Staff,1996-11-10,9999-01-01
260424,Saeko,Demri,Engineer,1987-12-15,1992-12-14
260424,Saeko,Demri,Senior Engineer,1992-12-14,9999-01-01
260439,Constantino,DiGiano,Senior Staff,1997-02-18,9999-01-01
260439,Constantino,DiGiano,Staff,1992-02-19,1997-02-18
260450,Apostol,Serre,Engineer,1994-04-26,2000-04-25
260450,Apostol,Serre,Senior Engineer,2000-04-25,9999-01-01
260461,Udo,Servi,Assistant Engineer,1986-03-04,1993-03-04
260461,Udo,Servi,Engineer,1993-03-04,2000-03-04
260461,Udo,Servi,Senior Engineer,2000-03-04,9999-01-01
260478,Sashi,Lieberherr,Staff,1997-03-10,9999-01-01
260494,Sedat,Peot,Senior Staff,1991-06-17,9999-01-01
260499,Wayne,Journel,Engineer,1993-03-05,2002-03-05
260499,Wayne,Journel,Senior Engineer,2002-03-05,9999-01-01
260503,Odinaldo,Brookman,Senior Staff,1985-04-02,9999-01-01
260504,Khun,Deverell,Staff,1997-03-30,9999-01-01
260508,Jamaludin,Lindenbaum,Engineer,1995-07-04,2000-07-03
260508,Jamaludin,Lindenbaum,Senior Engineer,2000-07-03,9999-01-01
260553,Karlis,Gill,Senior Staff,1992-05-28,9999-01-01
260559,Marjo,Yemenis,Engineer,1992-06-28,1997-06-28
260559,Marjo,Yemenis,Senior Engineer,1997-06-28,9999-01-01
260570,Yishay,Jording,Technique Leader,1996-07-14,9999-01-01
260593,Breannda,Coors,Engineer,1996-05-24,2002-06-06
260598,Serif,Boreale,Engineer,1996-12-16,1997-07-26
260605,Jiafu,Morrin,Staff,1998-05-09,2002-02-09
260611,Bogdan,Yurov,Assistant Engineer,1991-01-09,1999-01-09
260611,Bogdan,Yurov,Engineer,1999-01-09,9999-01-01
260615,Katsuyuki,Kruskal,Engineer,1996-10-09,9999-01-01
260619,Luise,Baek,Engineer,1985-11-23,1991-11-23
260619,Luise,Baek,Senior Engineer,1991-11-23,9999-01-01
260633,Takahira,Nergos,Engineer,1989-07-11,1997-07-11
260633,Takahira,Nergos,Senior Engineer,1997-07-11,9999-01-01
260658,Bodo,Schnelling,Senior Staff,1992-11-29,9999-01-01
260658,Bodo,Schnelling,Staff,1986-11-30,1992-11-29
260663,Halsur,Perin,Engineer,1988-10-22,1995-10-17
260684,Shin,McAffer,Engineer,1987-07-23,1994-07-23
260684,Shin,McAffer,Senior Engineer,1994-07-23,9999-01-01
260707,Munehiko,Piancastelli,Engineer,1993-04-02,2001-04-02
260707,Munehiko,Piancastelli,Senior Engineer,2001-04-02,9999-01-01
260753,Kankanahalli,Suermann,Engineer,1986-11-10,1994-11-10
260753,Kankanahalli,Suermann,Senior Engineer,1994-11-10,9999-01-01
260772,Abdelghani,Landherr,Senior Staff,1991-03-08,9999-01-01
260772,Abdelghani,Landherr,Staff,1986-03-08,1991-03-08
260778,Sachem,Wossner,Engineer,1991-09-05,2000-09-04
260778,Sachem,Wossner,Senior Engineer,2000-09-04,9999-01-01
260793,Malu,Lalonde,Assistant Engineer,1996-11-05,9999-01-01
260806,Kiyokazu,Kemmerer,Engineer,1995-11-02,1999-04-18
260826,Fay,Rousseau,Engineer,1987-12-13,1988-10-04
260841,Karlis,Bach,Senior Engineer,1992-04-21,9999-01-01
260855,Sachar,Schwartzburd,Senior Staff,1986-02-23,2001-03-27
260860,Prasadram,Akiyama,Staff,1997-02-15,9999-01-01
260866,Mana,Setia,Staff,1988-08-20,1991-02-23
260867,Selwyn,Birjandi,Engineer,1995-01-24,1995-03-04
260872,Jingling,Hatcliff,Senior Staff,1994-07-15,9999-01-01
260872,Jingling,Hatcliff,Staff,1988-07-15,1994-07-15
260877,Munenori,Cooke,Senior Staff,1993-06-01,9999-01-01
260877,Munenori,Cooke,Staff,1986-06-01,1993-06-01
260888,Mingzeng,Bondorf,Staff,1993-10-14,2001-09-09
260897,Remco,Fujisawa,Staff,1999-05-23,9999-01-01
260899,Otmar,Werthner,Senior Staff,1999-10-24,9999-01-01
260899,Otmar,Werthner,Staff,1992-10-23,1999-10-24
260936,Manton,Valtorta,Assistant Engineer,1989-12-15,1994-12-15
260936,Manton,Valtorta,Engineer,1994-12-15,1999-12-15
260936,Manton,Valtorta,Senior Engineer,1999-12-15,9999-01-01
260940,Uli,Fabrizio,Senior Engineer,1996-08-15,9999-01-01
260954,Huican,Radhakrishnan,Senior Staff,1995-09-27,9999-01-01
260954,Huican,Radhakrishnan,Staff,1986-09-27,1995-09-27
260955,Munehiro,Herbst,Senior Staff,1996-10-15,1997-04-16
260955,Munehiro,Herbst,Staff,1991-10-16,1996-10-15
260983,Ranan,Rissanen,Engineer,1996-12-27,9999-01-01
261005,Ingmar,Theuretzbacher,Engineer,1995-05-04,1999-01-13
261008,Olivera,Melton,Senior Staff,1994-07-25,9999-01-01
261008,Olivera,Melton,Staff,1988-07-25,1994-07-25
261011,Zongyan,Chimia,Staff,1990-06-18,1993-09-29
261035,Kenroku,Strooper,Engineer,1989-05-08,1990-05-14
261065,Pranas,Nitsch,Senior Staff,1995-08-13,9999-01-01
261065,Pranas,Nitsch,Staff,1989-08-13,1995-08-13
261068,Munehiko,Boreale,Staff,1995-08-05,9999-01-01
261069,Utpal,Lichtman,Engineer,1992-04-04,1997-04-04
261069,Utpal,Lichtman,Senior Engineer,1997-04-04,9999-01-01
261078,Aamod,Attimonelli,Staff,1986-06-18,1987-09-07
261116,Dzung,Danecki,Senior Engineer,1989-02-25,9999-01-01
261154,Fabrizio,Munos,Engineer,1986-08-04,1993-08-04
261154,Fabrizio,Munos,Senior Engineer,1993-08-04,9999-01-01
261157,Beshir,Ellozy,Engineer,1997-12-04,2000-06-07
261173,Bojan,Taubenfeld,Engineer,1992-07-17,1997-07-17
261173,Bojan,Taubenfeld,Senior Engineer,1997-07-17,9999-01-01
261179,Divier,Hiyoshi,Technique Leader,1997-04-27,9999-01-01
261199,Chaoyi,Pell,Senior Engineer,1991-04-19,9999-01-01
261204,Snehasis,Debuse,Senior Engineer,1992-05-07,1997-04-10
261220,Boriana,Baumann,Engineer,1996-12-03,1999-12-26
261222,Stein,Falby,Staff,1999-08-16,9999-01-01
261227,Bodh,Munke,Engineer,1990-07-14,1995-07-14
261227,Bodh,Munke,Senior Engineer,1995-07-14,9999-01-01
261236,Jiafu,Hellwagner,Engineer,1991-12-30,1998-12-30
261236,Jiafu,Hellwagner,Senior Engineer,1998-12-30,9999-01-01
261241,Berna,Merlo,Senior Engineer,1989-08-01,1990-07-02
261260,Paddy,Gluchowski,Senior Staff,1991-05-20,2001-09-09
261278,Peternela,Ermel,Senior Staff,1997-08-12,9999-01-01
261278,Peternela,Ermel,Staff,1991-08-13,1997-08-12
261284,Danil,Piancastelli,Senior Staff,1992-09-05,2000-02-15
261284,Danil,Piancastelli,Staff,1986-09-06,1992-09-05
261287,Martins,Mawatari,Senior Staff,1986-04-02,9999-01-01
261299,Jiong,Beerel,Engineer,1988-01-16,1993-01-15
261299,Jiong,Beerel,Senior Engineer,1993-01-15,9999-01-01
261304,Chrisa,Siprelle,Senior Engineer,1995-01-09,9999-01-01
261327,Jouko,Ellozy,Engineer,1999-08-14,2000-07-17
261329,Denis,Lalonde,Senior Staff,1988-06-17,1990-05-28
261338,Toong,Morton,Engineer,1996-03-29,2000-11-01
261339,Moti,Erbe,Senior Staff,1998-11-23,9999-01-01
261339,Moti,Erbe,Staff,1992-11-23,1998-11-23
261348,Volkmar,Zedlitz,Engineer,1990-11-04,1998-11-04
261348,Volkmar,Zedlitz,Senior Engineer,1998-11-04,9999-01-01
261352,Jiong,Versino,Engineer,1997-09-21,9999-01-01
261384,Amstein,Siochi,Engineer,1988-11-29,1994-04-05
261389,Nechama,Malinowski,Staff,1996-07-23,9999-01-01
261398,Dung,Rosenbaum,Engineer,1985-09-25,1990-09-25
261398,Dung,Rosenbaum,Senior Engineer,1990-09-25,9999-01-01
261400,Chinho,Schaaf,Staff,1999-04-05,9999-01-01
261404,Giri,Swist,Senior Staff,1992-05-15,9999-01-01
261404,Giri,Swist,Staff,1987-05-16,1992-05-15
261423,Heekeun,Narahara,Senior Staff,1998-03-15,9999-01-01
261423,Heekeun,Narahara,Staff,1990-03-15,1998-03-15
261432,Kazuhisa,Sidje,Engineer,1985-03-08,1992-03-08
261432,Kazuhisa,Sidje,Senior Engineer,1992-03-08,9999-01-01
261448,Zine,Pardalos,Technique Leader,1990-01-01,9999-01-01
261460,Dipankar,Sankaranarayanan,Senior Staff,1997-06-16,9999-01-01
261460,Dipankar,Sankaranarayanan,Staff,1988-06-16,1997-06-16
261471,Branimir,Mungall,Engineer,1999-11-28,2001-05-22
261481,Zejun,Oehlmann,Assistant Engineer,1985-09-14,1991-09-14
261481,Zejun,Oehlmann,Engineer,1991-09-14,1997-09-13
261481,Zejun,Oehlmann,Senior Engineer,1997-09-13,9999-01-01
261512,Toshimi,Verhaegen,Staff,1994-05-22,1995-10-19
261538,Yonghoan,Sadowsky,Senior Engineer,1985-12-30,9999-01-01
261547,Wayne,Pero,Engineer,1991-01-18,2000-01-18
261547,Wayne,Pero,Senior Engineer,2000-01-18,9999-01-01
261550,Mara,Skafidas,Senior Staff,2002-04-03,9999-01-01
261550,Mara,Skafidas,Staff,1994-04-04,2002-04-03
261573,Kazuyasu,Krzyzanowski,Senior Staff,1987-04-03,9999-01-01
261593,Adin,Conta,Senior Staff,1996-02-21,9999-01-01
261593,Adin,Conta,Staff,1990-02-21,1996-02-21
261601,Roded,Simmel,Technique Leader,1991-12-17,1992-01-05
261620,Yongqiao,Fordan,Senior Staff,1995-12-21,9999-01-01
261672,Kazuhira,Pintelas,Engineer,1999-09-30,9999-01-01
261711,Claudi,Loncour,Staff,1998-05-06,9999-01-01
261722,Manu,Merkl,Senior Staff,2001-06-06,9999-01-01
261722,Manu,Merkl,Staff,1995-06-07,2001-06-06
261723,Marsha,Vickson,Senior Staff,1998-05-14,1999-02-14
261745,Reinhold,Rajala,Senior Staff,1996-05-24,9999-01-01
261745,Reinhold,Rajala,Staff,1988-05-24,1996-05-24
261759,Billie,Zallocco,Staff,1999-06-07,9999-01-01
261765,Parke,Itschner,Assistant Engineer,1993-02-24,1999-02-24
261765,Parke,Itschner,Engineer,1999-02-24,9999-01-01
261777,Poornachandra,Alvarado,Engineer,1991-04-16,1998-04-16
261777,Poornachandra,Alvarado,Senior Engineer,1998-04-16,9999-01-01
261781,Sakthirel,Lieberherr,Engineer,1989-08-08,1995-08-08
261781,Sakthirel,Lieberherr,Senior Engineer,1995-08-08,9999-01-01
261788,Yuchang,Angiulli,Senior Staff,1999-03-26,9999-01-01
261788,Yuchang,Angiulli,Staff,1992-03-25,1999-03-26
261792,Adas,Michaeli,Senior Staff,1995-08-02,9999-01-01
261792,Adas,Michaeli,Staff,1986-08-02,1995-08-02
261795,Zeljko,Farris,Engineer,1993-04-29,2001-04-29
261795,Zeljko,Farris,Senior Engineer,2001-04-29,9999-01-01
261808,Houman,Pena,Engineer,1985-03-30,1993-03-30
261808,Houman,Pena,Senior Engineer,1993-03-30,9999-01-01
261828,Moty,Polajnar,Engineer,1994-11-30,1998-12-23
261830,Sven,Karnin,Senior Engineer,1994-10-30,9999-01-01
261831,Nobuyoshi,Toyoshima,Senior Staff,1989-02-06,9999-01-01
261836,Mohua,Hmelo,Engineer,1993-05-15,2000-05-15
261836,Mohua,Hmelo,Senior Engineer,2000-05-15,9999-01-01
261838,Wanqing,Comellas,Staff,1997-12-14,9999-01-01
261841,Perry,Ponthieu,Assistant Engineer,1988-05-16,1993-05-16
261841,Perry,Ponthieu,Engineer,1993-05-16,1998-05-16
261841,Perry,Ponthieu,Senior Engineer,1998-05-16,9999-01-01
261848,Tooru,Pavlopoulou,Assistant Engineer,1989-02-28,1996-02-29
261848,Tooru,Pavlopoulou,Engineer,1996-02-29,9999-01-01
261857,Kayoko,Leonhardt,Staff,1997-08-09,9999-01-01
261864,Froduald,Maginnis,Senior Staff,1986-12-20,9999-01-01
261865,Chanjung,Hofting,Senior Staff,1999-12-30,9999-01-01
261865,Chanjung,Hofting,Staff,1990-12-30,1999-12-30
261935,Kannan,Kulisch,Senior Engineer,1993-02-11,9999-01-01
261964,Kamakshi,Brookner,Engineer,1991-10-09,1997-10-08
261964,Kamakshi,Brookner,Senior Engineer,1997-10-08,9999-01-01
261966,Mariangiola,Luce,Assistant Engineer,1997-12-24,9999-01-01
261969,Krassimir,Boudaillier,Staff,1997-05-29,9999-01-01
261975,Gopalakrishnan,Curless,Engineer,1989-12-26,1995-12-26
261975,Gopalakrishnan,Curless,Senior Engineer,1995-12-26,9999-01-01
261997,Tze,Orlowski,Engineer,1988-10-26,1996-10-26
261997,Tze,Orlowski,Senior Engineer,1996-10-26,2000-02-24
262001,Taegyun,Beeson,Staff,1997-11-29,9999-01-01
262016,Przemyslawa,Erman,Senior Staff,1999-11-20,9999-01-01
262016,Przemyslawa,Erman,Staff,1991-11-20,1999-11-20
262024,Byong,Maraist,Senior Engineer,1989-11-12,9999-01-01
262049,Zhilian,Anido,Senior Staff,1996-04-17,1999-05-13
262049,Zhilian,Anido,Staff,1989-04-17,1996-04-17
262050,Lobel,Kemmerer,Senior Staff,2001-05-04,9999-01-01
262050,Lobel,Kemmerer,Staff,1996-05-04,2001-05-04
262070,Atreyi,Koshiba,Senior Staff,1995-04-07,1999-07-11
262070,Atreyi,Koshiba,Staff,1986-04-07,1995-04-07
262071,Kristian,Usery,Assistant Engineer,1990-01-22,1995-01-22
262071,Kristian,Usery,Engineer,1995-01-22,2000-01-22
262071,Kristian,Usery,Senior Engineer,2000-01-22,9999-01-01
262073,Anneke,Sridhar,Senior Staff,1999-08-05,9999-01-01
262073,Anneke,Sridhar,Staff,1993-08-05,1999-08-05
262087,Danco,Kossowski,Senior Staff,1999-10-29,2001-08-26
262087,Danco,Kossowski,Staff,1994-10-29,1999-10-29
262106,Heon,Shrader,Senior Staff,1988-09-11,9999-01-01
262107,Lidong,Asrin,Senior Staff,1986-09-04,9999-01-01
262108,Subhada,Androutsos,Senior Engineer,1994-12-14,1997-11-13
262124,Kenton,Khasidashvili,Engineer,1995-04-21,9999-01-01
262128,Arne,Codenie,Engineer,1992-10-15,2001-10-15
262128,Arne,Codenie,Senior Engineer,2001-10-15,9999-01-01
262133,Tesuro,Rissanen,Senior Staff,1998-04-21,9999-01-01
262133,Tesuro,Rissanen,Staff,1993-04-21,1998-04-21
262144,Adas,Azadmanesh,Staff,1999-07-14,9999-01-01
262159,Val,Rosch,Engineer,1992-01-26,1997-01-09
262172,Kiam,Riesenhuber,Engineer,1986-10-01,1991-10-01
262172,Kiam,Riesenhuber,Senior Engineer,1991-10-01,9999-01-01
262175,Shay,Lamparter,Senior Engineer,1990-04-24,9999-01-01
262182,Cullen,Mungall,Senior Staff,1995-11-27,1998-12-09
262182,Cullen,Mungall,Staff,1989-11-27,1995-11-27
262191,Herbert,Bernatsky,Senior Staff,1991-08-23,2001-04-17
262191,Herbert,Bernatsky,Staff,1985-08-23,1991-08-23
262204,Hironoby,Syrzycki,Staff,1991-06-29,1994-03-19
262209,Subhada,Garnick,Senior Staff,1991-03-19,9999-01-01
262215,Xiping,Falck,Engineer,1985-06-22,1994-06-22
262215,Xiping,Falck,Senior Engineer,1994-06-22,9999-01-01
262239,Vincent,Gerteisen,Senior Staff,1995-08-30,9999-01-01
262239,Vincent,Gerteisen,Staff,1989-08-30,1995-08-30
262250,Mohit,Salvesen,Technique Leader,1990-06-18,9999-01-01
262269,Mayuri,Naumovich,Engineer,1988-04-13,1994-04-13
262269,Mayuri,Naumovich,Senior Engineer,1994-04-13,9999-01-01
262279,Nathalie,Zirintsis,Assistant Engineer,1987-12-18,1991-08-20
262315,Adin,Basart,Senior Staff,1999-12-05,9999-01-01
262315,Adin,Basart,Staff,1991-12-05,1999-12-05
262320,Parke,Barreiro,Engineer,1991-08-06,1994-06-02
262353,Sandeepan,Vanwelkenhuysen,Engineer,1994-05-04,2001-05-04
262353,Sandeepan,Vanwelkenhuysen,Senior Engineer,2001-05-04,9999-01-01
262381,Berna,Diderrich,Senior Staff,1993-07-25,9999-01-01
262381,Berna,Diderrich,Staff,1988-07-25,1993-07-25
262401,Hercules,Ramamoorthy,Engineer,1998-09-22,9999-01-01
262422,Cathie,Ramras,Engineer,1999-10-01,9999-01-01
262448,Jeanna,Wolniewicz,Staff,1996-05-23,1999-03-29
262482,Adhemar,Raoux,Engineer,1994-04-11,2001-04-11
262482,Adhemar,Raoux,Senior Engineer,2001-04-11,9999-01-01
262483,Murthy,Homond,Engineer,1996-06-03,9999-01-01
262484,Adhemar,Ranze,Engineer,1996-10-29,2001-10-29
262484,Adhemar,Ranze,Senior Engineer,2001-10-29,9999-01-01
262501,Marco,Kaminger,Senior Staff,1998-06-25,9999-01-01
262501,Marco,Kaminger,Staff,1993-06-25,1998-06-25
262547,Zdislav,Polajnar,Senior Staff,2000-12-27,9999-01-01
262547,Zdislav,Polajnar,Staff,1995-12-28,2000-12-27
262575,Rosli,Lalonde,Staff,1994-06-29,9999-01-01
262583,Yuriy,Lortz,Senior Staff,1995-02-09,9999-01-01
262583,Yuriy,Lortz,Staff,1990-02-09,1995-02-09
262641,Zhenhua,Suwa,Staff,1995-06-03,9999-01-01
262644,Bodo,Lorho,Senior Staff,1995-08-14,9999-01-01
262644,Bodo,Lorho,Staff,1988-08-13,1995-08-14
262674,Ewing,Merel,Assistant Engineer,1987-10-25,1995-10-25
262674,Ewing,Merel,Engineer,1995-10-25,9999-01-01
262690,Dipankar,Ravishankar,Senior Engineer,1991-05-10,9999-01-01
262707,Luerbio,Otillio,Engineer,1994-12-20,1995-07-03
262760,Christoph,Marakhovsky,Senior Engineer,1986-04-15,9999-01-01
262776,Mikhail,Winter,Senior Staff,2000-06-13,9999-01-01
262776,Mikhail,Winter,Staff,1991-06-14,2000-06-13
262778,Filipp,Cusworth,Engineer,1985-09-26,1993-06-29
262786,Akeel,Dahlbom,Senior Staff,1993-08-18,1999-06-11
262788,Lubomir,Farrel,Engineer,1988-12-05,1994-12-05
262788,Lubomir,Farrel,Senior Engineer,1994-12-05,9999-01-01
262789,Chaosheng,Shigei,Engineer,1990-03-15,1996-03-14
262789,Chaosheng,Shigei,Senior Engineer,1996-03-14,9999-01-01
262798,Tsz,Fetvedt,Engineer,1997-11-20,9999-01-01
262804,Yinghua,Mitchem,Senior Staff,1992-02-21,9999-01-01
262804,Yinghua,Mitchem,Staff,1985-02-20,1992-02-21
262864,Georgi,Kampfer,Senior Staff,1998-12-20,9999-01-01
262864,Georgi,Kampfer,Staff,1990-12-20,1998-12-20
262872,Suebskul,Poehlman,Engineer,1988-06-23,1994-02-04
262875,Poorav,Heuser,Senior Staff,1997-05-31,9999-01-01
262875,Poorav,Heuser,Staff,1990-05-31,1997-05-31
262877,Vidya,Matzov,Senior Staff,1995-05-16,9999-01-01
262877,Vidya,Matzov,Staff,1990-05-16,1995-05-16
262892,Divine,Marciano,Senior Staff,1992-10-15,9999-01-01
262913,Kwun,Zumaque,Engineer,1993-10-18,2000-10-18
262913,Kwun,Zumaque,Senior Engineer,2000-10-18,9999-01-01
262915,Arif,Sridhar,Senior Staff,2000-03-19,9999-01-01
262915,Arif,Sridhar,Staff,1993-03-19,2000-03-19
262927,Nadjib,Fetvedt,Engineer,1986-12-01,1991-12-01
262927,Nadjib,Fetvedt,Senior Engineer,1991-12-01,1998-11-06
262933,Akemi,Standera,Senior Staff,1994-08-09,9999-01-01
262951,Denny,Auyong,Engineer,1992-08-05,2001-08-05
262951,Denny,Auyong,Senior Engineer,2001-08-05,9999-01-01
262954,Shawna,Denna,Senior Staff,1989-08-17,9999-01-01
262960,Xiaoheng,Emden,Engineer,1986-11-12,1992-11-11
262960,Xiaoheng,Emden,Senior Engineer,1992-11-11,9999-01-01
262977,Seongbae,Bhattacharjee,Staff,1998-12-07,9999-01-01
262982,Bernt,Lubachevsky,Senior Staff,2000-02-23,9999-01-01
262982,Bernt,Lubachevsky,Staff,1993-02-22,2000-02-23
262997,Sachar,Petersohn,Senior Staff,1992-05-24,9999-01-01
262997,Sachar,Petersohn,Staff,1985-05-24,1992-05-24
263004,Goncalo,Solares,Senior Staff,1999-02-27,9999-01-01
263004,Goncalo,Solares,Staff,1993-02-27,1999-02-27
263006,Kenroku,Flanders,Assistant Engineer,1995-10-14,1995-10-31
263011,Eirik,Stentiford,Engineer,1992-06-23,2000-06-23
263011,Eirik,Stentiford,Senior Engineer,2000-06-23,9999-01-01
263015,Nirmal,Erbe,Engineer,1998-08-16,9999-01-01
263033,Hinrich,Luan,Senior Staff,1993-04-26,9999-01-01
263033,Hinrich,Luan,Staff,1987-04-27,1993-04-26
263044,Bowen,Kilgour,Assistant Engineer,1999-11-10,9999-01-01
263045,Taizo,Linares,Senior Staff,1992-04-03,9999-01-01
263045,Taizo,Linares,Staff,1986-04-04,1992-04-03
263059,Yonghong,Pagter,Senior Engineer,1993-11-09,9999-01-01
263073,Kensyu,Shobatake,Assistant Engineer,1992-03-21,2000-03-21
263073,Kensyu,Shobatake,Engineer,2000-03-21,9999-01-01
263081,Gian,Eiron,Senior Engineer,1993-07-12,9999-01-01
263092,Lena,Rissland,Senior Engineer,1995-06-08,9999-01-01
263136,Bowen,Pena,Engineer,1997-01-21,1999-11-08
263151,Vugranam,DiGiano,Engineer,1998-07-30,9999-01-01
263185,Bodh,Pero,Staff,1998-09-24,9999-01-01
263215,Vasiliy,Weisert,Senior Staff,1993-08-05,9999-01-01
263229,Jeanne,Ventosa,Staff,1997-04-13,1998-09-23
263252,Yinghua,Lorch,Engineer,1996-05-21,2002-01-29
263269,Gal,Schahn,Senior Staff,1994-02-28,9999-01-01
263269,Gal,Schahn,Staff,1987-02-28,1994-02-28
263323,Guiseppe,Swen,Staff,1997-02-28,9999-01-01
263327,Luise,Gils,Assistant Engineer,1999-01-29,9999-01-01
263347,Aruna,Shihab,Engineer,1994-05-11,1999-05-11
263347,Aruna,Shihab,Senior Engineer,1999-05-11,9999-01-01
263389,Basem,Theuretzbacher,Senior Staff,1994-01-18,9999-01-01
263389,Basem,Theuretzbacher,Staff,1988-01-19,1994-01-18
263402,Magy,Templeman,Engineer,1996-11-29,9999-01-01
263403,Hironoby,Flexer,Staff,1993-09-02,9999-01-01
263413,Margareta,Feldhoffer,Engineer,1990-05-28,1998-05-28
263413,Margareta,Feldhoffer,Senior Engineer,1998-05-28,9999-01-01
263423,Rasikan,Gopalakrishnan,Assistant Engineer,1992-08-04,1997-08-04
263423,Rasikan,Gopalakrishnan,Engineer,1997-08-04,1998-04-11
263464,Ranan,Hitomi,Senior Staff,1992-09-18,9999-01-01
263465,Yuichiro,Matzen,Senior Staff,1986-09-29,1990-04-23
263488,Jiann,Scallan,Senior Staff,1998-07-16,9999-01-01
263543,Gina,Foong,Senior Staff,1986-11-28,1997-10-12
263558,Wuxu,Sambasivam,Engineer,1987-11-10,1996-11-09
263558,Wuxu,Sambasivam,Senior Engineer,1996-11-09,9999-01-01
263567,Faiza,Schapiro,Staff,1998-04-23,9999-01-01
263570,Serge,Holburn,Staff,1998-11-21,9999-01-01
263586,Caolyn,Jansch,Engineer,1995-01-16,2001-01-15
263586,Caolyn,Jansch,Senior Engineer,2001-01-15,9999-01-01
263589,Danco,Ritzmann,Senior Engineer,1999-02-05,2000-04-23
263605,Berthier,Tagansky,Senior Staff,1990-11-15,9999-01-01
263617,Hairong,Azumi,Senior Staff,1996-04-23,9999-01-01
263617,Hairong,Azumi,Staff,1990-04-24,1996-04-23
263629,Navid,Loncour,Senior Staff,1997-07-03,9999-01-01
263629,Navid,Loncour,Staff,1989-07-03,1997-07-03
263636,Kirk,Stifter,Engineer,1993-04-13,1998-04-13
263636,Kirk,Stifter,Senior Engineer,1998-04-13,9999-01-01
263652,Sreenivas,Marchesini,Technique Leader,1996-10-16,1997-01-19
263653,Siamak,Lanteri,Engineer,1993-01-05,2000-01-06
263653,Siamak,Lanteri,Senior Engineer,2000-01-06,9999-01-01
263681,Percy,Remmers,Senior Staff,2000-04-28,9999-01-01
263681,Percy,Remmers,Staff,1992-04-28,2000-04-28
263687,Aksel,Farrow,Senior Engineer,1989-07-14,9999-01-01
263698,Odysseas,Engberts,Senior Engineer,1996-06-01,9999-01-01
263702,Gadiel,Shihab,Engineer,1995-06-14,2001-06-13
263702,Gadiel,Shihab,Senior Engineer,2001-06-13,9999-01-01
263704,Parto,Schmezko,Assistant Engineer,1986-03-17,1993-03-17
263704,Parto,Schmezko,Engineer,1993-03-17,2000-03-17
263704,Parto,Schmezko,Senior Engineer,2000-03-17,9999-01-01
263708,Naftaly,Malinowski,Engineer,1994-02-20,9999-01-01
263723,Sibyl,Thorensen,Senior Engineer,1985-05-27,9999-01-01
263728,Ghassan,Schlegelmilch,Senior Staff,1997-11-01,9999-01-01
263728,Ghassan,Schlegelmilch,Staff,1992-11-01,1997-11-01
263768,Reuven,Gide,Assistant Engineer,1991-10-27,1996-10-26
263768,Reuven,Gide,Engineer,1996-10-26,2001-10-26
263768,Reuven,Gide,Senior Engineer,2001-10-26,9999-01-01
263771,Hironobu,Emiris,Engineer,1995-04-27,2002-04-27
263771,Hironobu,Emiris,Senior Engineer,2002-04-27,9999-01-01
263780,Susanne,Jansen,Senior Staff,1994-01-09,9999-01-01
263801,Yuping,Stentiford,Senior Staff,1992-04-08,9999-01-01
263816,Ayonca,Menhardt,Senior Staff,1998-07-04,9999-01-01
263816,Ayonca,Menhardt,Staff,1990-07-04,1998-07-04
263826,Kshitij,Garnier,Senior Staff,2002-04-18,9999-01-01
263826,Kshitij,Garnier,Staff,1993-04-18,2002-04-18
263849,Subhada,Engberts,Senior Engineer,1986-05-12,9999-01-01
263860,Navin,Erez,Staff,1999-08-31,9999-01-01
263903,Atreyi,Krychniak,Senior Engineer,1986-09-07,9999-01-01
263906,Naftaly,Trystram,Engineer,1992-08-04,1998-08-04
263906,Naftaly,Trystram,Senior Engineer,1998-08-04,9999-01-01
263912,Randi,Albarhamtoshy,Senior Staff,2001-11-05,9999-01-01
263912,Randi,Albarhamtoshy,Staff,1992-11-05,2001-11-05
263938,Goo,Beetstra,Senior Staff,1994-06-05,9999-01-01
263977,Inderjeet,Rohrbach,Senior Engineer,1985-11-17,2000-02-23
264015,Sanjai,Gadepally,Senior Staff,1992-04-05,9999-01-01
264031,Arunas,Binkley,Senior Staff,1985-09-02,9999-01-01
264035,Jeanne,Gide,Assistant Engineer,1990-09-13,1997-09-13
264035,Jeanne,Gide,Engineer,1997-09-13,9999-01-01
264041,Soenke,Picel,Staff,1998-11-24,9999-01-01
264113,Paddy,Pouyioutas,Senior Engineer,2000-01-05,9999-01-01
264118,Dannz,Siprelle,Staff,1989-09-12,1991-08-23
264140,Mahmut,Griswold,Assistant Engineer,1996-04-02,2000-08-16
264154,Anneke,Sinitsyn,Assistant Engineer,1996-10-13,1999-10-18
264205,Uinam,Peroz,Engineer,1995-12-21,2001-12-20
264205,Uinam,Peroz,Senior Engineer,2001-12-20,9999-01-01
264219,Yucai,Roisin,Engineer,1986-07-11,1992-07-10
264219,Yucai,Roisin,Senior Engineer,1992-07-10,9999-01-01
264225,Mechthild,Kambil,Technique Leader,1985-08-23,1986-02-23
264240,Bokyung,Beilner,Engineer,1991-08-05,1997-08-04
264240,Bokyung,Beilner,Senior Engineer,1997-08-04,9999-01-01
264244,Iara,Kulisch,Senior Engineer,1995-11-25,9999-01-01
264254,Kitty,Shihab,Engineer,1990-10-09,1995-10-09
264254,Kitty,Shihab,Senior Engineer,1995-10-09,9999-01-01
264260,Honesty,Przulj,Senior Staff,1999-06-25,2001-10-23
264265,Masali,Butner,Engineer,1985-12-18,1992-12-18
264265,Masali,Butner,Senior Engineer,1992-12-18,9999-01-01
264272,Sven,Shumilov,Senior Staff,1999-03-12,9999-01-01
264272,Sven,Shumilov,Staff,1993-03-12,1999-03-12
264277,Kwok,Poehlman,Senior Engineer,1998-08-23,9999-01-01
264288,Yonghong,Peron,Senior Staff,1998-03-22,9999-01-01
264288,Yonghong,Peron,Staff,1992-03-22,1998-03-22
264291,Gila,Suessmith,Technique Leader,1999-12-23,9999-01-01
264298,Barna,Guting,Senior Engineer,1989-11-14,9999-01-01
264300,Mana,Gulak,Engineer,1989-07-09,1997-07-09
264300,Mana,Gulak,Senior Engineer,1997-07-09,1998-12-02
264350,Xuejia,Mitina,Engineer,1993-04-09,1998-07-29
264358,Xinan,Iacovou,Senior Staff,1990-04-27,9999-01-01
264363,Dayanand,Rosis,Assistant Engineer,1985-09-13,1990-09-13
264363,Dayanand,Rosis,Engineer,1990-09-13,1995-09-13
264363,Dayanand,Rosis,Senior Engineer,1995-09-13,2001-07-16
264364,Luigi,Backhouse,Senior Staff,1996-10-06,1997-10-27
264373,Utz,Rajaraman,Senior Staff,1996-08-12,9999-01-01
264373,Utz,Rajaraman,Staff,1990-08-13,1996-08-12
264375,Girolamo,Massonet,Engineer,1990-06-15,1997-06-15
264375,Girolamo,Massonet,Senior Engineer,1997-06-15,2002-04-27
264400,Shooichi,Hatcliff,Engineer,1994-04-01,2001-04-01
264400,Shooichi,Hatcliff,Senior Engineer,2001-04-01,9999-01-01
264419,Zorica,Raoux,Senior Staff,1987-08-22,9999-01-01
264425,Bojan,Kavanagh,Engineer,1996-12-27,9999-01-01
264427,True,Munro,Senior Staff,1991-10-30,9999-01-01
264427,True,Munro,Staff,1985-10-30,1991-10-30
264439,Munehiro,Baig,Senior Staff,1998-04-01,9999-01-01
264439,Munehiro,Baig,Staff,1992-04-01,1998-04-01
264457,Bernice,Leivant,Staff,2000-01-31,9999-01-01
264462,Tooru,Ishibashi,Technique Leader,1991-03-26,9999-01-01
264501,Kankanahalli,Sethi,Staff,1997-02-16,1998-12-27
264503,Leen,Shanbhogue,Senior Staff,1997-06-25,9999-01-01
264509,Kensei,Schicker,Engineer,1999-09-30,9999-01-01
264529,Xiaopeng,Pearson,Engineer,1985-10-28,1990-10-28
264529,Xiaopeng,Pearson,Senior Engineer,1990-10-28,9999-01-01
264547,Franziska,Karnin,Assistant Engineer,1993-05-27,1999-05-27
264547,Franziska,Karnin,Engineer,1999-05-27,9999-01-01
264548,Elgin,Pehl,Staff,1997-06-03,1998-04-30
264562,Manohar,Hertweck,Senior Staff,1995-04-03,1995-04-06
264569,KayLiang,Bennet,Engineer,1987-09-05,1993-06-28
264574,Oguz,Improta,Senior Engineer,1998-01-03,9999-01-01
264583,Kwun,Msuda,Senior Staff,2002-04-30,9999-01-01
264583,Kwun,Msuda,Staff,1997-04-30,2002-04-30
264593,Steen,Peir,Staff,1995-05-18,1998-07-18
264597,Leif,Madeira,Assistant Engineer,1986-05-10,1989-09-16
264599,Serge,Binkley,Senior Staff,1999-09-23,9999-01-01
264599,Serge,Binkley,Staff,1993-09-23,1999-09-23
264606,Gritta,Herbst,Senior Staff,1999-08-23,9999-01-01
264606,Gritta,Herbst,Staff,1990-08-23,1999-08-23
264622,Shirish,Melichar,Senior Engineer,1992-02-14,9999-01-01
264672,Munehiko,Ernst,Engineer,1990-01-28,1998-01-28
264672,Munehiko,Ernst,Senior Engineer,1998-01-28,9999-01-01
264677,Weiwu,Yemenis,Staff,1991-10-04,1992-02-04
264678,Gift,Litzkow,Engineer,1997-08-28,9999-01-01
264693,Basim,Kemmerer,Senior Staff,1994-02-16,9999-01-01
264693,Basim,Kemmerer,Staff,1989-02-16,1994-02-16
264700,Gen,Kobuchi,Senior Staff,1988-04-25,9999-01-01
264711,Kshitij,Sinicrope,Engineer,1996-06-13,1998-03-10
264729,Falguni,Dahlbom,Senior Staff,1986-11-24,9999-01-01
264730,Bowen,Yeung,Technique Leader,1991-11-13,9999-01-01
264785,Emdad,Vigier,Engineer,1987-05-08,1994-05-08
264785,Emdad,Vigier,Senior Engineer,1994-05-08,9999-01-01
264809,Mohit,Ramsey,Engineer,1996-07-22,2002-07-22
264809,Mohit,Ramsey,Senior Engineer,2002-07-22,9999-01-01
264826,Rosli,Barreiro,Senior Staff,1996-10-29,1997-05-06
264826,Rosli,Barreiro,Staff,1988-10-30,1996-10-29
264827,Suebskul,Nastansky,Engineer,1993-11-27,2000-11-27
264827,Suebskul,Nastansky,Senior Engineer,2000-11-27,9999-01-01
264840,Abdelghani,Millington,Senior Engineer,1985-11-12,9999-01-01
264844,Lokesh,Fioravanti,Senior Staff,1994-05-31,9999-01-01
264844,Lokesh,Fioravanti,Staff,1989-05-31,1994-05-31
264852,Luisa,Pintelas,Senior Engineer,1990-04-30,1995-07-26
264867,Kazuhisa,Reeker,Senior Staff,1996-01-07,9999-01-01
264867,Kazuhisa,Reeker,Staff,1989-01-06,1996-01-07
264870,Gay,Pezzoli,Senior Engineer,1994-06-02,9999-01-01
264878,JiYoung,Kalsbeek,Senior Staff,2001-03-10,9999-01-01
264878,JiYoung,Kalsbeek,Staff,1992-03-10,2001-03-10
264888,Tuval,Flanders,Staff,1993-02-18,1995-02-18
264895,Supot,Maginnis,Staff,1995-08-10,2002-06-22
264903,Subhankar,Molenaar,Engineer,1989-07-08,1996-07-08
264903,Subhankar,Molenaar,Senior Engineer,1996-07-08,1997-01-17
264911,Hailing,Comyn,Technique Leader,1992-10-08,9999-01-01
264917,Hitofumi,Unno,Engineer,1995-02-26,2001-02-25
264917,Hitofumi,Unno,Senior Engineer,2001-02-25,9999-01-01
264918,Tse,Cooke,Engineer,1990-01-12,1996-01-12
264918,Tse,Cooke,Senior Engineer,1996-01-12,9999-01-01
264925,Kauko,Muniz,Senior Staff,1987-01-17,1993-12-10
264957,Vugranam,Kowalchuk,Engineer,1995-10-07,1995-11-22
264958,Pramod,Dahlbom,Technique Leader,1992-10-22,9999-01-01
264981,Yoshimitsu,Godskesen,Staff,1997-04-01,2001-11-11
265003,Kaijung,Lueh,Senior Staff,1990-12-14,1995-05-28
265003,Kaijung,Lueh,Staff,1985-12-14,1990-12-14
265013,Serap,Salinas,Engineer,1987-07-13,1994-07-13
265013,Serap,Salinas,Senior Engineer,1994-07-13,9999-01-01
265033,Jeane,Chiodo,Technique Leader,1986-07-31,9999-01-01
265041,Bluma,Borovoy,Senior Staff,1990-04-23,9999-01-01
265041,Bluma,Borovoy,Staff,1985-04-23,1990-04-23
265043,Shahid,Bael,Engineer,1996-05-14,2002-05-14
265043,Shahid,Bael,Senior Engineer,2002-05-14,9999-01-01
265094,Taiji,Yurek,Engineer,1986-08-23,1994-08-23
265094,Taiji,Yurek,Senior Engineer,1994-08-23,9999-01-01
265141,Heekeun,Polupanov,Staff,1999-11-09,9999-01-01
265145,Sastry,Cooman,Senior Staff,1996-03-16,9999-01-01
265145,Sastry,Cooman,Staff,1991-03-17,1996-03-16
265170,Navid,Snedden,Engineer,1992-11-29,1997-11-29
265170,Navid,Snedden,Senior Engineer,1997-11-29,9999-01-01
265171,Fatemeh,Nittel,Engineer,1989-08-09,1995-08-09
265171,Fatemeh,Nittel,Senior Engineer,1995-08-09,9999-01-01
265176,Kristina,Shumilov,Senior Engineer,1990-08-14,9999-01-01
265184,Ayakannu,Lanphier,Engineer,1993-09-12,1996-04-04
265202,Dinkar,Merlo,Engineer,1993-07-30,2002-07-30
265202,Dinkar,Merlo,Senior Engineer,2002-07-30,9999-01-01
265214,Lubomir,Erman,Engineer,1988-02-02,1997-02-01
265214,Lubomir,Erman,Senior Engineer,1997-02-01,9999-01-01
265220,Bodo,Beutelspacher,Engineer,1997-12-09,9999-01-01
265251,Kensei,Rebaine,Engineer,1994-03-12,9999-01-01
265265,Rosine,Pell,Engineer,1994-07-09,1999-04-05
265267,Gladys,Speek,Senior Staff,1997-11-27,9999-01-01
265267,Gladys,Speek,Staff,1992-11-27,1997-11-27
265277,Jayson,Sudkamp,Engineer,1995-04-01,2001-03-31
265277,Jayson,Sudkamp,Senior Engineer,2001-03-31,9999-01-01
265282,Fei,Osgood,Staff,1996-01-02,9999-01-01
265292,Fox,Bisiani,Staff,1987-04-07,1987-10-04
265295,Danel,McFarlin,Senior Staff,1992-08-27,9999-01-01
265295,Danel,McFarlin,Staff,1987-08-28,1992-08-27
265299,Horward,Makrucki,Engineer,1991-10-28,1997-10-27
265299,Horward,Makrucki,Senior Engineer,1997-10-27,9999-01-01
265304,Larisa,Seuren,Staff,1997-01-07,9999-01-01
265310,Kristine,Nourani,Staff,1999-07-06,9999-01-01
265325,Rance,Schicker,Assistant Engineer,1985-07-13,1991-07-13
265325,Rance,Schicker,Engineer,1991-07-13,1997-07-12
265325,Rance,Schicker,Senior Engineer,1997-07-12,9999-01-01
265328,Macha,Vuskovic,Senior Engineer,1989-05-16,9999-01-01
265331,Ymte,Brizzi,Engineer,1985-03-21,1990-03-21
265331,Ymte,Brizzi,Senior Engineer,1990-03-21,9999-01-01
265350,Dung,Heiserman,Senior Engineer,1990-12-19,9999-01-01
265354,Ayonca,Menhoudj,Engineer,1996-01-07,9999-01-01
265361,Cristinel,Grospietsch,Engineer,1993-01-09,1999-01-09
265361,Cristinel,Grospietsch,Senior Engineer,1999-01-09,9999-01-01
265381,Ottavia,Terwilliger,Senior Staff,1992-07-14,9999-01-01
265381,Ottavia,Terwilliger,Staff,1985-07-14,1992-07-14
265383,Nidapan,Brender,Engineer,1988-02-21,1994-02-20
265383,Nidapan,Brender,Senior Engineer,1994-02-20,9999-01-01
265405,Woody,Rando,Senior Staff,1993-09-25,9999-01-01
265414,Leucio,Murrill,Senior Staff,2001-05-01,9999-01-01
265414,Leucio,Murrill,Staff,1993-05-01,2001-05-01
265417,Marin,Sidje,Engineer,1988-02-15,1997-02-14
265417,Marin,Sidje,Senior Engineer,1997-02-14,9999-01-01
265463,Pranas,Rosch,Engineer,1995-12-28,2001-12-27
265463,Pranas,Rosch,Senior Engineer,2001-12-27,9999-01-01
265468,Gian,Serdy,Engineer,1994-08-13,1998-05-07
265478,Kaijung,Halevi,Senior Engineer,1986-04-01,9999-01-01
265495,Valeska,Hennings,Assistant Engineer,1996-11-03,2001-11-03
265495,Valeska,Hennings,Engineer,2001-11-03,9999-01-01
265515,Mohammed,Rebaine,Technique Leader,1991-10-20,9999-01-01
265524,Constantine,Wrigley,Staff,1999-07-16,9999-01-01
265528,Rance,Herbst,Engineer,1999-10-22,9999-01-01
265531,Chenye,Talmor,Senior Staff,1998-08-11,9999-01-01
265531,Chenye,Talmor,Staff,1991-08-11,1998-08-11
265587,Susanne,Oxman,Engineer,1990-04-29,1998-04-29
265587,Susanne,Oxman,Senior Engineer,1998-04-29,9999-01-01
265589,Jianhao,Perko,Engineer,1996-12-01,9999-01-01
265608,Adas,Ratzlaff,Engineer,1989-01-18,1994-01-18
265608,Adas,Ratzlaff,Senior Engineer,1994-01-18,9999-01-01
265612,Patricia,Mamelak,Engineer,1990-04-16,1996-04-15
265612,Patricia,Mamelak,Senior Engineer,1996-04-15,9999-01-01
265621,Saddek,Hutton,Technique Leader,1988-11-08,9999-01-01
265664,Eirik,Cangellaris,Engineer,1992-10-03,1999-10-04
265664,Eirik,Cangellaris,Senior Engineer,1999-10-04,9999-01-01
265667,Saniya,Baba,Engineer,1997-08-07,9999-01-01
265669,Vasilii,Validov,Senior Engineer,1994-03-05,9999-01-01
265684,Luigi,Sabnani,Staff,1998-12-08,9999-01-01
265702,Yongmin,Zielinski,Staff,1998-05-12,9999-01-01
265703,Vatsa,Lund,Technique Leader,1989-11-18,9999-01-01
265704,Xiong,Duclos,Senior Staff,1994-10-17,9999-01-01
265736,Sanjay,Lyonns,Engineer,1989-09-22,1996-09-22
265736,Sanjay,Lyonns,Senior Engineer,1996-09-22,9999-01-01
265743,Khatoun,Lunn,Senior Staff,1993-06-29,9999-01-01
265743,Khatoun,Lunn,Staff,1988-06-29,1993-06-29
265745,Isaac,Chinen,Senior Engineer,1991-09-23,9999-01-01
265749,Uri,Asmuth,Engineer,1992-10-24,1999-10-25
265749,Uri,Asmuth,Senior Engineer,1999-10-25,9999-01-01
265758,Lenore,Molberg,Staff,1998-12-05,9999-01-01
265765,Kiam,Cunliffe,Engineer,1991-07-10,1996-07-09
265765,Kiam,Cunliffe,Senior Engineer,1996-07-09,1998-05-18
265784,Armond,Negoita,Engineer,1985-10-19,1991-10-19
265784,Armond,Negoita,Senior Engineer,1991-10-19,9999-01-01
265837,Murthy,Motley,Engineer,1985-07-06,1994-07-06
265837,Murthy,Motley,Senior Engineer,1994-07-06,1996-08-22
265849,Xinyu,Rahier,Engineer,1987-12-01,1993-11-24
265851,Herbert,Cairo,Senior Staff,1997-10-24,1998-02-28
265851,Herbert,Cairo,Staff,1992-10-24,1997-10-24
265860,Kazuhito,Nollmann,Senior Staff,1992-03-01,9999-01-01
265868,Ramalingam,Petersohn,Staff,1998-08-08,2002-05-06
265873,Raimond,Irland,Senior Staff,2002-07-05,9999-01-01
265873,Raimond,Irland,Staff,1994-07-05,2002-07-05
265890,Jaana,Rusterholz,Engineer,1987-10-25,1992-10-24
265890,Jaana,Rusterholz,Senior Engineer,1992-10-24,1997-11-27
265892,Toshimitsu,Klassen,Engineer,1996-04-26,9999-01-01
265901,Vasilii,Cincotta,Engineer,1993-10-27,1998-10-26
265901,Vasilii,Cincotta,Senior Engineer,1998-10-26,9999-01-01
265914,Ramzi,Gist,Senior Staff,1997-07-01,9999-01-01
265914,Ramzi,Gist,Staff,1992-07-01,1997-07-01
265934,Manu,Boguraev,Technique Leader,1998-07-21,9999-01-01
265938,Uwe,Waterhouse,Staff,1995-05-12,9999-01-01
265939,Kellie,Jansch,Engineer,1997-04-22,9999-01-01
265946,Shimshon,Chachaty,Engineer,1999-09-07,9999-01-01
265949,Amabile,Polupanov,Staff,1998-10-21,9999-01-01
265958,Barry,Marchesini,Engineer,1988-02-08,1993-02-07
265958,Barry,Marchesini,Senior Engineer,1993-02-07,9999-01-01
265961,Pramod,Benantar,Engineer,1990-10-12,1996-02-24
265986,Barton,Harllee,Staff,1998-01-25,2001-01-31
266001,Martine,Sudbeck,Senior Staff,1985-06-14,9999-01-01
266019,Jolita,Barriga,Staff,1988-08-06,1996-07-19
266020,Nidapan,Chandrasekhar,Engineer,1993-10-06,1998-10-06
266020,Nidapan,Chandrasekhar,Senior Engineer,1998-10-06,9999-01-01
266051,Nobuyoshi,Thombley,Engineer,1994-07-11,1999-07-11
266051,Nobuyoshi,Thombley,Senior Engineer,1999-07-11,9999-01-01
266063,Hidde,Sankaranarayanan,Senior Staff,1998-03-05,9999-01-01
266063,Hidde,Sankaranarayanan,Staff,1992-03-05,1998-03-05
266069,Gaurav,Pearson,Senior Engineer,1988-05-23,9999-01-01
266086,Shigeichiro,Famili,Engineer,1998-08-02,9999-01-01
266102,Saddek,Swick,Engineer,1998-01-22,1999-10-26
266109,Frederique,Potthoff,Senior Staff,1989-03-11,9999-01-01
266131,Paris,Schmittgen,Engineer,1994-05-28,9999-01-01
266156,Oddvar,Lanphier,Senior Engineer,1988-06-18,1994-09-03
266171,Mabo,Chleq,Engineer,1986-05-10,1993-05-10
266171,Mabo,Chleq,Senior Engineer,1993-05-10,9999-01-01
266178,Rimli,Gammage,Senior Engineer,1989-01-02,9999-01-01
266192,Izaskun,Swan,Assistant Engineer,1989-06-09,1990-05-22
266198,Duangkaew,Swift,Engineer,1992-08-12,1997-08-12
266198,Duangkaew,Swift,Senior Engineer,1997-08-12,9999-01-01
266203,Zvonko,Luks,Technique Leader,1990-09-12,9999-01-01
266211,Vidar,Denos,Staff,1998-06-09,9999-01-01
266218,Sudharsan,Broomell,Senior Engineer,1985-05-10,1997-02-07
266229,Shaowei,Tokunaga,Technique Leader,1995-01-16,9999-01-01
266260,Niclas,Borovoy,Senior Engineer,1996-04-26,9999-01-01
266280,Woody,Desikan,Staff,1994-12-24,1998-02-08
266293,Randy,Walstra,Staff,2000-01-27,2000-06-02
266296,Satyanarayana,Poujol,Engineer,1999-05-17,9999-01-01
266307,Claudi,Sridhar,Technique Leader,1991-09-07,9999-01-01
266320,Randi,Schade,Senior Engineer,1997-11-28,9999-01-01
266327,Kamakshi,Fasbender,Senior Staff,1994-05-01,9999-01-01
266327,Kamakshi,Fasbender,Staff,1988-05-01,1994-05-01
266329,Alain,Ramsay,Assistant Engineer,1993-12-25,1999-12-25
266329,Alain,Ramsay,Engineer,1999-12-25,9999-01-01
266330,Heon,Lieblein,Technique Leader,1995-12-24,9999-01-01
266338,Jovan,Gente,Senior Engineer,1985-11-18,9999-01-01
266348,Tse,Rosaz,Engineer,1989-09-20,1994-09-20
266348,Tse,Rosaz,Senior Engineer,1994-09-20,9999-01-01
266352,Saeed,Bojadziev,Senior Staff,1995-02-17,9999-01-01
266352,Saeed,Bojadziev,Staff,1987-02-17,1995-02-17
266359,Billur,Lindqvist,Staff,1999-10-22,9999-01-01
266365,Francoise,Gniady,Engineer,1999-03-13,9999-01-01
266368,Khue,Beidas,Engineer,1998-03-24,9999-01-01
266372,Heejo,Preusig,Engineer,1997-03-20,1999-08-10
266414,Mary,Beetstra,Technique Leader,1996-12-02,9999-01-01
266422,Guther,Guerreiro,Senior Staff,1991-01-03,9999-01-01
266422,Guther,Guerreiro,Staff,1986-01-03,1991-01-03
266445,Adel,Zongker,Senior Engineer,1985-10-22,1989-08-21
266462,Valdiodio,Fritzsche,Senior Staff,1994-06-27,9999-01-01
266462,Valdiodio,Fritzsche,Staff,1986-06-27,1994-06-27
266469,Visit,Masaki,Staff,1994-08-06,9999-01-01
266470,Falguni,Panangaden,Senior Staff,1998-07-11,9999-01-01
266499,Urs,Hofman,Assistant Engineer,1997-03-04,2000-08-22
266505,Aruna,Savasere,Engineer,1986-04-26,1995-04-26
266505,Aruna,Savasere,Senior Engineer,1995-04-26,9999-01-01
266524,Rutger,Rosaz,Engineer,1997-12-02,9999-01-01
266527,Tesuro,Borstler,Technique Leader,1997-12-27,9999-01-01
266541,Masako,Munke,Engineer,1994-03-18,2001-03-18
266541,Masako,Munke,Senior Engineer,2001-03-18,9999-01-01
266553,Tsutomu,Walston,Senior Staff,1997-04-25,9999-01-01
266567,Kwangho,Nyanchama,Senior Engineer,1998-11-22,9999-01-01
266598,Rasiah,Rodier,Engineer,1998-06-03,9999-01-01
266655,Taegyun,Jeansoulin,Technique Leader,1998-12-29,2001-12-01
266657,Poorav,Junet,Senior Staff,1996-04-15,9999-01-01
266657,Poorav,Junet,Staff,1990-04-16,1996-04-15
266674,Taiji,Fontan,Technique Leader,1993-03-22,9999-01-01
266678,Foong,Worfolk,Engineer,1999-06-18,2000-11-06
266687,Parke,Olano,Senior Engineer,1988-01-20,9999-01-01
266688,Radhakrishnan,Wursthorn,Engineer,1992-11-05,1997-11-05
266688,Radhakrishnan,Wursthorn,Senior Engineer,1997-11-05,9999-01-01
266730,Koichi,Gammage,Senior Staff,1991-03-15,9999-01-01
266730,Koichi,Gammage,Staff,1985-03-15,1991-03-15
266754,Ramzi,Marletta,Staff,1998-06-03,9999-01-01
266761,Ranga,Matzen,Staff,1997-03-09,9999-01-01
266781,Geoff,Ramsey,Senior Staff,1998-04-27,9999-01-01
266781,Geoff,Ramsey,Staff,1993-04-27,1998-04-27
266786,Shigehito,Denna,Staff,1999-02-25,9999-01-01
266797,Shigeu,Vernadat,Engineer,1996-10-03,9999-01-01
266800,Shaowen,Versino,Engineer,1995-05-10,2001-05-09
266800,Shaowen,Versino,Senior Engineer,2001-05-09,9999-01-01
266801,Lihong,Holburn,Senior Staff,1998-01-21,9999-01-01
266801,Lihong,Holburn,Staff,1990-01-21,1998-01-21
266805,Nahid,Caine,Engineer,1994-11-07,2001-11-07
266805,Nahid,Caine,Senior Engineer,2001-11-07,9999-01-01
266830,Hyuncheol,Cools,Engineer,1990-12-10,1995-12-10
266830,Hyuncheol,Cools,Senior Engineer,1995-12-10,9999-01-01
266843,Danae,Koblick,Staff,1995-09-19,9999-01-01
266872,Zhonghua,Zwicker,Staff,1996-03-03,1996-10-02
266876,Shim,Alvarado,Assistant Engineer,1991-02-15,1999-02-15
266876,Shim,Alvarado,Engineer,1999-02-15,9999-01-01
266902,Saniya,Penttonen,Engineer,1986-07-12,1993-07-12
266902,Saniya,Penttonen,Senior Engineer,1993-07-12,9999-01-01
266905,Guther,Ullian,Engineer,1998-05-02,9999-01-01
266915,Maya,Oaver,Senior Staff,1999-03-14,9999-01-01
266923,Alair,Uehara,Engineer,1986-01-27,1994-01-27
266923,Alair,Uehara,Senior Engineer,1994-01-27,9999-01-01
266927,Oscal,Krogh,Staff,1996-11-09,9999-01-01
266942,Tomoyuki,Hammerschmidt,Senior Staff,1988-07-28,9999-01-01
266943,Yongdong,Melter,Staff,1998-09-08,2000-06-07
266946,Luerbio,Cairo,Engineer,1985-02-24,1994-02-24
266946,Luerbio,Cairo,Senior Engineer,1994-02-24,9999-01-01
266952,Unal,Reeken,Senior Staff,1993-08-14,9999-01-01
266952,Unal,Reeken,Staff,1988-08-14,1993-08-14
266969,Heeju,Valtorta,Senior Staff,1988-07-28,9999-01-01
266979,Xuejun,Koblitz,Staff,1997-11-23,9999-01-01
266980,Mads,Homond,Engineer,1989-04-01,1996-04-01
266980,Mads,Homond,Senior Engineer,1996-04-01,9999-01-01
266984,Ohad,McAffer,Senior Staff,1985-04-10,9999-01-01
266987,Kyoichi,Pauthner,Staff,1987-04-11,1990-02-04
267025,Kiam,Rande,Engineer,1994-11-07,2001-11-07
267025,Kiam,Rande,Senior Engineer,2001-11-07,9999-01-01
267029,Stella,Junot,Engineer,1985-03-04,1993-03-04
267029,Stella,Junot,Senior Engineer,1993-03-04,1993-11-15
267031,Fatemeh,Begiun,Engineer,1996-02-11,9999-01-01
267033,Munir,Vecchi,Engineer,1988-04-25,1994-04-25
267033,Munir,Vecchi,Senior Engineer,1994-04-25,9999-01-01
267060,Chaoyi,Pietracaprina,Engineer,1994-07-07,1999-06-12
267062,Tonny,Fadgyas,Technique Leader,1985-09-22,1994-10-13
267069,Sachin,Luders,Senior Staff,1989-04-25,9999-01-01
267089,Steve,Badache,Staff,1994-08-26,1997-03-20
267102,Jacqueline,Pettit,Engineer,1990-05-30,1998-05-30
267102,Jacqueline,Pettit,Senior Engineer,1998-05-30,1999-09-02
267107,Gal,Gips,Senior Staff,1986-04-26,9999-01-01
267116,Berthier,Einsfeld,Technique Leader,1992-05-20,1997-04-09
267120,Xiong,Czaja,Senior Staff,2002-05-11,9999-01-01
267120,Xiong,Czaja,Staff,1995-05-11,2002-05-11
267135,Shigehiro,Cannata,Senior Staff,1992-01-03,9999-01-01
267135,Shigehiro,Cannata,Staff,1986-01-03,1992-01-03
267137,Piyush,Matteis,Staff,1998-01-16,9999-01-01
267140,Hugh,Heuser,Engineer,1999-06-02,9999-01-01
267147,Woody,Lichtner,Senior Staff,1990-03-08,9999-01-01
267149,Uma,Copas,Engineer,1987-07-06,1992-07-05
267149,Uma,Copas,Senior Engineer,1992-07-05,9999-01-01
267184,Arunas,Zhiwei,Engineer,1993-11-03,9999-01-01
267234,Shay,Fasbender,Engineer,1989-01-06,1996-01-07
267234,Shay,Fasbender,Senior Engineer,1996-01-07,9999-01-01
267281,Lorien,Yetto,Assistant Engineer,1992-03-15,1997-03-15
267281,Lorien,Yetto,Engineer,1997-03-15,2002-03-15
267281,Lorien,Yetto,Senior Engineer,2002-03-15,9999-01-01
267293,Cullen,Karlin,Assistant Engineer,1989-10-27,1997-10-26
267293,Cullen,Karlin,Engineer,1997-10-26,2000-03-07
267315,Youssef,Gide,Assistant Engineer,1993-04-17,1998-04-17
267315,Youssef,Gide,Engineer,1998-04-17,9999-01-01
267321,Dung,Ozeri,Engineer,1987-06-06,1993-06-05
267321,Dung,Ozeri,Senior Engineer,1993-06-05,9999-01-01
267342,Shuichi,Budinsky,Senior Staff,1996-12-17,9999-01-01
267342,Shuichi,Budinsky,Staff,1990-12-18,1996-12-17
267399,Marc,Goldhammer,Engineer,1995-09-13,9999-01-01
267422,Jeane,Liesche,Senior Staff,2001-08-16,9999-01-01
267422,Jeane,Liesche,Staff,1994-08-16,2001-08-16
267430,Parviz,Zobel,Senior Staff,1994-10-18,9999-01-01
267431,Claudi,Guting,Engineer,1987-12-23,1996-12-22
267431,Claudi,Guting,Senior Engineer,1996-12-22,9999-01-01
267468,Rosine,Demizu,Engineer,1999-06-15,1999-11-08
267469,Itzchak,Nishimukai,Senior Staff,1996-01-23,9999-01-01
267469,Itzchak,Nishimukai,Staff,1988-01-23,1996-01-23
267473,Youjian,Gulik,Technique Leader,1992-11-29,9999-01-01
267481,Martins,Avouris,Staff,1997-08-08,9999-01-01
267490,Hauke,Peyn,Engineer,1990-04-19,1997-04-19
267490,Hauke,Peyn,Senior Engineer,1997-04-19,2000-08-03
267500,Kristine,Xiaoshan,Senior Engineer,1991-06-11,1999-10-30
267505,Elvis,Daescu,Senior Engineer,1997-08-06,9999-01-01
267513,Kristina,Miara,Engineer,1997-07-05,9999-01-01
267514,Sumant,Vickson,Staff,1998-08-25,9999-01-01
267515,Urs,Ecklund,Engineer,1986-07-16,1991-07-16
267515,Urs,Ecklund,Senior Engineer,1991-07-16,9999-01-01
267526,Shim,Albarhamtoshy,Senior Engineer,1987-08-07,1987-08-24
267537,Ewing,Nastansky,Staff,1993-12-29,1996-11-07
267538,Haldon,Preusig,Senior Staff,1996-08-14,2001-01-23
267538,Haldon,Preusig,Staff,1990-08-15,1996-08-14
267541,Premsyl,Chepyzhov,Engineer,1996-09-23,9999-01-01
267555,Falguni,Luders,Staff,1999-08-10,2000-11-30
267576,Salvador,Luft,Senior Engineer,1997-04-21,1999-01-09
267580,Zhongwei,Jansen,Senior Engineer,1990-07-10,9999-01-01
267600,Tooru,Murrill,Senior Staff,2000-09-02,9999-01-01
267600,Tooru,Murrill,Staff,1993-09-02,2000-09-02
267601,Vatsa,Baby,Engineer,1998-03-19,2001-11-30
267621,Yinlin,Tempesti,Senior Staff,1999-10-29,9999-01-01
267625,Berthier,Angelov,Staff,1993-09-24,1999-12-13
267628,Nechama,Pocchiola,Technique Leader,1997-08-13,9999-01-01
267632,Mandell,Plump,Staff,1999-05-21,9999-01-01
267637,Dhritiman,Kilgore,Engineer,1991-12-04,1999-12-04
267637,Dhritiman,Kilgore,Senior Engineer,1999-12-04,9999-01-01
267666,Guttorm,Hanabata,Engineer,1985-08-31,1992-08-31
267666,Guttorm,Hanabata,Senior Engineer,1992-08-31,2001-05-22
267677,Khosrow,Marakhovsky,Engineer,1987-02-05,1993-03-27
267683,Rildo,Basawa,Senior Staff,2001-02-12,9999-01-01
267683,Rildo,Basawa,Staff,1993-02-12,2001-02-12
267735,Tesuya,Shiratori,Engineer,1994-11-09,2000-11-08
267735,Tesuya,Shiratori,Senior Engineer,2000-11-08,9999-01-01
267753,Krisda,Stanfel,Senior Staff,1997-08-09,9999-01-01
267753,Krisda,Stanfel,Staff,1989-08-09,1997-08-09
267765,Sangeeta,Bouloucos,Staff,1993-12-09,1997-05-14
267794,Shih,Kropp,Engineer,1989-08-26,1995-08-26
267794,Shih,Kropp,Senior Engineer,1995-08-26,2002-07-08
267843,Perla,Kohling,Staff,1997-01-09,9999-01-01
267857,Barry,Serna,Senior Staff,1986-02-04,1986-02-28
267861,Subir,Perng,Senior Staff,1999-05-24,9999-01-01
267861,Subir,Perng,Staff,1990-05-24,1999-05-24
267885,Xiaoheng,Boreale,Staff,1995-05-02,9999-01-01
267888,Kayoko,Muniz,Senior Staff,1993-10-26,9999-01-01
267888,Kayoko,Muniz,Staff,1987-10-27,1993-10-26
267892,Chirstian,Thibadeau,Staff,1996-11-12,9999-01-01
267909,Toshimori,Pauthner,Engineer,1994-06-16,2001-06-16
267909,Toshimori,Pauthner,Senior Engineer,2001-06-16,9999-01-01
267970,Ramzi,Oberman,Assistant Engineer,1996-08-29,1997-08-30
267983,Ebru,Maquelin,Engineer,1995-03-12,1999-02-28
267997,Duro,Apsitis,Engineer,1996-07-20,9999-01-01
268020,Xiaoqiu,Backhouse,Technique Leader,1987-05-31,9999-01-01
268024,Marsja,Yetim,Senior Staff,1997-02-16,9999-01-01
268024,Marsja,Yetim,Staff,1989-02-16,1997-02-16
268031,Etsuo,Mahmud,Engineer,1990-08-09,1995-08-09
268031,Etsuo,Mahmud,Senior Engineer,1995-08-09,9999-01-01
268039,Akeno,Merli,Staff,1996-06-13,9999-01-01
268062,Randi,Tasistro,Engineer,1995-12-28,9999-01-01
268064,Visit,Swab,Engineer,1985-07-04,1991-07-04
268064,Visit,Swab,Senior Engineer,1991-07-04,9999-01-01
268071,Eberhardt,Guardalben,Senior Staff,1993-02-24,9999-01-01
268071,Eberhardt,Guardalben,Staff,1985-02-24,1993-02-24
268080,Kendra,Muchinsky,Senior Staff,1998-04-29,9999-01-01
268086,Ayakannu,Garrabrants,Assistant Engineer,1996-01-07,9999-01-01
268098,Guadalupe,Erde,Senior Staff,1986-04-24,9999-01-01
268099,Rayond,Gruenwald,Assistant Engineer,1994-05-20,2002-05-20
268099,Rayond,Gruenwald,Engineer,2002-05-20,9999-01-01
268117,Constantino,Plumb,Technique Leader,1997-10-18,9999-01-01
268119,Paddy,Basagni,Engineer,1991-09-28,1991-11-22
268140,Quingbo,Luef,Senior Staff,1999-11-26,9999-01-01
268140,Quingbo,Luef,Staff,1994-11-26,1999-11-26
268198,Nidapan,Makrucki,Senior Staff,1987-10-20,9999-01-01
268206,Gopalakrishnan,Uehara,Senior Engineer,1987-09-20,9999-01-01
268214,Yishay,Hiroyama,Assistant Engineer,1990-08-28,1998-08-28
268214,Yishay,Hiroyama,Engineer,1998-08-28,9999-01-01
268216,Feixiong,Merel,Senior Staff,1994-03-23,9999-01-01
268216,Feixiong,Merel,Staff,1986-03-23,1994-03-23
268241,Greger,Luft,Senior Staff,1998-05-10,9999-01-01
268241,Greger,Luft,Staff,1992-05-10,1998-05-10
268247,Adel,Jansch,Senior Engineer,1998-11-29,9999-01-01
268257,Sachio,Conte,Assistant Engineer,1997-10-13,9999-01-01
268295,Vidya,Lambe,Senior Staff,1994-07-16,9999-01-01
268295,Vidya,Lambe,Staff,1986-07-16,1994-07-16
268320,Zhaofang,Burnard,Engineer,1990-09-29,1994-07-16
268328,Elrique,Beetstra,Assistant Engineer,1992-04-21,2000-04-21
268328,Elrique,Beetstra,Engineer,2000-04-21,9999-01-01
268331,Sumant,Shimshoni,Engineer,1996-12-07,2001-03-11
268334,Ipke,Anick,Senior Staff,1985-04-11,9999-01-01
268338,Constantijn,Seiwald,Senior Staff,1986-10-19,9999-01-01
268377,Jordanka,Junet,Engineer,1988-12-02,1994-12-02
268377,Jordanka,Junet,Senior Engineer,1994-12-02,9999-01-01
268379,Mariusz,Lundstrom,Engineer,1987-07-12,1996-07-11
268379,Mariusz,Lundstrom,Senior Engineer,1996-07-11,9999-01-01
268392,Hidde,Esposito,Engineer,1985-08-24,1992-08-24
268392,Hidde,Esposito,Senior Engineer,1992-08-24,9999-01-01
268394,Heping,Kroft,Senior Staff,1992-09-21,1996-09-15
268394,Heping,Kroft,Staff,1987-09-22,1992-09-21
268454,Martine,Stranks,Staff,1988-08-03,1992-01-22
268456,Shuzo,Ramras,Senior Staff,1995-07-20,9999-01-01
268456,Shuzo,Ramras,Staff,1988-07-19,1995-07-20
268460,Constantino,Broder,Staff,1998-08-09,9999-01-01
268473,Barun,Wossner,Senior Staff,1991-06-21,1999-04-07
268481,Xianlong,Menhardt,Senior Engineer,1998-11-18,9999-01-01
268542,Martina,Sidhu,Engineer,1997-03-13,1998-04-09
268553,Mototsugu,Carrere,Staff,1997-01-18,9999-01-01
268564,Garnet,Tetzlaff,Engineer,1988-11-15,1989-02-02
268581,Lalit,Honiden,Staff,1999-02-20,2000-08-24
268595,Gen,Ligten,Engineer,1988-05-19,1993-05-19
268595,Gen,Ligten,Senior Engineer,1993-05-19,9999-01-01
268599,Holgard,Viele,Engineer,1990-05-18,1998-05-18
268599,Holgard,Viele,Senior Engineer,1998-05-18,9999-01-01
268600,Xiahua,Keohane,Senior Staff,1994-01-21,9999-01-01
268612,Sedat,Molenaar,Engineer,1989-01-25,1994-01-25
268612,Sedat,Molenaar,Senior Engineer,1994-01-25,1994-06-04
268630,Martine,Hellwagner,Engineer,1992-05-31,1998-05-31
268630,Martine,Hellwagner,Senior Engineer,1998-05-31,9999-01-01
268645,Falguni,Kilgour,Staff,1998-12-25,9999-01-01
268660,Arunachalam,Zucker,Staff,1993-02-06,1993-06-16
268687,Fusako,Waeselynck,Engineer,1988-06-16,1994-04-01
268691,Martins,Wegerle,Staff,1999-01-25,9999-01-01
268737,Margareta,Danner,Assistant Engineer,1999-08-18,9999-01-01
268750,Behnaam,Trystram,Engineer,1985-09-28,1990-09-28
268750,Behnaam,Trystram,Senior Engineer,1990-09-28,9999-01-01
268753,Hyuncheol,Veeraraghavan,Staff,1995-02-07,1995-04-25
268755,Sungwon,Eickenmeyer,Senior Engineer,1987-09-29,9999-01-01
268764,Stamatina,Pesch,Engineer,1994-06-23,2000-06-22
268764,Stamatina,Pesch,Senior Engineer,2000-06-22,9999-01-01
268767,Zhenhua,Denny,Engineer,1990-09-27,1999-09-27
268767,Zhenhua,Denny,Senior Engineer,1999-09-27,9999-01-01
268784,Shao,Highland,Staff,1994-12-04,9999-01-01
268788,Takahito,Pardalos,Engineer,1990-05-28,1996-05-27
268788,Takahito,Pardalos,Senior Engineer,1996-05-27,9999-01-01
268789,Dmitry,Parfitt,Engineer,1997-01-09,2002-01-09
268789,Dmitry,Parfitt,Senior Engineer,2002-01-09,9999-01-01
268802,Kiyomitsu,Bellone,Engineer,1994-03-31,1999-03-31
268802,Kiyomitsu,Bellone,Senior Engineer,1999-03-31,9999-01-01
268809,Kwan,Emden,Assistant Engineer,1996-10-15,2001-10-15
268809,Kwan,Emden,Engineer,2001-10-15,9999-01-01
268819,Reinhold,Sifakis,Senior Engineer,1992-11-21,9999-01-01
268825,Yucel,Markovitch,Technique Leader,1991-03-17,1997-07-20
268845,Jasminko,Heering,Staff,1999-05-08,9999-01-01
268869,Arto,Haraldson,Engineer,1989-12-19,1996-12-19
268869,Arto,Haraldson,Senior Engineer,1996-12-19,9999-01-01
268929,Barun,Morrin,Staff,1998-03-29,9999-01-01
268954,Miomir,Vigier,Senior Staff,1991-03-19,9999-01-01
268963,Minghong,Lueh,Engineer,1992-05-17,1998-05-17
268963,Minghong,Lueh,Senior Engineer,1998-05-17,9999-01-01
269038,Isaac,Tagansky,Senior Staff,2000-11-16,9999-01-01
269038,Isaac,Tagansky,Staff,1991-11-17,2000-11-16
269045,Mabo,Kalafatis,Senior Engineer,1987-12-18,9999-01-01
269054,Giri,Leivant,Senior Engineer,1993-11-02,9999-01-01
269055,Niteen,Litvinov,Staff,1997-08-16,9999-01-01
269068,Moti,Riefers,Senior Engineer,1997-12-20,2000-07-02
269070,Rildo,Callaway,Senior Staff,1997-02-15,1997-11-21
269070,Rildo,Callaway,Staff,1990-02-15,1997-02-15
269073,Boriana,Gischer,Engineer,1996-06-03,1999-05-29
269105,Zine,Baumann,Senior Staff,1996-12-10,9999-01-01
269111,Ung,Speel,Senior Staff,1999-11-08,9999-01-01
269111,Ung,Speel,Staff,1994-11-08,1999-11-08
269122,Lein,Slobodova,Senior Engineer,1991-02-07,9999-01-01
269123,Subhash,Cichocki,Senior Staff,1996-11-08,9999-01-01
269123,Subhash,Cichocki,Staff,1991-11-09,1996-11-08
269140,Leah,Otillio,Engineer,1996-07-19,9999-01-01
269142,Pranay,Zaumen,Technique Leader,1990-07-18,9999-01-01
269144,Amstein,Flexer,Senior Engineer,1995-12-15,2001-02-18
269148,Khaled,Marwedel,Engineer,1990-08-01,1996-07-31
269148,Khaled,Marwedel,Senior Engineer,1996-07-31,9999-01-01
269152,Valeri,Speel,Assistant Engineer,1995-11-27,2001-11-26
269152,Valeri,Speel,Engineer,2001-11-26,9999-01-01
269164,Kerryn,Etalle,Engineer,1988-02-14,1995-02-14
269164,Kerryn,Etalle,Senior Engineer,1995-02-14,9999-01-01
269167,Otmar,Reeken,Engineer,1987-12-13,1992-12-12
269167,Otmar,Reeken,Senior Engineer,1992-12-12,9999-01-01
269221,Luise,Collette,Engineer,1986-02-20,1995-02-20
269221,Luise,Collette,Senior Engineer,1995-02-20,9999-01-01
269227,Vasilii,Ushiama,Assistant Engineer,1994-06-30,2002-06-30
269227,Vasilii,Ushiama,Engineer,2002-06-30,9999-01-01
269236,Candida,Cardazo,Senior Engineer,1985-06-18,2001-09-10
269254,Foong,Eickenmeyer,Engineer,1990-01-27,1998-01-27
269254,Foong,Eickenmeyer,Senior Engineer,1998-01-27,2001-04-26
269273,Shih,Baba,Staff,1996-11-10,2002-07-23
269292,Udaiprakash,Suri,Senior Staff,1996-01-19,9999-01-01
269292,Udaiprakash,Suri,Staff,1989-01-18,1996-01-19
269294,Xiadong,Ramaiah,Engineer,1999-03-14,9999-01-01
269308,Mang,Binding,Engineer,1989-12-17,1993-01-22
269376,Jaewon,Tischendorf,Engineer,1985-06-01,1990-06-01
269376,Jaewon,Tischendorf,Senior Engineer,1990-06-01,9999-01-01
269384,Emran,Mandell,Senior Engineer,1989-03-11,9999-01-01
269391,Saeko,Giaccio,Engineer,1995-02-24,2000-02-24
269391,Saeko,Giaccio,Senior Engineer,2000-02-24,9999-01-01
269457,Sukumar,Rissanen,Senior Staff,1995-08-14,9999-01-01
269457,Sukumar,Rissanen,Staff,1988-08-13,1995-08-14
269472,Ult,Choobineh,Engineer,1986-06-05,1994-06-05
269472,Ult,Choobineh,Senior Engineer,1994-06-05,9999-01-01
269475,Vishwani,Kermarrec,Engineer,1996-05-27,9999-01-01
269479,Udi,Schonegge,Engineer,1986-01-22,1992-01-22
269479,Udi,Schonegge,Senior Engineer,1992-01-22,1994-04-07
269490,Sverrir,Serre,Staff,1998-03-03,9999-01-01
269510,Brigham,Cheshire,Assistant Engineer,1992-05-13,1998-05-13
269510,Brigham,Cheshire,Engineer,1998-05-13,1999-03-23
269531,Xiadong,Garigliano,Senior Staff,1995-05-30,1996-02-13
269531,Xiadong,Garigliano,Staff,1990-05-30,1995-05-30
269547,Pragnesh,Perz,Staff,1997-10-17,9999-01-01
269549,Arlette,DeMori,Engineer,1999-03-04,9999-01-01
269569,Oldrich,Tetzlaff,Senior Staff,1999-09-22,9999-01-01
269569,Oldrich,Tetzlaff,Staff,1994-09-22,1999-09-22
269588,Kamran,Azuma,Senior Staff,1992-12-09,9999-01-01
269588,Kamran,Azuma,Staff,1985-12-09,1992-12-09
269610,Behnaam,Narwekar,Senior Staff,1997-05-12,9999-01-01
269610,Behnaam,Narwekar,Staff,1989-05-12,1997-05-12
269622,Tran,Choobineh,Senior Staff,1993-05-05,9999-01-01
269632,Mark,Fontet,Engineer,1991-08-19,2000-08-18
269632,Mark,Fontet,Senior Engineer,2000-08-18,9999-01-01
269640,Mostafa,Auyong,Senior Staff,1990-10-14,9999-01-01
269640,Mostafa,Auyong,Staff,1985-10-14,1990-10-14
269701,Janalee,Weisert,Senior Staff,1997-12-01,9999-01-01
269701,Janalee,Weisert,Staff,1989-12-01,1997-12-01
269704,Candido,Gaughan,Engineer,1996-03-22,9999-01-01
269743,Monique,Siochi,Senior Engineer,1987-01-18,9999-01-01
269746,Souichi,Coullard,Senior Staff,1997-04-28,9999-01-01
269746,Souichi,Coullard,Staff,1989-04-28,1997-04-28
269757,Bingning,Ressouche,Senior Engineer,1998-11-20,9999-01-01
269765,Chanjung,Facello,Engineer,1992-11-13,1997-11-13
269765,Chanjung,Facello,Senior Engineer,1997-11-13,9999-01-01
269797,Sashi,Speek,Engineer,1989-06-25,1997-06-25
269797,Sashi,Speek,Senior Engineer,1997-06-25,9999-01-01
269815,Geraldo,Rattan,Engineer,1995-01-07,2000-01-07
269815,Geraldo,Rattan,Senior Engineer,2000-01-07,9999-01-01
269821,Valter,Crelier,Senior Staff,1997-05-08,9999-01-01
269821,Valter,Crelier,Staff,1989-05-08,1997-05-08
269837,Angus,Pell,Engineer,1995-10-19,2000-02-25
269840,Jianhua,Rullman,Staff,2000-01-01,9999-01-01
269859,Maia,Melter,Assistant Engineer,1998-03-12,9999-01-01
269866,Wojceich,Zeidenstein,Engineer,1988-03-05,1996-03-05
269866,Wojceich,Zeidenstein,Senior Engineer,1996-03-05,9999-01-01
269868,Shay,Lukaszewicz,Staff,1993-12-09,9999-01-01
269889,Makato,Joslin,Assistant Engineer,1988-01-21,1994-01-20
269889,Makato,Joslin,Engineer,1994-01-20,2000-01-20
269889,Makato,Joslin,Senior Engineer,2000-01-20,9999-01-01
269900,Goncalo,Vanwelkenhuysen,Engineer,1995-03-17,2002-03-17
269900,Goncalo,Vanwelkenhuysen,Senior Engineer,2002-03-17,9999-01-01
269919,Yolla,Cappello,Senior Staff,1996-12-01,9999-01-01
269919,Yolla,Cappello,Staff,1989-12-01,1996-12-01
269921,Ortrun,Malinowski,Staff,1999-02-16,9999-01-01
269927,Henk,Atchley,Engineer,1991-05-29,1999-05-29
269927,Henk,Atchley,Senior Engineer,1999-05-29,9999-01-01
269958,Guangming,Hoppenstand,Engineer,1996-04-19,9999-01-01
269981,Nikolaos,Suomi,Senior Staff,1996-07-03,9999-01-01
269981,Nikolaos,Suomi,Staff,1987-07-04,1996-07-03
269991,Beshir,Beutelspacher,Engineer,1996-02-23,9999-01-01
269995,Theirry,Ghemri,Senior Engineer,1997-04-20,9999-01-01
269997,Qingxiang,Bael,Staff,1997-04-19,1998-08-23
270017,Alejandra,Schaaf,Staff,1997-11-24,9999-01-01
270024,Akemi,Vitiello,Engineer,1996-07-19,9999-01-01
270025,Brendon,Butner,Technique Leader,1988-09-28,9999-01-01
270035,Dharmaraja,Coors,Senior Staff,1998-04-08,9999-01-01
270035,Dharmaraja,Coors,Staff,1990-04-08,1998-04-08
270059,Aral,Narwekar,Staff,1994-08-04,1996-10-06
270114,Jianhui,Nicolson,Engineer,1987-12-03,1996-12-02
270114,Jianhui,Nicolson,Senior Engineer,1996-12-02,9999-01-01
270118,Nahum,Pelc,Engineer,1988-03-02,1994-03-02
270118,Nahum,Pelc,Senior Engineer,1994-03-02,9999-01-01
270156,Kendra,Eppinger,Engineer,1990-09-01,1996-08-31
270156,Kendra,Eppinger,Senior Engineer,1996-08-31,9999-01-01
270160,Xuedong,Przulj,Staff,1999-08-02,9999-01-01
270164,Parto,Granlund,Senior Staff,1999-05-22,9999-01-01
270164,Parto,Granlund,Staff,1993-05-22,1999-05-22
270185,Xinglin,Salverda,Senior Staff,1999-11-09,9999-01-01
270185,Xinglin,Salverda,Staff,1992-11-08,1999-11-09
270194,Jovan,Plessier,Assistant Engineer,1986-10-08,1995-10-08
270194,Jovan,Plessier,Engineer,1995-10-08,9999-01-01
270198,Fabrizio,Lubachevsky,Staff,1994-11-21,9999-01-01
270236,Richard,Sidou,Senior Staff,1992-09-17,9999-01-01
270240,Suvo,Herber,Engineer,1988-04-12,1994-04-12
270240,Suvo,Herber,Senior Engineer,1994-04-12,9999-01-01
270256,Shan,Schwabacher,Senior Staff,1993-11-16,9999-01-01
270256,Shan,Schwabacher,Staff,1987-11-17,1993-11-16
270261,Yongdong,Deville,Senior Engineer,1988-08-22,9999-01-01
270273,Constantijn,Egerstedt,Engineer,1989-10-08,1994-10-08
270273,Constantijn,Egerstedt,Senior Engineer,1994-10-08,1999-06-25
270286,Subir,Limongiello,Senior Staff,2002-03-21,9999-01-01
270286,Subir,Limongiello,Staff,1997-03-21,2002-03-21
270287,Barton,Baca,Assistant Engineer,1999-06-07,9999-01-01
270330,Chanjung,Cromarty,Senior Engineer,1989-01-16,9999-01-01
270334,Muneo,Jeong,Senior Staff,1999-02-10,9999-01-01
270334,Muneo,Jeong,Staff,1993-02-10,1999-02-10
270337,Stepehn,Anguita,Engineer,1989-12-18,1997-12-18
270337,Stepehn,Anguita,Senior Engineer,1997-12-18,9999-01-01
270366,Shigenori,Zweizig,Engineer,1989-05-19,1996-05-19
270366,Shigenori,Zweizig,Senior Engineer,1996-05-19,9999-01-01
270390,Sahrah,Angelopoulos,Engineer,1997-03-17,2000-08-16
270392,Takanari,Lakshmanan,Engineer,1987-10-31,1991-12-13
270396,Kwangsub,Akazan,Senior Staff,1993-04-19,1998-07-26
270396,Kwangsub,Akazan,Staff,1987-04-20,1993-04-19
270414,Divier,Pillow,Senior Engineer,1990-12-21,9999-01-01
270434,Shmuel,Tempesti,Engineer,1997-12-12,9999-01-01
270439,Youssef,Speckmann,Staff,1996-02-27,9999-01-01
270442,Charlene,Bednarek,Staff,1998-09-14,9999-01-01
270454,Sariel,Driscoll,Technique Leader,1992-02-20,9999-01-01
270460,Nimmagadda,Worfolk,Senior Staff,1998-12-25,9999-01-01
270460,Nimmagadda,Worfolk,Staff,1992-12-25,1998-12-25
270485,Theron,Radwan,Senior Staff,1996-05-01,9999-01-01
270485,Theron,Radwan,Staff,1989-05-01,1996-05-01
270490,Eben,Khasidashvili,Senior Staff,1994-02-09,1997-07-26
270490,Eben,Khasidashvili,Staff,1987-02-09,1994-02-09
270517,Pranav,Berztiss,Senior Staff,2000-09-29,9999-01-01
270517,Pranav,Berztiss,Staff,1993-09-29,2000-09-29
270519,Huiqun,Verhaegen,Senior Staff,1995-12-14,9999-01-01
270519,Huiqun,Verhaegen,Staff,1990-12-14,1995-12-14
270535,Kish,Yetim,Senior Engineer,1986-07-09,1987-05-15
270542,Jungsoon,Angelov,Staff,1995-12-16,2000-05-08
270572,Sachio,Perez,Technique Leader,1987-07-11,9999-01-01
270576,Dannz,Schnabel,Staff,1998-11-19,9999-01-01
270590,Morris,Angelov,Staff,1998-02-27,9999-01-01
270616,Magy,Kemmerer,Senior Staff,1995-05-16,2000-01-04
270622,Feiyu,Bierbaum,Senior Staff,1991-02-14,9999-01-01
270648,Debatosh,Camarinopoulos,Senior Engineer,1990-08-28,9999-01-01
270656,Haldon,Pettey,Senior Staff,1991-10-29,9999-01-01
270665,Marsal,Domenig,Staff,1997-09-11,2002-01-08
270673,Yonghong,Hebden,Assistant Engineer,1995-01-23,2000-01-23
270673,Yonghong,Hebden,Engineer,2000-01-23,9999-01-01
270691,Yuqun,Oxenboll,Engineer,1997-04-23,9999-01-01
270703,Haldon,Ozeri,Senior Staff,1993-10-15,9999-01-01
270747,Bezalel,Petereit,Staff,1994-10-06,9999-01-01
270788,Masoud,Kading,Engineer,1992-03-20,2001-03-20
270788,Masoud,Kading,Senior Engineer,2001-03-20,9999-01-01
270790,Rafols,Baby,Senior Engineer,1993-09-09,9999-01-01
270798,Sedat,Nitsch,Senior Staff,2000-09-04,9999-01-01
270798,Sedat,Nitsch,Staff,1991-09-05,2000-09-04
270800,Prasadram,Benzaken,Engineer,1992-05-29,2001-05-29
270800,Prasadram,Benzaken,Senior Engineer,2001-05-29,9999-01-01
270815,Goo,Koblick,Senior Engineer,1991-03-27,2001-02-16
270828,Shugo,Braunmuhl,Senior Staff,1992-03-15,9999-01-01
270828,Shugo,Braunmuhl,Staff,1986-03-16,1992-03-15
270840,Zhiguo,Turnbull,Engineer,1995-01-01,2000-01-01
270840,Zhiguo,Turnbull,Senior Engineer,2000-01-01,9999-01-01
270852,Frazer,Bakhtari,Senior Staff,1995-05-19,9999-01-01
270852,Frazer,Bakhtari,Staff,1989-05-19,1995-05-19
270867,Weiwu,Couchot,Technique Leader,1995-02-25,9999-01-01
270946,Sandeepan,Tsukune,Engineer,1988-04-04,1993-04-03
270946,Sandeepan,Tsukune,Senior Engineer,1993-04-03,9999-01-01
270967,Hailing,Pocchiola,Engineer,1988-09-07,1996-09-07
270967,Hailing,Pocchiola,Senior Engineer,1996-09-07,9999-01-01
271011,Nahla,Kitsuregawa,Senior Engineer,1992-02-27,9999-01-01
271020,Jenwei,Barinka,Staff,1993-09-14,9999-01-01
271025,Martine,Hartvigsen,Senior Staff,1994-11-22,9999-01-01
271025,Martine,Hartvigsen,Staff,1989-11-22,1994-11-22
271044,Tsz,Fraisse,Engineer,1994-07-20,9999-01-01
271045,Tomoyuki,Hoppenstand,Senior Staff,1996-03-19,1997-05-27
271045,Tomoyuki,Hoppenstand,Staff,1989-03-19,1996-03-19
271059,Moriyoshi,Kermarrec,Engineer,1992-10-07,1997-10-07
271059,Moriyoshi,Kermarrec,Senior Engineer,1997-10-07,9999-01-01
271061,Fan,Ligten,Senior Staff,2001-05-11,9999-01-01
271061,Fan,Ligten,Staff,1995-05-12,2001-05-11
271065,Miquel,Lieberherr,Senior Staff,1997-02-18,9999-01-01
271065,Miquel,Lieberherr,Staff,1992-02-19,1997-02-18
271078,Gill,Peltason,Engineer,1986-01-25,1995-01-25
271078,Gill,Peltason,Senior Engineer,1995-01-25,9999-01-01
271127,Sham,Iisaka,Senior Staff,1997-04-25,9999-01-01
271127,Sham,Iisaka,Staff,1991-04-26,1997-04-25
271129,Hongzue,Eugenio,Engineer,1999-04-24,9999-01-01
271154,Patricia,Bakhtari,Senior Engineer,1995-12-26,9999-01-01
271156,Rafols,Condotta,Engineer,1985-08-15,1992-08-15
271156,Rafols,Condotta,Senior Engineer,1992-08-15,9999-01-01
271161,Somnath,Porenta,Engineer,1988-11-11,1994-11-11
271161,Somnath,Porenta,Senior Engineer,1994-11-11,9999-01-01
271178,Kiam,Miculan,Engineer,1992-01-08,1998-01-07
271178,Kiam,Miculan,Senior Engineer,1998-01-07,9999-01-01
271180,Junsik,Sinitsyn,Senior Staff,1991-04-28,9999-01-01
271180,Junsik,Sinitsyn,Staff,1985-04-28,1991-04-28
271182,Hinrich,Halevi,Engineer,1997-08-27,2000-12-07
271183,Saeed,Christ,Senior Staff,2000-08-28,9999-01-01
271183,Saeed,Christ,Staff,1994-08-29,2000-08-28
271195,Gio,Beausoleil,Staff,1995-12-08,9999-01-01
271209,King,Ranon,Staff,1997-01-31,9999-01-01
271224,DAIDA,Yemenis,Engineer,1987-09-20,1992-09-19
271224,DAIDA,Yemenis,Senior Engineer,1992-09-19,9999-01-01
271225,Caolyn,Makrucki,Staff,1998-09-12,9999-01-01
271230,Chanjung,Shrader,Senior Staff,1996-11-12,9999-01-01
271248,Fan,Henseler,Staff,1999-11-04,9999-01-01
271258,Gopalakrishnan,Niizuma,Senior Staff,1999-04-05,9999-01-01
271258,Gopalakrishnan,Niizuma,Staff,1992-04-04,1999-04-05
271279,Abdulah,Muchinsky,Engineer,1996-01-04,2001-01-03
271279,Abdulah,Muchinsky,Senior Engineer,2001-01-03,9999-01-01
271302,Premal,Herath,Engineer,1990-01-05,1990-05-22
271316,Yuchang,Axelband,Engineer,1990-12-25,1995-12-25
271316,Yuchang,Axelband,Senior Engineer,1995-12-25,1996-04-07
271320,Unal,Rosay,Senior Staff,1997-02-08,9999-01-01
271320,Unal,Rosay,Staff,1991-02-09,1997-02-08
271322,Weiyi,Badr,Senior Engineer,1986-08-12,9999-01-01
271346,Shigeaki,Jiang,Staff,1998-04-02,9999-01-01
271351,Venkatesan,Plumb,Senior Staff,1999-12-15,9999-01-01
271351,Venkatesan,Plumb,Staff,1993-12-15,1999-12-15
271363,Nadjib,Rajala,Assistant Engineer,1986-01-12,1995-01-12
271363,Nadjib,Rajala,Engineer,1995-01-12,9999-01-01
271386,Babette,Beausoleil,Senior Staff,1995-06-23,9999-01-01
271397,Monique,Ecklund,Technique Leader,1996-01-05,9999-01-01
271404,Kendra,Kavraki,Senior Staff,1997-02-03,9999-01-01
271404,Kendra,Kavraki,Staff,1992-02-04,1997-02-03
271419,Teiji,Ranai,Engineer,1994-10-08,1994-11-30
271422,Charmane,Siepmann,Technique Leader,1990-08-24,9999-01-01
271426,Angel,Rassart,Senior Staff,1994-11-17,1996-05-27
271445,Piyawadee,Emiris,Senior Staff,1995-12-15,9999-01-01
271445,Piyawadee,Emiris,Staff,1990-12-15,1995-12-15
271450,Yahiko,Plavsic,Engineer,1985-12-25,1991-12-25
271450,Yahiko,Plavsic,Senior Engineer,1991-12-25,9999-01-01
271458,Karoline,Zucker,Senior Engineer,1990-04-10,9999-01-01
271472,Garnik,Krichel,Engineer,1993-01-26,1999-01-26
271472,Garnik,Krichel,Senior Engineer,1999-01-26,9999-01-01
271474,Pradeep,Polupanov,Senior Staff,2000-11-27,9999-01-01
271474,Pradeep,Polupanov,Staff,1992-11-27,2000-11-27
271490,Etsuo,Pesch,Engineer,1990-01-15,1998-01-15
271490,Etsuo,Pesch,Senior Engineer,1998-01-15,9999-01-01
271522,Danai,Porenta,Senior Engineer,1990-05-25,9999-01-01
271529,Aris,Puppe,Staff,1997-10-18,9999-01-01
271535,Prasadram,Harnett,Engineer,1988-12-17,1997-12-17
271535,Prasadram,Harnett,Senior Engineer,1997-12-17,9999-01-01
271540,Sanjai,Norsworthy,Engineer,1990-06-29,1994-03-30
271557,Sigeru,Caine,Technique Leader,1994-07-26,9999-01-01
271590,Tadahiro,Nooteboom,Senior Staff,1985-05-20,9999-01-01
271597,Otilia,Petersohn,Technique Leader,1994-12-13,1999-02-06
271635,Xiaobin,Varker,Technique Leader,1993-09-03,9999-01-01
271637,Guadalupe,Mondadori,Senior Staff,2000-04-10,2001-10-14
271637,Guadalupe,Mondadori,Staff,1993-04-10,2000-04-10
271640,Dines,Mukaidono,Technique Leader,1988-10-27,9999-01-01
271647,Edwin,Ebeling,Senior Staff,1999-12-09,9999-01-01
271647,Edwin,Ebeling,Staff,1994-12-09,1999-12-09
271654,Shuky,Ritcey,Staff,1985-07-02,1989-11-18
271661,Hsiangchu,Gopalakrishnan,Technique Leader,1989-08-26,9999-01-01
271682,Lorien,Feldhoffer,Engineer,1992-03-02,1999-03-03
271682,Lorien,Feldhoffer,Senior Engineer,1999-03-03,9999-01-01
271690,Petter,Hettesheimer,Senior Staff,1997-10-11,9999-01-01
271690,Petter,Hettesheimer,Staff,1988-10-11,1997-10-11
271697,Piyush,Lalonde,Senior Staff,1991-01-29,9999-01-01
271697,Piyush,Lalonde,Staff,1986-01-29,1991-01-29
271698,Shao,Ranta,Engineer,1987-03-11,1996-03-10
271698,Shao,Ranta,Senior Engineer,1996-03-10,9999-01-01
271714,Kiyotoshi,Pokrovskii,Assistant Engineer,1994-02-06,2000-02-06
271714,Kiyotoshi,Pokrovskii,Engineer,2000-02-06,9999-01-01
271719,Fan,Fujisaki,Engineer,1989-07-16,1994-07-16
271719,Fan,Fujisaki,Senior Engineer,1994-07-16,9999-01-01
271739,Goncalo,McAlpine,Engineer,1997-09-06,9999-01-01
271775,Maria,Pietrzykowski,Senior Staff,1995-04-19,9999-01-01
271775,Maria,Pietrzykowski,Staff,1987-04-19,1995-04-19
271789,Valeri,Aamodt,Staff,1986-07-28,1993-10-20
271808,Pantung,Bressoud,Senior Staff,1994-12-09,9999-01-01
271808,Pantung,Bressoud,Staff,1985-12-09,1994-12-09
271824,Aral,Murrill,Staff,1997-04-21,9999-01-01
271858,Moon,Demos,Technique Leader,1998-12-26,9999-01-01
271877,Fatemeh,Haraldson,Senior Staff,1999-08-19,9999-01-01
271877,Fatemeh,Haraldson,Staff,1991-08-19,1999-08-19
271883,Marsal,Boreale,Senior Staff,1997-11-16,9999-01-01
271883,Marsal,Boreale,Staff,1991-11-17,1997-11-16
271926,Fayez,Frolund,Engineer,1994-05-31,1995-08-24
271931,Weidon,Sabnani,Staff,1998-06-12,9999-01-01
271995,Hsiangchu,Barreiro,Senior Staff,1998-11-19,9999-01-01
271995,Hsiangchu,Barreiro,Staff,1992-11-19,1998-11-19
272004,Gererd,Eppinger,Engineer,1999-05-22,9999-01-01
272014,Fumiyo,Schaar,Assistant Engineer,1987-08-08,1991-02-14
272042,Debaprosad,Chepyzhov,Engineer,1990-09-21,1995-09-21
272042,Debaprosad,Chepyzhov,Senior Engineer,1995-09-21,9999-01-01
272062,Holgard,Quaggetto,Engineer,1991-02-09,1999-02-09
272062,Holgard,Quaggetto,Senior Engineer,1999-02-09,2002-05-23
272068,Percy,Perko,Engineer,1987-05-13,1994-05-13
272068,Percy,Perko,Senior Engineer,1994-05-13,9999-01-01
272071,Serenella,Renear,Engineer,1988-04-28,1993-04-28
272071,Serenella,Renear,Senior Engineer,1993-04-28,9999-01-01
272076,Marko,Bazzichi,Senior Staff,1998-01-30,9999-01-01
272076,Marko,Bazzichi,Staff,1992-01-31,1998-01-30
272086,Chiranjit,Zongker,Engineer,1993-10-05,9999-01-01
272092,Oddvar,Cochrane,Senior Staff,1999-04-06,9999-01-01
272092,Oddvar,Cochrane,Staff,1990-04-06,1999-04-06
272106,Jeane,Wuwongse,Senior Staff,1999-05-19,9999-01-01
272106,Jeane,Wuwongse,Staff,1992-05-18,1999-05-19
272110,Indrajit,Cyre,Senior Staff,2000-04-14,9999-01-01
272110,Indrajit,Cyre,Staff,1995-04-15,2000-04-14
272126,Przemyslawa,Karunanithi,Senior Staff,2002-05-01,9999-01-01
272126,Przemyslawa,Karunanithi,Staff,1997-05-01,2002-05-01
272127,Mokhtar,Sudbeck,Staff,1999-09-07,2002-06-30
272131,Yurij,Chinal,Staff,1997-06-20,1997-08-29
272134,Masadi,Whittlesey,Technique Leader,1987-09-25,9999-01-01
272138,Sachin,Lyonns,Engineer,1987-04-02,1992-04-01
272138,Sachin,Lyonns,Senior Engineer,1992-04-01,1997-01-19
272156,Yurij,DiGiano,Engineer,1996-10-20,9999-01-01
272160,Mori,Giarratana,Engineer,1994-04-11,9999-01-01
272167,Werner,Auria,Senior Engineer,1999-12-07,9999-01-01
272179,Duangkaew,Constantine,Engineer,1992-10-31,1997-10-31
272179,Duangkaew,Constantine,Senior Engineer,1997-10-31,9999-01-01
272181,Feipei,Weedman,Senior Staff,1995-12-19,9999-01-01
272181,Feipei,Weedman,Staff,1989-12-19,1995-12-19
272186,Remko,Weiland,Senior Staff,1994-09-29,9999-01-01
272186,Remko,Weiland,Staff,1985-09-29,1994-09-29
272212,Annemarie,Zhiwei,Senior Staff,2000-08-13,9999-01-01
272212,Annemarie,Zhiwei,Staff,1995-08-14,2000-08-13
272218,Neelam,Ghazalie,Engineer,1991-08-01,1996-07-30
272218,Neelam,Ghazalie,Senior Engineer,1996-07-30,9999-01-01
272233,Kshitij,Perl,Engineer,1985-11-29,1990-11-29
272233,Kshitij,Perl,Senior Engineer,1990-11-29,9999-01-01
272244,Amstein,Eiron,Engineer,1987-09-13,1993-09-12
272244,Amstein,Eiron,Senior Engineer,1993-09-12,2001-10-15
272288,Bernt,Kroll,Engineer,1989-09-01,1992-04-05
272294,Zvonko,Wroclawski,Senior Engineer,1985-07-20,9999-01-01
272304,Wonhee,Papastamatiou,Senior Staff,2000-04-29,9999-01-01
272304,Wonhee,Papastamatiou,Staff,1992-04-29,2000-04-29
272326,Dayanand,Horswill,Engineer,1994-12-18,1999-12-18
272326,Dayanand,Horswill,Senior Engineer,1999-12-18,9999-01-01
272340,Conor,Melter,Engineer,1989-11-01,1997-11-01
272340,Conor,Melter,Senior Engineer,1997-11-01,9999-01-01
272351,Wojceich,Deverell,Senior Staff,1993-02-13,9999-01-01
272351,Wojceich,Deverell,Staff,1987-02-14,1993-02-13
272371,Salvador,Tsunoo,Engineer,1986-07-09,1994-07-09
272371,Salvador,Tsunoo,Senior Engineer,1994-07-09,9999-01-01
272386,Petter,Sinitsyn,Senior Staff,1987-08-14,1989-11-02
272414,Kenton,Shumilov,Staff,1992-03-11,1993-06-19
272461,Fatemeh,Bernick,Engineer,1998-04-03,2002-03-14
272476,Munehiko,Cyne,Senior Staff,2000-11-01,9999-01-01
272476,Munehiko,Cyne,Staff,1995-11-02,2000-11-01
272488,Serif,Matzke,Engineer,1994-04-21,1999-04-21
272488,Serif,Matzke,Senior Engineer,1999-04-21,9999-01-01
272489,Vugranam,Staudhammer,Senior Staff,1985-05-16,9999-01-01
272490,Annemarie,Yetto,Senior Staff,2002-01-29,9999-01-01
272490,Annemarie,Yetto,Staff,1996-01-30,2002-01-29
272521,Anyuan,Bakhtari,Senior Staff,1991-10-14,9999-01-01
272521,Anyuan,Bakhtari,Staff,1986-10-14,1991-10-14
272529,Poornachandra,Swen,Senior Staff,1995-08-10,1995-10-13
272559,George,Vickson,Senior Staff,1991-08-16,9999-01-01
272559,George,Vickson,Staff,1985-08-16,1991-08-16
272564,Spyrose,Xiaoshan,Engineer,1986-12-07,1991-04-22
272580,Pragnesh,Ginneken,Engineer,1998-02-08,9999-01-01
272678,Perla,Bennet,Senior Staff,1998-03-18,9999-01-01
272678,Perla,Bennet,Staff,1990-03-18,1998-03-18
272684,Xiadong,Plessier,Engineer,1993-08-14,2001-08-14
272684,Xiadong,Plessier,Senior Engineer,2001-08-14,9999-01-01
272689,Adil,Kleiser,Senior Staff,1996-11-27,9999-01-01
272689,Adil,Kleiser,Staff,1990-11-28,1996-11-27
272714,Diederik,Fraisse,Technique Leader,1990-09-29,9999-01-01
272716,Sushant,Streit,Senior Staff,1996-09-05,9999-01-01
272716,Sushant,Streit,Staff,1988-09-05,1996-09-05
272721,Lillian,Hutton,Engineer,1986-04-16,1993-04-16
272721,Lillian,Hutton,Senior Engineer,1993-04-16,9999-01-01
272733,Yucai,Hmelo,Senior Engineer,1997-05-06,9999-01-01
272743,Mona,Haraldson,Senior Staff,1994-02-14,9999-01-01
272743,Mona,Haraldson,Staff,1989-02-14,1994-02-14
272752,Haldon,Sundgren,Senior Staff,2000-02-16,9999-01-01
272752,Haldon,Sundgren,Staff,1993-02-15,2000-02-16
272779,Marit,Gini,Technique Leader,1989-06-24,9999-01-01
272784,Seongbin,Waleschkowski,Technique Leader,1997-12-03,9999-01-01
272800,Masamitsu,Penz,Senior Staff,1998-06-17,9999-01-01
272800,Masamitsu,Penz,Staff,1989-06-17,1998-06-17
272838,Teiji,Melichar,Staff,1995-10-06,9999-01-01
272839,Janche,Setia,Staff,1998-07-09,9999-01-01
272854,Jiann,Nicolson,Engineer,1995-11-17,2000-11-16
272854,Jiann,Nicolson,Senior Engineer,2000-11-16,9999-01-01
272867,Mariangiola,Rosin,Engineer,1988-11-23,1996-11-23
272867,Mariangiola,Rosin,Senior Engineer,1996-11-23,9999-01-01
272874,Fumino,Krzyzanowski,Engineer,1989-06-27,1996-06-27
272874,Fumino,Krzyzanowski,Senior Engineer,1996-06-27,9999-01-01
272877,Ingemar,Angel,Engineer,1992-10-04,2000-10-04
272877,Ingemar,Angel,Senior Engineer,2000-10-04,2002-06-11
272883,Jiang,Lunn,Staff,1995-09-03,9999-01-01
272892,Renee,Schieder,Senior Staff,1997-05-16,9999-01-01
272892,Renee,Schieder,Staff,1988-05-16,1997-05-16
272910,Ingemar,Assaf,Senior Staff,1999-12-21,9999-01-01
272910,Ingemar,Assaf,Staff,1991-12-21,1999-12-21
272913,Hauke,Cannane,Assistant Engineer,1987-08-01,1996-07-31
272913,Hauke,Cannane,Engineer,1996-07-31,9999-01-01
272941,Rajmohan,Morris,Senior Engineer,1992-07-19,9999-01-01
272959,Mohan,Iwayama,Engineer,1992-12-10,2000-12-10
272959,Mohan,Iwayama,Senior Engineer,2000-12-10,9999-01-01
272962,Barry,Lorie,Technique Leader,1999-05-19,9999-01-01
272964,Sigeru,Brobst,Senior Staff,1996-12-17,9999-01-01
272964,Sigeru,Brobst,Staff,1988-12-17,1996-12-17
272980,Kwee,Vesel,Senior Staff,1994-02-08,9999-01-01
272986,Volkmar,Gischer,Senior Staff,1996-02-07,9999-01-01
272999,Bernt,Leonhardt,Staff,1987-05-20,1988-12-12
273006,Weiye,Cannard,Engineer,1999-12-19,2000-07-16
273018,Atilio,Uhrig,Senior Staff,2000-10-04,9999-01-01
273018,Atilio,Uhrig,Staff,1995-10-05,2000-10-04
273022,Moti,Kohling,Senior Staff,1993-10-25,9999-01-01
273022,Moti,Kohling,Staff,1986-10-25,1993-10-25
273036,Richard,Kavraki,Engineer,1988-04-17,1994-04-17
273036,Richard,Kavraki,Senior Engineer,1994-04-17,9999-01-01
273045,Gunilla,Isard,Staff,1998-12-29,9999-01-01
273051,Tzvetan,Lupu,Engineer,1998-05-02,9999-01-01
273078,Yongdong,Bain,Engineer,1992-02-19,2000-02-19
273078,Yongdong,Bain,Senior Engineer,2000-02-19,9999-01-01
273104,Fabrizio,Thambidurai,Staff,1996-11-25,9999-01-01
273106,Jouni,Bage,Senior Engineer,1992-02-26,2002-07-29
273112,Charlene,Andreotta,Assistant Engineer,1993-05-07,1998-05-07
273112,Charlene,Andreotta,Engineer,1998-05-07,9999-01-01
273114,Kauko,Prampolini,Senior Engineer,1991-10-28,9999-01-01
273131,Fumitaka,Wursthorn,Senior Staff,1993-11-17,1995-12-22
273131,Fumitaka,Wursthorn,Staff,1986-11-17,1993-11-17
273150,Adly,Perry,Engineer,1993-01-05,2000-01-06
273150,Adly,Perry,Senior Engineer,2000-01-06,9999-01-01
273166,Giordano,Koblitz,Engineer,1992-12-12,1998-12-12
273166,Giordano,Koblitz,Senior Engineer,1998-12-12,9999-01-01
273178,Renee,Flowers,Senior Staff,2001-10-11,9999-01-01
273178,Renee,Flowers,Staff,1995-10-12,2001-10-11
273180,Sashi,Denna,Senior Staff,1996-02-26,9999-01-01
273182,Jagoda,Honglei,Engineer,1987-03-15,1992-07-19
273186,Yonghong,Nastansky,Technique Leader,1994-10-17,9999-01-01
273191,Insup,Zizka,Senior Engineer,1992-11-07,9999-01-01
273207,Genki,Trachtenberg,Senior Staff,1997-10-20,9999-01-01
273221,Pranay,Perly,Engineer,1991-03-24,1998-03-24
273221,Pranay,Perly,Senior Engineer,1998-03-24,9999-01-01
273246,Marke,Crabtree,Engineer,1991-11-14,1998-11-14
273246,Marke,Crabtree,Senior Engineer,1998-11-14,9999-01-01
273256,Malu,Navazio,Staff,1998-03-10,9999-01-01
273257,Dzung,Nergos,Engineer,1996-05-17,2001-05-17
273257,Dzung,Nergos,Senior Engineer,2001-05-17,9999-01-01
273315,Shrikanth,Eldridge,Engineer,1990-04-11,1997-04-11
273315,Shrikanth,Eldridge,Senior Engineer,1997-04-11,9999-01-01
273317,Zissis,Kawashimo,Staff,1994-03-25,1997-09-22
273347,Shawna,Khalil,Engineer,1991-04-18,1994-03-29
273357,Suvo,Schahn,Senior Staff,1996-02-07,9999-01-01
273372,Arumugam,Back,Senior Staff,1994-01-23,1998-12-18
273378,Shuji,Suomi,Technique Leader,1985-11-04,9999-01-01
273404,Uma,Schueller,Senior Staff,1998-06-20,9999-01-01
273404,Uma,Schueller,Staff,1993-06-20,1998-06-20
273421,Honesty,Farris,Engineer,1993-08-29,9999-01-01
273431,Denis,Birge,Senior Staff,2000-06-16,9999-01-01
273431,Denis,Birge,Staff,1992-06-16,2000-06-16
273452,Utz,Pargas,Engineer,1999-03-06,2002-04-02
273455,Jiann,Rehfuss,Senior Staff,1997-12-16,2000-12-02
273455,Jiann,Rehfuss,Staff,1992-12-16,1997-12-16
273466,Duro,Speckmann,Assistant Engineer,1993-07-20,2001-07-20
273466,Duro,Speckmann,Engineer,2001-07-20,9999-01-01
273482,Woody,Marsiglia,Senior Engineer,1988-04-19,9999-01-01
273498,Kristine,Luders,Engineer,1992-06-10,1997-06-10
273498,Kristine,Luders,Senior Engineer,1997-06-10,1997-07-06
273502,Sigeru,Schwartzburd,Senior Staff,2002-03-27,9999-01-01
273502,Sigeru,Schwartzburd,Staff,1995-03-27,2002-03-27
273516,Hilary,Ghazalie,Senior Staff,1991-05-04,9999-01-01
273516,Hilary,Ghazalie,Staff,1986-05-04,1991-05-04
273522,Pranjal,Zumaque,Senior Engineer,1985-09-03,9999-01-01
273534,Iara,Jumpertz,Engineer,1991-12-05,1998-12-05
273534,Iara,Jumpertz,Senior Engineer,1998-12-05,9999-01-01
273586,Zhonghui,Aingworth,Engineer,1989-04-19,1994-04-19
273586,Zhonghui,Aingworth,Senior Engineer,1994-04-19,1994-08-22
273587,Duri,Vesel,Senior Engineer,1992-04-27,9999-01-01
273592,Kenroku,Henseler,Senior Staff,1992-04-20,9999-01-01
273592,Kenroku,Henseler,Staff,1987-04-21,1992-04-20
273600,Douadi,Beidas,Staff,1996-02-11,2001-12-14
273603,Siamak,Callaway,Senior Staff,1998-01-09,9999-01-01
273603,Siamak,Callaway,Staff,1992-01-10,1998-01-09
273614,Fumiya,Zielinski,Senior Engineer,1997-06-12,9999-01-01
273616,Yurij,Falck,Senior Engineer,1985-08-15,9999-01-01
273622,Greger,Biran,Engineer,1995-02-07,9999-01-01
273623,Alselm,Schlumberger,Engineer,1990-01-01,1999-01-01
273623,Alselm,Schlumberger,Senior Engineer,1999-01-01,9999-01-01
273634,Mamdouh,Lunt,Engineer,1994-07-16,1994-11-26
273637,Tesuya,Bala,Senior Engineer,1995-06-26,9999-01-01
273664,Ayakannu,Porenta,Engineer,1997-06-25,2002-06-25
273664,Ayakannu,Porenta,Senior Engineer,2002-06-25,9999-01-01
273666,Sandeepan,Waschkowski,Engineer,1995-03-06,2002-03-06
273666,Sandeepan,Waschkowski,Senior Engineer,2002-03-06,9999-01-01
273674,Sadok,Ratnakar,Senior Staff,2001-09-22,9999-01-01
273674,Sadok,Ratnakar,Staff,1996-09-22,2001-09-22
273676,Geraldo,Smeets,Assistant Engineer,1993-10-29,9999-01-01
273686,Xiaobin,Cronin,Senior Staff,1999-06-12,9999-01-01
273686,Xiaobin,Cronin,Staff,1994-06-12,1999-06-12
273692,Inderjeet,Osgood,Assistant Engineer,1992-05-06,2001-05-06
273692,Inderjeet,Osgood,Engineer,2001-05-06,9999-01-01
273710,Sreekrishna,Fendler,Engineer,1990-03-23,1996-03-22
273710,Sreekrishna,Fendler,Senior Engineer,1996-03-22,2000-04-15
273732,Deniz,Papastamatiou,Senior Staff,1996-06-09,9999-01-01
273732,Deniz,Papastamatiou,Staff,1987-06-10,1996-06-09
273734,Moie,Avouris,Senior Staff,2002-03-02,9999-01-01
273734,Moie,Avouris,Staff,1994-03-02,2002-03-02
273736,Xiaobin,Porotnikoff,Staff,1996-10-05,9999-01-01
273746,Dmitri,Ishibashi,Engineer,1989-02-18,1997-02-18
273746,Dmitri,Ishibashi,Senior Engineer,1997-02-18,9999-01-01
273755,Noritoshi,Kaminger,Technique Leader,1991-02-05,9999-01-01
273785,Filipe,Selenyi,Staff,1992-08-11,1997-01-25
273808,Gro,Delgrossi,Engineer,1995-07-03,2000-04-20
273812,Mrinalini,Hmelo,Staff,1996-04-27,1999-03-21
273815,Arne,Xiaoshan,Engineer,1995-05-29,2001-05-28
273815,Arne,Xiaoshan,Senior Engineer,2001-05-28,9999-01-01
273818,Masasuke,Werthner,Senior Staff,1997-05-08,9999-01-01
273818,Masasuke,Werthner,Staff,1990-05-08,1997-05-08
273826,Supot,Plesums,Staff,1989-07-19,1991-10-04
273828,Aram,Bahr,Engineer,1995-03-01,9999-01-01
273851,Dhritiman,Parascandalo,Engineer,1987-08-08,1996-08-07
273851,Dhritiman,Parascandalo,Senior Engineer,1996-08-07,9999-01-01
273876,Naraig,Sethi,Senior Staff,1995-08-07,9999-01-01
273887,Lalit,Lammel,Engineer,1998-04-06,9999-01-01
273895,Masami,Ullian,Senior Staff,1995-02-10,9999-01-01
273897,Gianluca,Hasham,Engineer,1994-01-19,2001-01-19
273897,Gianluca,Hasham,Senior Engineer,2001-01-19,9999-01-01
273909,Paraskevi,Uludag,Technique Leader,1999-06-18,9999-01-01
273914,Guther,Khalid,Assistant Engineer,1996-01-27,2002-01-26
273914,Guther,Khalid,Engineer,2002-01-26,9999-01-01
273924,Moss,Constantine,Senior Staff,1998-04-11,2002-06-11
273924,Moss,Constantine,Staff,1990-04-11,1998-04-11
273944,Ger,Baez,Senior Staff,1995-10-25,9999-01-01
273944,Ger,Baez,Staff,1988-10-24,1995-10-25
273966,Selwyn,Mundy,Engineer,1990-02-16,1995-02-16
273966,Selwyn,Mundy,Senior Engineer,1995-02-16,2000-05-14
273977,Krassimir,Farrel,Staff,1997-12-21,9999-01-01
273979,Niclas,Reeker,Engineer,1997-03-24,2000-12-12
274000,Bernd,Rosar,Engineer,1985-07-28,1992-07-28
274000,Bernd,Rosar,Senior Engineer,1992-07-28,9999-01-01
274013,Giordano,Spataro,Technique Leader,1989-10-24,9999-01-01
274016,Marsja,Famili,Staff,1998-07-05,9999-01-01
274025,Qingxiang,Tsunoo,Engineer,1989-01-05,1998-01-05
274025,Qingxiang,Tsunoo,Senior Engineer,1998-01-05,9999-01-01
274035,Demos,Hambrick,Staff,1999-07-19,9999-01-01
274056,Gully,Zyda,Senior Staff,1998-03-06,9999-01-01
274056,Gully,Zyda,Staff,1989-03-06,1998-03-06
274067,Weiwu,Zolotykh,Staff,1985-04-03,1990-01-18
274070,Tzu,Kushnir,Engineer,1990-11-22,1999-11-22
274070,Tzu,Kushnir,Senior Engineer,1999-11-22,9999-01-01
274082,Neven,Avouris,Senior Staff,1994-07-01,9999-01-01
274082,Neven,Avouris,Staff,1989-07-01,1994-07-01
274102,Kenroku,Rosay,Staff,1999-01-06,9999-01-01
274104,Mary,Rajcani,Staff,1996-05-12,9999-01-01
274108,Sungwon,Caine,Staff,1998-12-06,9999-01-01
274133,Kerryn,Potthoff,Engineer,1993-02-19,1999-02-19
274133,Kerryn,Potthoff,Senior Engineer,1999-02-19,9999-01-01
274134,Odoardo,Bierman,Technique Leader,1989-04-23,1993-01-07
274149,Felicidad,Schahn,Senior Engineer,1985-06-08,9999-01-01
274154,Xinan,Hennebert,Staff,1998-11-04,9999-01-01
274156,Takahito,Solovay,Senior Staff,1998-06-16,9999-01-01
274156,Takahito,Solovay,Staff,1989-06-16,1998-06-16
274164,Moon,Verhoeff,Staff,1998-01-28,9999-01-01
274166,Fayez,Silva,Senior Staff,1992-06-24,1997-07-06
274182,Chenye,Haldar,Assistant Engineer,1995-04-27,1997-10-08
274188,Denny,Genther,Engineer,1985-05-01,1993-05-01
274188,Denny,Genther,Senior Engineer,1993-05-01,9999-01-01
274201,Sreenivas,Luck,Engineer,1985-03-07,1993-03-07
274201,Sreenivas,Luck,Senior Engineer,1993-03-07,9999-01-01
274212,Marek,Erol,Engineer,1985-11-19,1992-11-19
274212,Marek,Erol,Senior Engineer,1992-11-19,9999-01-01
274219,Lunjin,Straney,Senior Staff,1996-11-21,9999-01-01
274219,Lunjin,Straney,Staff,1990-11-22,1996-11-21
274224,Gurbir,Perly,Engineer,1992-03-05,1997-03-05
274224,Gurbir,Perly,Senior Engineer,1997-03-05,1999-06-15
274232,Souichi,Mitzlaff,Staff,1991-07-26,1994-08-02
274237,Younwoo,Codenie,Senior Staff,1996-12-19,9999-01-01
274237,Younwoo,Codenie,Staff,1989-12-19,1996-12-19
274261,Tommaso,Merks,Engineer,1988-02-14,1997-02-13
274261,Tommaso,Merks,Senior Engineer,1997-02-13,9999-01-01
274263,Tuval,Demke,Senior Staff,2001-07-29,9999-01-01
274263,Tuval,Demke,Staff,1992-07-29,2001-07-29
274281,Yuguang,Orlowski,Assistant Engineer,1990-07-18,1995-07-18
274281,Yuguang,Orlowski,Engineer,1995-07-18,2000-07-17
274281,Yuguang,Orlowski,Senior Engineer,2000-07-17,9999-01-01
274291,Susuma,Cronau,Senior Staff,1991-10-05,9999-01-01
274291,Susuma,Cronau,Staff,1986-10-05,1991-10-05
274295,Marie,Salverda,Senior Staff,2000-02-27,2000-05-06
274295,Marie,Salverda,Staff,1992-02-27,2000-02-27
274309,Kersti,Bresenham,Assistant Engineer,1999-07-20,1999-11-13
274312,Florina,Rodite,Engineer,1996-01-06,9999-01-01
274329,Sanjoy,Panienski,Engineer,1992-05-17,1997-05-17
274329,Sanjoy,Panienski,Senior Engineer,1997-05-17,9999-01-01
274347,Duke,Wilfing,Senior Engineer,1988-08-16,1992-06-06
274354,Arve,Herber,Senior Engineer,1996-09-01,9999-01-01
274396,Adib,Munoz,Senior Staff,1998-09-29,9999-01-01
274396,Adib,Munoz,Staff,1990-09-29,1998-09-29
274415,Gully,Savasere,Senior Engineer,1995-09-25,9999-01-01
274418,Martijn,Badache,Engineer,1990-01-24,1999-01-24
274418,Martijn,Badache,Senior Engineer,1999-01-24,1999-03-02
274430,Georgy,Piveteau,Senior Staff,1995-03-10,9999-01-01
274430,Georgy,Piveteau,Staff,1990-03-10,1995-03-10
274453,Guiseppe,Ernst,Senior Staff,1992-11-03,9999-01-01
274453,Guiseppe,Ernst,Staff,1986-11-04,1992-11-03
274454,Howell,Renear,Senior Staff,1986-05-06,9999-01-01
274467,Odysseas,Ranai,Senior Staff,1988-09-08,9999-01-01
274485,Ronghao,Speer,Senior Staff,1996-08-13,9999-01-01
274485,Ronghao,Speer,Staff,1991-08-14,1996-08-13
274486,Adit,Tischendorf,Engineer,1992-02-14,2001-02-13
274486,Adit,Tischendorf,Senior Engineer,2001-02-13,9999-01-01
274494,Garnik,Morrin,Staff,1997-07-02,9999-01-01
274498,Annemarie,Terwilliger,Engineer,1996-07-30,2002-05-10
274502,Miquel,Bade,Technique Leader,1994-12-29,9999-01-01
274516,Gretta,Kalloufi,Engineer,1990-02-26,1998-02-26
274516,Gretta,Kalloufi,Senior Engineer,1998-02-26,9999-01-01
274521,Mohammed,Winter,Staff,1991-03-06,1996-09-18
274532,Howell,Improta,Senior Staff,1996-11-22,9999-01-01
274532,Howell,Improta,Staff,1989-11-22,1996-11-22
274544,Xuejun,Breugel,Senior Staff,1996-06-24,9999-01-01
274544,Xuejun,Breugel,Staff,1987-06-25,1996-06-24
274551,Giordano,Albarhamtoshy,Senior Staff,1999-05-26,9999-01-01
274551,Giordano,Albarhamtoshy,Staff,1994-05-26,1999-05-26
274553,Etsuo,Laventhal,Senior Engineer,1996-07-27,9999-01-01
274599,Rosalie,Ghalwash,Senior Engineer,1993-09-04,9999-01-01
274601,Branimir,Pokrovskii,Engineer,1995-09-16,9999-01-01
274616,Saddek,Gilg,Engineer,1994-12-17,9999-01-01
274651,Macha,Petereit,Assistant Engineer,1992-11-17,2001-11-17
274651,Macha,Petereit,Engineer,2001-11-17,9999-01-01
274655,Yaghout,Barvinok,Engineer,1992-12-02,1997-12-02
274655,Yaghout,Barvinok,Senior Engineer,1997-12-02,9999-01-01
274664,Arvind,Rissanen,Staff,1996-08-10,9999-01-01
274669,Rildo,Rusterholz,Senior Engineer,1994-12-13,1998-09-11
274695,Steve,Rissland,Engineer,1986-04-08,1995-04-08
274695,Steve,Rissland,Senior Engineer,1995-04-08,9999-01-01
274705,Evgueni,Alpin,Senior Staff,1996-03-20,9999-01-01
274741,Lansing,Papsdorf,Engineer,1987-05-01,1994-05-01
274741,Lansing,Papsdorf,Senior Engineer,1994-05-01,9999-01-01
274774,Shaw,Senzako,Senior Engineer,1997-10-31,1998-03-17
274786,Vasiliy,Panwar,Senior Staff,1992-09-30,9999-01-01
274799,Sudhanshu,Kavraki,Senior Staff,1985-06-05,9999-01-01
274802,Gonzalo,Homond,Engineer,1999-11-29,9999-01-01
274819,Neelam,Hasenauer,Engineer,1995-07-02,2002-07-02
274819,Neelam,Hasenauer,Senior Engineer,2002-07-02,9999-01-01
274839,Badri,Burnard,Senior Staff,1994-03-03,9999-01-01
274841,Caolyn,Restivo,Staff,1996-08-02,9999-01-01
274854,Jouni,Demeyer,Engineer,1988-05-11,1994-05-11
274854,Jouni,Demeyer,Senior Engineer,1994-05-11,9999-01-01
274862,Yakkov,Nitto,Engineer,1995-07-30,9999-01-01
274863,Kiyomitsu,Wilharm,Engineer,1991-05-06,2000-05-05
274863,Kiyomitsu,Wilharm,Senior Engineer,2000-05-05,9999-01-01
274867,Matk,Perna,Senior Engineer,1986-06-22,9999-01-01
274914,Renee,Rosen,Engineer,1997-11-22,9999-01-01
274916,Dipankar,Hatcliff,Senior Staff,1995-05-27,9999-01-01
274916,Dipankar,Hatcliff,Staff,1989-05-27,1995-05-27
274929,Candida,Pulkowski,Senior Engineer,1992-03-30,9999-01-01
274942,Jaques,Bierman,Engineer,1990-10-28,1995-07-03
274949,Abdelghani,Zolotykh,Staff,1997-02-16,1997-06-30
274969,Kayoko,Hardjono,Engineer,1995-01-03,2001-01-02
274969,Kayoko,Hardjono,Senior Engineer,2001-01-02,9999-01-01
274977,Jiong,Georg,Senior Staff,1991-03-11,9999-01-01
274979,Anoosh,Kossowski,Senior Engineer,1987-05-20,9999-01-01
274982,Moto,Strehl,Engineer,1991-12-06,2000-12-05
274982,Moto,Strehl,Senior Engineer,2000-12-05,9999-01-01
274989,Itzchak,Schmittgen,Senior Engineer,1994-10-03,9999-01-01
275006,Abdelkader,Pillow,Staff,1999-07-21,2001-12-09
275013,Remco,Fairtlough,Engineer,1990-02-06,1999-02-06
275013,Remco,Fairtlough,Senior Engineer,1999-02-06,9999-01-01
275031,Danco,Parfitt,Engineer,1992-04-08,2001-04-08
275031,Danco,Parfitt,Senior Engineer,2001-04-08,9999-01-01
275052,Lobel,Peha,Engineer,1992-02-05,1997-02-04
275052,Lobel,Peha,Senior Engineer,1997-02-04,9999-01-01
275056,Haldun,Ruther,Engineer,1997-10-11,9999-01-01
275061,Siamak,Gyorkos,Senior Staff,1990-01-25,9999-01-01
275079,Stamatina,Guenter,Engineer,1997-02-14,9999-01-01
275086,Remzi,Rahier,Senior Staff,1995-07-08,9999-01-01
275086,Remzi,Rahier,Staff,1990-07-08,1995-07-08
275089,Wilmer,Karunanithi,Engineer,1994-08-06,9999-01-01
275104,Wilmer,Haldar,Engineer,1993-06-23,2002-06-23
275104,Wilmer,Haldar,Senior Engineer,2002-06-23,9999-01-01
275114,Lech,Kushnir,Technique Leader,1995-02-20,9999-01-01
275116,Vesna,Broomell,Senior Staff,1994-11-22,9999-01-01
275116,Vesna,Broomell,Staff,1986-11-22,1994-11-22
275117,Pohua,Rothenberg,Senior Staff,1988-05-21,9999-01-01
275142,Khue,Barvinok,Senior Staff,1992-10-10,9999-01-01
275156,Shigeichiro,Rahimi,Senior Staff,2000-03-26,9999-01-01
275156,Shigeichiro,Rahimi,Staff,1994-03-27,2000-03-26
275171,Arve,Broomell,Senior Staff,1997-03-22,9999-01-01
275171,Arve,Broomell,Staff,1988-03-22,1997-03-22
275179,Zhanqiu,Suessmith,Senior Staff,1990-08-28,9999-01-01
275179,Zhanqiu,Suessmith,Staff,1985-08-28,1990-08-28
275185,Chuanti,DeMori,Engineer,1992-10-18,2000-10-18
275185,Chuanti,DeMori,Senior Engineer,2000-10-18,9999-01-01
275188,Jianwen,Kroft,Staff,1998-11-09,9999-01-01
275195,Djenana,Redmiles,Technique Leader,1994-03-10,9999-01-01
275203,Stamatina,Dalton,Engineer,1991-08-19,1999-08-19
275203,Stamatina,Dalton,Senior Engineer,1999-08-19,9999-01-01
275206,Constantino,Lorie,Engineer,1992-08-01,2000-08-01
275206,Constantino,Lorie,Senior Engineer,2000-08-01,2001-11-18
275208,Freyja,Shiratori,Senior Staff,2000-04-01,9999-01-01
275208,Freyja,Shiratori,Staff,1992-04-01,2000-04-01
275219,Mountaz,Chvatal,Engineer,1993-09-28,1998-09-28
275219,Mountaz,Chvatal,Senior Engineer,1998-09-28,9999-01-01
275242,Shaw,Kornyak,Senior Staff,1998-07-05,9999-01-01
275242,Shaw,Kornyak,Staff,1993-07-05,1998-07-05
275245,Dzung,Stasinski,Engineer,1992-12-15,1997-12-15
275245,Dzung,Stasinski,Senior Engineer,1997-12-15,9999-01-01
275250,Ulises,Krohn,Engineer,1989-02-26,1995-02-26
275250,Ulises,Krohn,Senior Engineer,1995-02-26,1996-06-09
275260,Mario,Guardalben,Senior Staff,1985-07-18,9999-01-01
275278,Nikolaus,Serre,Staff,1994-05-05,9999-01-01
275322,Mohd,Ozery,Senior Staff,2002-06-01,9999-01-01
275322,Mohd,Ozery,Staff,1996-06-01,2002-06-01
275349,Sanjit,Bashian,Engineer,1998-12-06,9999-01-01
275358,Jeong,Raczkowsky,Staff,1996-12-09,9999-01-01
275363,Dipankar,Plavsic,Senior Staff,1995-04-25,9999-01-01
275388,Sreenivas,Shumilov,Engineer,1994-05-18,2000-05-17
275388,Sreenivas,Shumilov,Senior Engineer,2000-05-17,9999-01-01
275404,Keiichiro,Ullian,Technique Leader,1995-08-02,1997-09-18
275409,Shmuel,Auria,Senior Engineer,1985-10-15,9999-01-01
275413,Gudjon,Puppo,Senior Staff,2000-03-04,9999-01-01
275413,Gudjon,Puppo,Staff,1991-03-05,2000-03-04
275414,Almudena,Peron,Senior Staff,1999-09-12,9999-01-01
275419,Fan,Baaleh,Engineer,1991-08-21,2000-08-20
275419,Fan,Baaleh,Senior Engineer,2000-08-20,9999-01-01
275427,Rosalie,Demke,Engineer,1993-02-26,1998-02-26
275427,Rosalie,Demke,Senior Engineer,1998-02-26,9999-01-01
275432,Branimir,Demir,Engineer,1994-05-15,1995-06-09
275437,Uriel,Yurek,Senior Staff,2002-06-17,9999-01-01
275437,Uriel,Yurek,Staff,1996-06-17,2002-06-17
275446,Yuqun,Gomatam,Senior Staff,1996-07-11,1997-05-23
275482,Yaghout,Levergood,Senior Staff,1996-01-25,9999-01-01
275482,Yaghout,Levergood,Staff,1990-01-25,1996-01-25
275489,Mooi,Coorg,Staff,1999-07-09,9999-01-01
275492,Tru,Bonifati,Engineer,1992-12-15,2001-12-15
275492,Tru,Bonifati,Senior Engineer,2001-12-15,9999-01-01
275494,Snehasis,Teitelbaum,Staff,1998-12-16,2000-04-16
275521,Gill,Sommer,Engineer,1987-11-21,1996-11-20
275521,Gill,Sommer,Senior Engineer,1996-11-20,9999-01-01
275547,Phule,Lenart,Senior Staff,1994-05-31,9999-01-01
275547,Phule,Lenart,Staff,1987-05-31,1994-05-31
275563,Kyoichi,Prampolini,Assistant Engineer,1998-04-02,9999-01-01
275580,Sergi,Swick,Staff,1996-08-24,2001-11-01
275605,Hyuckchul,Raczkowsky,Staff,1994-12-23,2001-08-29
275619,Shugo,Heiserman,Senior Engineer,1990-01-03,9999-01-01
275631,Utpal,Jiang,Assistant Engineer,1985-02-18,1993-02-18
275631,Utpal,Jiang,Engineer,1993-02-18,2001-02-18
275631,Utpal,Jiang,Senior Engineer,2001-02-18,9999-01-01
275632,Rosella,Pappas,Technique Leader,1985-06-21,9999-01-01
275652,Tristan,Couchot,Engineer,1998-01-11,2000-04-04
275705,Jolita,Peak,Senior Staff,1993-06-07,9999-01-01
275705,Jolita,Peak,Staff,1987-06-08,1993-06-07
275718,Pragnesh,Rodham,Staff,1994-11-12,1998-07-07
275730,Takanari,Ananiadou,Staff,1995-08-14,9999-01-01
275731,Ziya,Trachtenberg,Senior Staff,1996-03-19,2001-10-02
275731,Ziya,Trachtenberg,Staff,1987-03-20,1996-03-19
275742,Cullen,Gubsky,Staff,1995-05-01,9999-01-01
275748,Khosrow,Krupka,Engineer,1987-07-13,1993-07-12
275748,Khosrow,Krupka,Senior Engineer,1993-07-12,1998-12-02
275749,Arlette,Rikino,Assistant Engineer,1989-11-14,1998-11-14
275749,Arlette,Rikino,Engineer,1998-11-14,9999-01-01
275768,Yuqun,Naumovich,Technique Leader,1996-04-13,9999-01-01
275773,Sven,Prampolini,Engineer,1993-06-13,2000-06-13
275773,Sven,Prampolini,Senior Engineer,2000-06-13,9999-01-01
275774,Candido,Conti,Assistant Engineer,1988-06-29,1993-06-29
275774,Candido,Conti,Engineer,1993-06-29,1998-06-29
275774,Candido,Conti,Senior Engineer,1998-06-29,9999-01-01
275794,Wojceich,Bugaenko,Engineer,1995-07-04,2001-07-03
275794,Wojceich,Bugaenko,Senior Engineer,2001-07-03,9999-01-01
275829,Rosine,Fabrizio,Technique Leader,1992-01-01,9999-01-01
275831,Conor,Kambil,Assistant Engineer,1986-05-11,1994-05-11
275831,Conor,Kambil,Engineer,1994-05-11,2002-05-11
275831,Conor,Kambil,Senior Engineer,2002-05-11,9999-01-01
275832,Zhonghua,Oxman,Senior Engineer,1992-11-06,9999-01-01
275841,Kankanahalli,Crooks,Staff,1998-08-15,9999-01-01
275849,Leaf,Gunderson,Staff,2000-01-10,9999-01-01
275852,Kensyu,Gulak,Staff,1995-12-01,2000-05-05
275867,Selwyn,Auria,Senior Staff,2000-11-07,9999-01-01
275867,Selwyn,Auria,Staff,1991-11-08,2000-11-07
275876,Shahid,Conia,Engineer,1996-02-14,1999-09-20
275897,Fumino,Encarnacion,Engineer,1985-11-01,1994-11-01
275897,Fumino,Encarnacion,Senior Engineer,1994-11-01,2000-05-22
275910,Kish,Servieres,Engineer,1990-12-29,1998-12-29
275910,Kish,Servieres,Senior Engineer,1998-12-29,9999-01-01
275921,Heejo,Antonisse,Technique Leader,1988-10-02,9999-01-01
275923,Billie,Marciano,Engineer,1995-12-05,9999-01-01
275933,Mori,Hiroyama,Engineer,1989-11-22,1997-11-22
275933,Mori,Hiroyama,Senior Engineer,1997-11-22,2000-03-19
275934,Shunichi,Casley,Technique Leader,1992-08-05,9999-01-01
275943,Conrado,Willoner,Technique Leader,1985-07-11,9999-01-01
275952,Georgi,Percebois,Senior Staff,1997-02-19,9999-01-01
275952,Georgi,Percebois,Staff,1991-02-20,1997-02-19
275965,Satyanarayana,Limongiello,Staff,1999-05-09,9999-01-01
275972,Arto,Argence,Senior Staff,1985-02-04,9999-01-01
275973,Patricio,Godskesen,Senior Engineer,1992-01-16,9999-01-01
275975,Yishai,Cherinka,Senior Staff,1996-11-14,9999-01-01
275975,Yishai,Cherinka,Staff,1991-11-15,1996-11-14
275979,Bezalel,Templeman,Staff,1996-06-27,2002-03-01
275986,Mechthild,Nergos,Senior Engineer,1999-12-24,9999-01-01
275995,Arup,Fioravanti,Senior Staff,1999-07-24,9999-01-01
275995,Arup,Fioravanti,Staff,1990-07-24,1999-07-24
276003,Ziva,Brendel,Engineer,1987-07-19,1994-07-19
276003,Ziva,Brendel,Senior Engineer,1994-07-19,9999-01-01
276012,Vasilis,Stanfel,Staff,1993-11-22,9999-01-01
276014,Harjit,Kobuchi,Assistant Engineer,1998-12-17,9999-01-01
276023,Luisa,Erez,Engineer,1996-12-02,1999-09-03
276045,Yechezkel,Taubenfeld,Engineer,1991-07-23,1997-07-22
276045,Yechezkel,Taubenfeld,Senior Engineer,1997-07-22,9999-01-01
276055,Aleksandar,Hambrick,Engineer,1992-04-15,2000-05-03
276068,Feipei,Massonet,Senior Staff,1998-12-10,9999-01-01
276103,Wuxu,Perry,Senior Staff,1998-10-11,2001-03-03
276103,Wuxu,Perry,Staff,1993-10-11,1998-10-11
276106,Henk,Emden,Senior Staff,1994-12-22,9999-01-01
276106,Henk,Emden,Staff,1989-12-22,1994-12-22
276130,Barun,Ranai,Staff,1999-01-18,9999-01-01
276148,Shugo,Fujisawa,Engineer,1996-06-13,9999-01-01
276152,Michaela,Marzano,Senior Staff,2002-05-10,9999-01-01
276152,Michaela,Marzano,Staff,1995-05-10,2002-05-10
276159,Licheng,McAffer,Senior Staff,1986-02-09,9999-01-01
276163,Manu,Furedi,Engineer,1998-09-10,9999-01-01
276195,Sham,Nitsche,Assistant Engineer,1986-11-07,1992-11-06
276195,Sham,Nitsche,Engineer,1992-11-06,1998-11-06
276195,Sham,Nitsche,Senior Engineer,1998-11-06,9999-01-01
276205,Chiranjit,Nitsch,Senior Staff,1993-10-26,9999-01-01
276205,Chiranjit,Nitsch,Staff,1985-10-26,1993-10-26
276216,Fayez,Pero,Senior Engineer,1998-05-29,9999-01-01
276221,Behnaam,Azumi,Engineer,1991-11-27,1996-11-26
276221,Behnaam,Azumi,Senior Engineer,1996-11-26,9999-01-01
276223,Khosrow,Perly,Engineer,1999-07-16,9999-01-01
276241,Abdelwaheb,Narahara,Engineer,1993-12-25,2000-12-25
276241,Abdelwaheb,Narahara,Senior Engineer,2000-12-25,9999-01-01
276288,Mani,Morrow,Senior Staff,2000-07-29,9999-01-01
276288,Mani,Morrow,Staff,1991-07-30,2000-07-29
276333,Visit,Peres,Engineer,1996-09-22,9999-01-01
276368,Munir,Leivant,Technique Leader,1998-09-12,9999-01-01
276385,Geoffrey,Perry,Staff,1996-08-15,9999-01-01
276422,Kamakshi,Ramsak,Assistant Engineer,1997-01-21,2002-01-21
276422,Kamakshi,Ramsak,Engineer,2002-01-21,9999-01-01
276439,Danny,Vernadat,Technique Leader,1987-08-10,9999-01-01
276447,Fumiko,Raney,Engineer,1993-08-26,1999-08-26
276447,Fumiko,Raney,Senior Engineer,1999-08-26,9999-01-01
276480,Moon,DiGiano,Technique Leader,1993-01-24,9999-01-01
276483,Kristen,Gelosh,Technique Leader,1990-02-15,9999-01-01
276487,Georg,Coney,Engineer,1995-11-26,2001-11-25
276487,Georg,Coney,Senior Engineer,2001-11-25,9999-01-01
276504,Ashish,Tsukuda,Engineer,1990-02-09,1999-02-09
276504,Ashish,Tsukuda,Senior Engineer,1999-02-09,9999-01-01
276508,Mantis,Schreiter,Staff,1998-10-01,9999-01-01
276529,Guenter,Giarratana,Senior Staff,2002-01-09,9999-01-01
276529,Guenter,Giarratana,Staff,1993-01-09,2002-01-09
276564,Ebbe,Jansen,Staff,1996-06-06,1997-11-26
276569,Boaz,Perna,Staff,1995-10-30,9999-01-01
276572,Sreekrishna,Vural,Assistant Engineer,1994-01-03,2000-01-03
276572,Sreekrishna,Vural,Engineer,2000-01-03,9999-01-01
276581,Ronnie,Undy,Senior Staff,1994-09-12,1995-12-02
276581,Ronnie,Undy,Staff,1989-09-12,1994-09-12
276599,Hailing,Ranta,Senior Staff,2000-02-25,9999-01-01
276599,Hailing,Ranta,Staff,1992-02-25,2000-02-25
276605,Adin,Roison,Senior Staff,1996-02-03,9999-01-01
276605,Adin,Roison,Staff,1987-02-03,1996-02-03
276606,Qingxiang,Pepe,Staff,1990-12-26,1998-06-06
276615,Masamitsu,Baaleh,Senior Staff,1995-02-22,9999-01-01
276615,Masamitsu,Baaleh,Staff,1986-02-22,1995-02-22
276625,Moriyoshi,Munoz,Senior Staff,1994-07-15,9999-01-01
276625,Moriyoshi,Munoz,Staff,1988-07-15,1994-07-15
276641,Gretta,Vakili,Senior Staff,1990-09-28,9999-01-01
276641,Gretta,Vakili,Staff,1985-09-28,1990-09-28
276645,Anneli,Tyugu,Engineer,1987-12-08,1994-12-08
276645,Anneli,Tyugu,Senior Engineer,1994-12-08,9999-01-01
276672,Masali,Serot,Staff,1996-07-04,1997-02-10
276680,Xuedong,Ratzlaff,Engineer,1991-03-24,1997-03-23
276680,Xuedong,Ratzlaff,Senior Engineer,1997-03-23,9999-01-01
276703,Mandell,Mundy,Senior Engineer,1987-03-22,1989-02-28
276711,Weiye,Ponthieu,Senior Engineer,1998-04-20,9999-01-01
276712,Younwoo,Alpay,Engineer,1992-01-15,1997-01-14
276712,Younwoo,Alpay,Senior Engineer,1997-01-14,9999-01-01
276736,Erez,Coorg,Senior Staff,1996-10-04,9999-01-01
276736,Erez,Coorg,Staff,1991-10-05,1996-10-04
276743,Wonhee,Collavizza,Senior Staff,1997-06-06,9999-01-01
276793,Toshimori,Cardazo,Engineer,1995-03-28,2000-03-27
276793,Toshimori,Cardazo,Senior Engineer,2000-03-27,9999-01-01
276804,Yuguang,Docker,Engineer,1992-01-27,1997-10-12
276811,Lunjin,Demeyer,Engineer,1986-06-05,1993-06-05
276811,Lunjin,Demeyer,Senior Engineer,1993-06-05,9999-01-01
276832,Rasiah,Lund,Senior Engineer,1987-11-25,9999-01-01
276860,Tamiya,Pettey,Senior Engineer,1999-08-28,9999-01-01
276901,Theron,McFarlan,Technique Leader,1999-05-01,9999-01-01
276908,Mohamadou,Koshiba,Technique Leader,1990-02-08,9999-01-01
276942,Hausi,Molenkamp,Senior Engineer,1995-03-04,9999-01-01
276946,Gennady,Bressoud,Staff,1997-12-26,1999-12-22
276966,Eberhardt,Vigier,Staff,1998-09-22,9999-01-01
276980,Gian,Butner,Staff,1996-04-10,9999-01-01
276985,Koichi,Piveteau,Engineer,1996-04-14,2001-04-14
276985,Koichi,Piveteau,Senior Engineer,2001-04-14,9999-01-01
276998,Deborah,Goodrum,Assistant Engineer,1988-10-19,1997-10-19
276998,Deborah,Goodrum,Engineer,1997-10-19,9999-01-01
277004,Haldun,Mayerwieser,Senior Engineer,1987-10-24,9999-01-01
277006,Sanjay,Perfilyeva,Staff,1989-04-14,1992-01-20
277050,Stabislas,Pettey,Engineer,1993-01-21,1996-07-18
277058,Yishai,Piveteau,Engineer,1988-09-01,1993-09-01
277058,Yishai,Piveteau,Senior Engineer,1993-09-01,9999-01-01
277069,Gaurav,Pokrovskii,Engineer,1991-08-28,1999-08-28
277069,Gaurav,Pokrovskii,Senior Engineer,1999-08-28,9999-01-01
277084,Hirochika,Rando,Engineer,1991-01-12,1997-01-11
277084,Hirochika,Rando,Senior Engineer,1997-01-11,2001-09-03
277091,Kwangho,Falster,Engineer,1999-07-02,9999-01-01
277097,Debatosh,Horswill,Senior Staff,2001-02-09,9999-01-01
277097,Debatosh,Horswill,Staff,1993-02-09,2001-02-09
277106,Miomir,Mahnke,Senior Engineer,1985-12-09,9999-01-01
277118,Shim,Babb,Staff,1986-08-04,1990-02-06
277124,Jaewoo,Dymetman,Senior Staff,1995-05-21,9999-01-01
277124,Jaewoo,Dymetman,Staff,1986-05-21,1995-05-21
277150,Mohammad,Karner,Engineer,1993-10-17,9999-01-01
277155,Along,Glowinski,Senior Staff,2002-04-11,9999-01-01
277155,Along,Glowinski,Staff,1997-04-11,2002-04-11
277159,Mats,Duclos,Engineer,1995-10-23,2000-10-22
277159,Mats,Duclos,Senior Engineer,2000-10-22,9999-01-01
277167,Badri,Krohn,Engineer,1997-07-05,9999-01-01
277169,Abdelwaheb,Foong,Staff,1995-08-03,9999-01-01
277176,Kyoichi,Simmel,Staff,1997-06-23,9999-01-01
277177,Matk,Karlin,Technique Leader,1985-08-06,9999-01-01
277189,Arne,Buescher,Technique Leader,1995-11-02,9999-01-01
277193,Indrajit,Ritzmann,Senior Staff,1997-01-15,9999-01-01
277193,Indrajit,Ritzmann,Staff,1991-01-16,1997-01-15
277200,Christ,Burnard,Engineer,1998-12-26,2000-09-16
277208,Rildo,Masada,Assistant Engineer,1991-08-16,1997-08-15
277208,Rildo,Masada,Engineer,1997-08-15,9999-01-01
277213,Kwangsub,Cunliffe,Staff,1997-03-08,1999-05-25
277228,Udaiprakash,Hofman,Senior Staff,1993-01-21,9999-01-01
277228,Udaiprakash,Hofman,Staff,1988-01-22,1993-01-21
277236,Shrikanth,Busillo,Staff,1985-03-30,1988-04-26
277237,Kellie,Linnainmaa,Assistant Engineer,1994-11-15,1995-07-23
277259,Jamaludin,Foote,Senior Engineer,1995-09-29,9999-01-01
277272,Mark,Mandell,Senior Staff,1999-08-20,9999-01-01
277272,Mark,Mandell,Staff,1991-08-20,1999-08-20
277273,Atreyi,Luff,Engineer,1992-10-31,1997-10-31
277273,Atreyi,Luff,Senior Engineer,1997-10-31,1999-08-05
277277,Khatoun,Sessa,Staff,1999-08-23,9999-01-01
277285,Jianhua,Roccetti,Senior Staff,1991-11-13,9999-01-01
277313,Niclas,Armand,Engineer,1990-10-26,1998-10-25
277313,Niclas,Armand,Senior Engineer,1998-10-25,9999-01-01
277322,Weicheng,Junet,Senior Engineer,1989-03-24,9999-01-01
277329,Shigenori,Matzke,Senior Staff,2001-05-20,9999-01-01
277329,Shigenori,Matzke,Staff,1994-05-20,2001-05-20
277373,Sariel,Frijda,Senior Staff,2001-04-23,2002-03-06
277373,Sariel,Frijda,Staff,1992-04-23,2001-04-23
277388,Arnd,Vilarrasa,Senior Staff,1986-12-07,1988-09-07
277403,Miquel,Cooman,Engineer,1998-04-26,9999-01-01
277405,Fun,Rassart,Engineer,1987-08-22,1994-08-22
277405,Fun,Rassart,Senior Engineer,1994-08-22,9999-01-01
277407,Taegyun,Rabehasaina,Senior Engineer,1986-10-19,9999-01-01
277427,Dayanand,Pagter,Senior Staff,1996-10-28,1999-08-10
277429,Masami,Percebois,Engineer,1992-07-04,1998-07-20
277441,Chikara,Mondadori,Senior Staff,1995-10-20,9999-01-01
277441,Chikara,Mondadori,Staff,1986-10-20,1995-10-20
277458,Baocai,Serre,Senior Staff,1998-11-14,9999-01-01
277461,Baoqiu,Noriega,Engineer,1990-03-30,1997-03-30
277461,Baoqiu,Noriega,Senior Engineer,1997-03-30,9999-01-01
277487,Bernice,Knightly,Staff,1995-02-06,9999-01-01
277497,Marsha,Conta,Senior Staff,1994-04-28,9999-01-01
277497,Marsha,Conta,Staff,1989-04-28,1994-04-28
277519,Fumiyo,Cooley,Engineer,1986-10-30,1992-10-29
277519,Fumiyo,Cooley,Senior Engineer,1992-10-29,9999-01-01
277527,Yonghoan,Vuskovic,Staff,1990-12-19,1992-04-25
277535,Claudi,Pfau,Engineer,1993-01-21,2002-01-21
277535,Claudi,Pfau,Senior Engineer,2002-01-21,9999-01-01
277536,Sudhanshu,Clouatre,Staff,1998-12-27,9999-01-01
277539,Bedir,Kornyak,Engineer,1999-05-01,1999-07-08
277547,Mohammad,Antonisse,Engineer,1987-09-20,1995-09-20
277547,Mohammad,Antonisse,Senior Engineer,1995-09-20,2001-05-13
277550,Kazuhito,Akiyama,Senior Staff,1997-06-21,9999-01-01
277550,Kazuhito,Akiyama,Staff,1991-06-22,1997-06-21
277567,Jaewon,Riesenhuber,Senior Staff,1997-07-27,9999-01-01
277567,Jaewon,Riesenhuber,Staff,1988-07-27,1997-07-27
277573,Bluma,Alpay,Senior Engineer,1993-04-30,9999-01-01
277575,Hongzue,Coombs,Engineer,1997-10-17,9999-01-01
277593,Taiji,Naumovich,Engineer,1992-08-28,1999-08-29
277593,Taiji,Naumovich,Senior Engineer,1999-08-29,9999-01-01
277601,Yishay,Rijckaert,Engineer,1985-05-10,1994-05-10
277601,Yishay,Rijckaert,Senior Engineer,1994-05-10,9999-01-01
277604,Neelam,Wegerle,Engineer,1999-05-22,9999-01-01
277605,Tetsurou,Schreiter,Senior Staff,1994-02-02,9999-01-01
277605,Tetsurou,Schreiter,Staff,1987-02-02,1994-02-02
277610,Aral,Bierman,Staff,1997-05-24,1998-01-26
277614,Doowon,Benzmuller,Senior Staff,1994-07-25,9999-01-01
277614,Doowon,Benzmuller,Staff,1985-07-25,1994-07-25
277615,Radhika,Calkin,Engineer,1988-10-17,1995-10-18
277615,Radhika,Calkin,Senior Engineer,1995-10-18,9999-01-01
277616,Koldo,Beidas,Engineer,1989-01-18,1994-01-18
277616,Koldo,Beidas,Senior Engineer,1994-01-18,1994-02-10
277622,Temple,Gill,Staff,1993-11-14,9999-01-01
277629,Guangming,Thebaut,Senior Staff,1993-08-04,9999-01-01
277629,Guangming,Thebaut,Staff,1987-08-05,1993-08-04
277638,Manu,Sewelson,Senior Staff,2002-07-09,9999-01-01
277638,Manu,Sewelson,Staff,1996-07-09,2002-07-09
277650,Shahab,Muchinsky,Engineer,1988-03-01,1996-03-01
277650,Shahab,Muchinsky,Senior Engineer,1996-03-01,9999-01-01
277662,Marla,Nergos,Assistant Engineer,1988-03-20,1996-03-20
277662,Marla,Nergos,Engineer,1996-03-20,9999-01-01
277667,Xiping,Meriste,Engineer,1998-02-02,9999-01-01
277671,Visit,Monarch,Staff,1990-08-16,1991-08-25
277674,Mayuri,Schieder,Engineer,1992-06-01,2001-06-01
277674,Mayuri,Schieder,Senior Engineer,2001-06-01,9999-01-01
277686,Kazuhide,Bain,Senior Staff,1991-09-06,9999-01-01
277686,Kazuhide,Bain,Staff,1985-09-06,1991-09-06
277701,Chinya,Brattka,Engineer,1990-09-19,1994-07-18
277703,Aleksander,Murrill,Engineer,1994-04-28,1995-03-20
277710,Mansur,Sethi,Engineer,1993-11-01,9999-01-01
277715,Berto,Birke,Staff,1996-08-17,9999-01-01
277716,Ziva,Linares,Staff,1996-07-21,1998-02-07
277741,Toshimori,Piazza,Staff,1997-06-15,1999-09-25
277753,Jouni,Karcich,Engineer,1992-05-14,1998-05-14
277753,Jouni,Karcich,Senior Engineer,1998-05-14,9999-01-01
277772,Kyoichi,Akaboshi,Staff,1997-06-22,9999-01-01
277782,Sanjay,Skrikant,Senior Engineer,1999-09-26,9999-01-01
277791,Behnaam,Rabehasaina,Engineer,1985-03-28,1985-04-21
277814,Aleksandar,Krohn,Assistant Engineer,1999-05-25,2000-09-19
277826,Flemming,Tokunaga,Senior Staff,1992-10-16,9999-01-01
277826,Flemming,Tokunaga,Staff,1987-10-17,1992-10-16
277837,Valdiodio,Vrecion,Staff,1997-01-19,1997-06-15
277849,Christ,Pezzoli,Senior Engineer,1995-11-15,2002-02-25
277870,Xudong,Christianini,Staff,1998-04-24,9999-01-01
277890,Fatemeh,Ferretti,Senior Staff,1993-07-24,9999-01-01
277894,Billie,Talmor,Engineer,1994-03-09,2000-03-08
277894,Billie,Talmor,Senior Engineer,2000-03-08,9999-01-01
277923,Gadiel,Conde,Engineer,1989-03-26,1996-03-26
277923,Gadiel,Conde,Senior Engineer,1996-03-26,9999-01-01
277974,Chuanti,Radhakrishnan,Staff,1994-12-14,9999-01-01
277989,Aram,Malinowski,Engineer,1998-05-31,9999-01-01
277991,Murthy,Wissmann,Engineer,1998-07-23,9999-01-01
277993,Chinhyun,Marchesini,Senior Engineer,1999-06-21,1999-12-15
278014,JoAnna,Lorie,Senior Staff,1996-03-24,9999-01-01
278026,Aemilian,Silva,Senior Staff,1995-04-18,9999-01-01
278026,Aemilian,Silva,Staff,1987-04-18,1995-04-18
278032,Sanjit,Munro,Senior Staff,1989-11-26,9999-01-01
278054,Sanjit,Georgakopoulos,Senior Staff,2001-12-07,9999-01-01
278054,Sanjit,Georgakopoulos,Staff,1992-12-07,2001-12-07
278063,Gregory,Denti,Senior Staff,1994-12-19,9999-01-01
278073,Saeed,Falster,Staff,1997-04-23,9999-01-01
278080,Ymte,Bade,Engineer,1987-10-18,1993-10-17
278080,Ymte,Bade,Senior Engineer,1993-10-17,9999-01-01
278082,Ioana,Auria,Staff,1999-07-04,2000-11-24
278084,Jayesh,Rohrbach,Senior Staff,2000-01-06,9999-01-01
278092,Divier,Kragelund,Senior Staff,1995-10-26,9999-01-01
278092,Divier,Kragelund,Staff,1990-10-26,1995-10-26
278094,Xuejun,Monarch,Engineer,1991-02-15,1998-02-15
278094,Xuejun,Monarch,Senior Engineer,1998-02-15,1999-08-19
278108,Guiseppe,Talmor,Senior Engineer,1994-02-06,9999-01-01
278111,Nobuyoshi,Carrere,Senior Staff,1992-11-12,9999-01-01
278116,Randy,Suppi,Engineer,1998-12-31,9999-01-01
278132,Marjo,Landherr,Staff,1998-06-20,9999-01-01
278144,Marie,Fadgyas,Senior Engineer,1996-10-05,9999-01-01
278147,Shuji,Vakili,Engineer,1993-07-14,2001-07-14
278147,Shuji,Vakili,Senior Engineer,2001-07-14,9999-01-01
278170,Jordanka,Kavvadias,Senior Engineer,1991-12-10,9999-01-01
278180,Niteen,Ferriere,Staff,1989-03-15,1992-07-11
278188,Chriss,Gist,Senior Staff,1992-03-05,9999-01-01
278188,Chriss,Gist,Staff,1987-03-06,1992-03-05
278196,Guenter,Heusch,Staff,1999-04-10,9999-01-01
278231,Fayez,Szilard,Engineer,1997-05-24,9999-01-01
278265,Xiaocheng,Erva,Staff,1997-12-14,9999-01-01
278283,Marjo,Gammage,Staff,1998-07-16,9999-01-01
278287,Fumiko,Hutton,Senior Engineer,1997-07-24,9999-01-01
278314,Adib,Skogmar,Engineer,1994-07-13,1998-08-07
278341,Geoffry,Steinauer,Senior Staff,2001-01-10,9999-01-01
278341,Geoffry,Steinauer,Staff,1995-01-11,2001-01-10
278344,Weiwu,Basagni,Senior Staff,1987-05-26,9999-01-01
278354,Michaela,Montemayor,Senior Staff,1992-06-20,9999-01-01
278354,Michaela,Montemayor,Staff,1985-06-20,1992-06-20
278394,Baoqiu,Gopalakrishnan,Senior Staff,1999-06-27,9999-01-01
278410,Hironobu,Dulay,Engineer,1998-09-17,2002-05-02
278415,Shigeichiro,Fendler,Senior Staff,1993-08-09,9999-01-01
278415,Shigeichiro,Fendler,Staff,1986-08-09,1993-08-09
278428,Hugh,Kropatsch,Engineer,1992-06-23,2000-06-23
278428,Hugh,Kropatsch,Senior Engineer,2000-06-23,2001-12-06
278435,Khoa,Garnier,Staff,1996-12-06,2001-03-15
278440,Sachio,Bahi,Senior Staff,1991-09-04,9999-01-01
278480,Sandeepan,Cromarty,Senior Staff,1999-04-16,9999-01-01
278480,Sandeepan,Cromarty,Staff,1990-04-16,1999-04-16
278497,Pranas,Gustavson,Engineer,1990-08-10,1998-08-10
278497,Pranas,Gustavson,Senior Engineer,1998-08-10,9999-01-01
278504,Zhigen,Walstra,Staff,1994-10-28,1998-11-21
278533,Remzi,Roohalamini,Engineer,1999-11-03,9999-01-01
278539,Guttorm,Pettit,Engineer,1986-04-23,1995-04-23
278539,Guttorm,Pettit,Senior Engineer,1995-04-23,9999-01-01
278542,Divine,Schwartzburd,Assistant Engineer,1992-06-13,1999-06-14
278542,Divine,Schwartzburd,Engineer,1999-06-14,9999-01-01
278544,Mori,Dechter,Senior Staff,2001-03-21,9999-01-01
278544,Mori,Dechter,Staff,1993-03-21,2001-03-21
278562,Padma,Motley,Staff,1998-05-02,9999-01-01
278575,Van,Boreale,Engineer,1992-08-02,2000-08-02
278575,Van,Boreale,Senior Engineer,2000-08-02,9999-01-01
278595,Ayonca,Baik,Technique Leader,1998-11-07,9999-01-01
278620,Jessie,Schauser,Senior Staff,1997-07-11,1997-10-20
278620,Jessie,Schauser,Staff,1990-07-11,1997-07-11
278631,Reinhold,Bennis,Staff,1998-06-17,9999-01-01
278652,Heeju,Ghalwash,Assistant Engineer,1988-09-10,1990-07-07
278662,Irene,Leppanen,Engineer,1987-09-18,1993-09-17
278662,Irene,Leppanen,Senior Engineer,1993-09-17,9999-01-01
278670,Yifei,Edelhoff,Engineer,1998-07-08,9999-01-01
278677,Takushi,Marsiglia,Senior Engineer,1987-01-16,9999-01-01
278714,Geoffry,Dulay,Senior Staff,1998-02-25,9999-01-01
278714,Geoffry,Dulay,Staff,1993-02-25,1998-02-25
278730,Cristinel,Schaap,Senior Engineer,1997-06-07,9999-01-01
278741,Kannan,Menyhert,Engineer,1986-03-14,1994-03-14
278741,Kannan,Menyhert,Senior Engineer,1994-03-14,2002-04-08
278749,Licheng,Melton,Assistant Engineer,1996-08-26,2001-08-26
278749,Licheng,Melton,Engineer,2001-08-26,9999-01-01
278752,Gererd,Ellozy,Engineer,1999-04-23,1999-08-27
278761,Berthier,Penttonen,Staff,1996-10-07,9999-01-01
278766,Nechama,Huhdanpaa,Engineer,1990-04-22,1995-02-19
278786,Marco,Fargier,Senior Staff,1992-10-24,9999-01-01
278807,Navid,Griswold,Engineer,1987-05-24,1996-05-23
278807,Navid,Griswold,Senior Engineer,1996-05-23,9999-01-01
278821,Tomoyuki,Gyimothy,Engineer,1997-03-28,9999-01-01
278822,Mary,Piazza,Engineer,1988-01-07,1988-05-19
278842,Marin,Lowrie,Senior Staff,1994-03-11,9999-01-01
278842,Marin,Lowrie,Staff,1985-03-11,1994-03-11
278843,Danel,Luan,Engineer,1992-10-28,1997-10-28
278843,Danel,Luan,Senior Engineer,1997-10-28,9999-01-01
278844,Shaleah,Baik,Senior Staff,1995-06-09,9999-01-01
278844,Shaleah,Baik,Staff,1987-06-09,1995-06-09
278851,Constantijn,Ebeling,Engineer,1992-01-17,1997-01-16
278851,Constantijn,Ebeling,Senior Engineer,1997-01-16,9999-01-01
278869,Suvo,Peot,Staff,1997-11-12,9999-01-01
278875,Mariangiola,Muntz,Senior Engineer,1988-09-07,1995-09-05
278881,Fumitaka,Hettesheimer,Staff,1997-10-02,9999-01-01
278892,Fumiyo,McFarlin,Engineer,1987-04-13,1993-04-12
278892,Fumiyo,McFarlin,Senior Engineer,1993-04-12,9999-01-01
278926,Kwangsub,Schnelling,Senior Engineer,1996-06-22,9999-01-01
278929,True,Emmerich,Engineer,1994-02-17,1999-03-04
278959,Mitchel,Griswold,Senior Staff,1999-05-27,9999-01-01
278959,Mitchel,Griswold,Staff,1994-05-27,1999-05-27
278985,Gianluca,Lampe,Staff,1996-04-22,9999-01-01
278986,Wuxu,Kolinko,Assistant Engineer,1996-11-25,9999-01-01
278997,Zsolt,Alvarado,Engineer,1996-10-19,9999-01-01
279034,Shaunak,Antonisse,Technique Leader,1987-10-19,9999-01-01
279047,Foong,Besselaar,Senior Staff,2000-05-23,9999-01-01
279047,Foong,Besselaar,Staff,1995-05-24,2000-05-23
279062,Gennadi,Luft,Engineer,1994-12-14,2000-12-13
279062,Gennadi,Luft,Senior Engineer,2000-12-13,9999-01-01
279066,Kayoko,Majewski,Senior Staff,2001-08-27,9999-01-01
279066,Kayoko,Majewski,Staff,1994-08-27,2001-08-27
279075,Hatsukazu,Reeker,Senior Staff,1997-10-27,9999-01-01
279075,Hatsukazu,Reeker,Staff,1991-10-28,1997-10-27
279076,Mats,Teitelbaum,Senior Staff,1995-07-04,9999-01-01
279076,Mats,Teitelbaum,Staff,1989-07-04,1995-07-04
279082,Danny,Lichtman,Engineer,1990-07-11,1994-09-21
279114,Dulce,Erdi,Engineer,1990-02-13,1993-11-11
279131,Kerhong,Karcich,Senior Staff,1994-03-27,9999-01-01
279131,Kerhong,Karcich,Staff,1988-03-27,1994-03-27
279140,Sahrah,Esposito,Senior Staff,2002-02-26,9999-01-01
279140,Sahrah,Esposito,Staff,1995-02-26,2002-02-26
279145,Sugwoo,Ellozy,Staff,1999-03-14,9999-01-01
279154,Fay,Syrzycki,Staff,1993-12-16,9999-01-01
279157,Maia,Sankaranarayanan,Engineer,1997-08-26,1998-04-04
279171,Yolla,Riexinger,Senior Staff,1999-06-29,9999-01-01
279171,Yolla,Riexinger,Staff,1994-06-29,1999-06-29
279192,Yifei,Parfitt,Senior Staff,1996-06-28,9999-01-01
279192,Yifei,Parfitt,Staff,1990-06-29,1996-06-28
279217,Nikolaus,Albarhamtoshy,Engineer,1995-04-07,2000-04-06
279217,Nikolaus,Albarhamtoshy,Senior Engineer,2000-04-06,9999-01-01
279230,Christoph,Bridgland,Engineer,1998-03-27,9999-01-01
279260,Arunachalam,Waymire,Technique Leader,1991-02-15,9999-01-01
279263,Adamantios,Lamba,Engineer,1985-10-30,1993-10-30
279263,Adamantios,Lamba,Senior Engineer,1993-10-30,9999-01-01
279269,Adhemar,Servi,Staff,1997-03-26,9999-01-01
279277,Rutger,Danley,Senior Staff,1993-03-10,9999-01-01
279277,Rutger,Danley,Staff,1987-03-11,1993-03-10
279294,Herb,Plavsic,Engineer,1993-12-14,1998-12-14
279294,Herb,Plavsic,Senior Engineer,1998-12-14,9999-01-01
279301,Kitty,Thambidurai,Engineer,1995-06-25,9999-01-01
279303,Weijing,Tanemo,Engineer,1990-03-14,1997-03-14
279303,Weijing,Tanemo,Senior Engineer,1997-03-14,9999-01-01
279317,Qiwen,Luck,Engineer,1988-03-23,1995-03-24
279317,Qiwen,Luck,Senior Engineer,1995-03-24,9999-01-01
279323,Junsik,Gulik,Senior Staff,1998-11-22,9999-01-01
279323,Junsik,Gulik,Staff,1990-11-22,1998-11-22
279334,Shirish,Isaac,Technique Leader,1996-09-19,9999-01-01
279369,Leen,Rosaz,Senior Staff,1996-09-22,9999-01-01
279369,Leen,Rosaz,Staff,1991-09-23,1996-09-22
279387,Arfst,Atrawala,Senior Staff,1996-04-12,9999-01-01
279387,Arfst,Atrawala,Staff,1988-04-12,1996-04-12
279390,Shim,Rahimi,Engineer,1996-03-22,9999-01-01
279391,Yahiko,Poulakidas,Staff,1998-04-21,9999-01-01
279418,Shai,Chiodo,Engineer,1990-01-17,1999-01-17
279418,Shai,Chiodo,Senior Engineer,1999-01-17,9999-01-01
279428,Sariel,Dengi,Engineer,1992-07-31,2001-07-31
279428,Sariel,Dengi,Senior Engineer,2001-07-31,9999-01-01
279430,Xianlong,Verhaegen,Senior Staff,1993-01-03,9999-01-01
279430,Xianlong,Verhaegen,Staff,1986-01-03,1993-01-03
279431,Duke,Spinelli,Engineer,1999-03-14,9999-01-01
279439,Reinhold,Nitto,Engineer,1997-06-23,9999-01-01
279443,Arra,Antonisse,Technique Leader,1990-08-17,9999-01-01
279450,Stein,Iivonen,Technique Leader,1992-05-14,9999-01-01
279464,Weicheng,Parascandalo,Engineer,1986-06-02,1987-09-17
279474,Qiwen,Kleiser,Engineer,1998-11-15,9999-01-01
279486,Baziley,Daescu,Engineer,1989-03-01,1996-03-01
279486,Baziley,Daescu,Senior Engineer,1996-03-01,9999-01-01
279490,Bouchung,Sankaranarayanan,Senior Staff,1990-05-23,9999-01-01
279501,Monique,Zastre,Senior Staff,1997-03-17,2002-01-21
279501,Monique,Zastre,Staff,1991-03-18,1997-03-17
279522,Arlette,Stifter,Engineer,1996-05-19,9999-01-01
279523,Lansing,Kowalchuk,Engineer,1997-07-02,9999-01-01
279552,Eran,Ferretti,Assistant Engineer,1986-09-18,1992-09-17
279552,Eran,Ferretti,Engineer,1992-09-17,1998-09-17
279552,Eran,Ferretti,Senior Engineer,1998-09-17,9999-01-01
279560,Yakichi,Malabarba,Senior Engineer,1990-10-21,1995-05-18
279568,Giap,Granlund,Senior Staff,1985-02-26,9999-01-01
279570,Zengping,Nitsche,Senior Engineer,1997-03-24,9999-01-01
279636,Ramzi,Heusch,Assistant Engineer,1996-02-22,2001-02-21
279636,Ramzi,Heusch,Engineer,2001-02-21,9999-01-01
279677,Lena,Keirsey,Engineer,1998-11-06,9999-01-01
279683,Bojan,Lichtman,Senior Staff,2001-01-18,2001-03-14
279683,Bojan,Lichtman,Staff,1996-01-19,2001-01-18
279709,Guenter,Biran,Engineer,1993-05-23,2000-05-23
279709,Guenter,Biran,Senior Engineer,2000-05-23,9999-01-01
279711,Bader,Maquelin,Senior Engineer,1985-12-05,9999-01-01
279728,Susanne,Slobodova,Staff,1997-07-13,9999-01-01
279741,Amalendu,Lyonns,Engineer,1996-05-12,1997-06-30
279750,Trygve,Petersohn,Senior Engineer,1994-08-11,2000-05-01
279767,Miomir,Nitsche,Senior Staff,1992-09-16,2001-01-29
279767,Miomir,Nitsche,Staff,1987-09-17,1992-09-16
279775,Sergi,Felder,Senior Staff,1993-03-08,1993-08-19
279775,Sergi,Felder,Staff,1985-03-08,1993-03-08
279778,Shahid,Baalen,Staff,1996-07-30,9999-01-01
279781,Yoshinari,Orlowski,Staff,1995-04-21,9999-01-01
279798,Koldo,Salinas,Technique Leader,1994-10-16,2000-05-13
279799,Yannik,Delaune,Senior Staff,1998-06-12,9999-01-01
279799,Yannik,Delaune,Staff,1992-06-12,1998-06-12
279803,Akeno,Rijsenbrij,Staff,1999-08-31,9999-01-01
279810,Marin,Luca,Assistant Engineer,1985-04-12,1994-04-12
279810,Marin,Luca,Engineer,1994-04-12,9999-01-01
279813,Shirish,Harnett,Senior Staff,1996-08-02,9999-01-01
279813,Shirish,Harnett,Staff,1989-08-02,1996-08-02
279814,Shimshon,Sanella,Engineer,1998-02-23,9999-01-01
279826,Tonny,Brobst,Engineer,1986-08-05,1995-08-05
279826,Tonny,Brobst,Senior Engineer,1995-08-05,9999-01-01
279835,Nechama,Zwicker,Staff,1998-07-19,9999-01-01
279846,Sanjoy,Schach,Senior Engineer,1987-09-15,9999-01-01
279877,Xiaoheng,Otillio,Technique Leader,1999-05-15,2000-02-22
279884,Dayanand,Birrer,Staff,1991-08-13,1995-02-21
279889,Itzchak,Atchley,Staff,1999-07-23,9999-01-01
279893,Vishu,Baca,Assistant Engineer,1995-10-22,9999-01-01
279924,Arne,Luan,Senior Engineer,1994-11-01,9999-01-01
279925,Kazuhira,Matheson,Engineer,1999-10-12,9999-01-01
279947,Chrisa,Birsak,Staff,1999-07-27,2000-06-12
279975,Kazuhisa,Syrotiuk,Senior Engineer,1992-12-03,9999-01-01
279993,Zejun,Narlikar,Staff,1997-11-10,9999-01-01
279995,Nikolaus,Porotnikoff,Senior Staff,1994-11-06,9999-01-01
279998,Josyula,Nollmann,Staff,1996-05-28,9999-01-01
280003,Heeju,Lorin,Technique Leader,1989-11-26,9999-01-01
280015,Tiina,Picco,Senior Staff,2000-11-21,9999-01-01
280015,Tiina,Picco,Staff,1991-11-22,2000-11-21
280032,Houman,Rohrbach,Senior Staff,1995-11-18,9999-01-01
280032,Houman,Rohrbach,Staff,1989-11-18,1995-11-18
280036,Jianwen,Douceur,Engineer,1996-02-18,1997-09-04
280046,Sadun,Borovoy,Staff,1997-10-10,9999-01-01
280064,Huan,Gecseg,Engineer,1988-09-28,1996-09-28
280064,Huan,Gecseg,Senior Engineer,1996-09-28,9999-01-01
280067,Peer,Liedekerke,Senior Staff,2000-07-08,9999-01-01
280067,Peer,Liedekerke,Staff,1992-07-08,2000-07-08
280068,Trygve,Fujisaki,Engineer,1989-03-09,1997-03-09
280068,Trygve,Fujisaki,Senior Engineer,1997-03-09,9999-01-01
280083,Miquel,Piveteau,Senior Engineer,1987-05-20,9999-01-01
280086,Achilleas,Seiwald,Engineer,1986-12-04,1995-12-04
280086,Achilleas,Seiwald,Senior Engineer,1995-12-04,9999-01-01
280142,Divier,Pargas,Engineer,1985-02-07,1991-02-07
280142,Divier,Pargas,Senior Engineer,1991-02-07,9999-01-01
280156,Kwangho,Lieberherr,Engineer,1995-05-24,1995-10-20
280211,Genki,Murtafg,Technique Leader,1997-07-18,9999-01-01
280237,Nahla,Walston,Senior Staff,1997-03-20,9999-01-01
280237,Nahla,Walston,Staff,1991-03-21,1997-03-20
280243,Vesna,Kusalik,Technique Leader,1994-09-26,9999-01-01
280250,Renee,Egerstedt,Senior Staff,1992-02-17,9999-01-01
280250,Renee,Egerstedt,Staff,1985-02-16,1992-02-17
280272,Xiong,Mattern,Senior Engineer,1999-08-23,2000-04-04
280288,Marla,Wielonsky,Senior Engineer,1985-12-16,9999-01-01
280292,Jianhua,Yemenis,Engineer,1996-07-18,2002-07-18
280292,Jianhua,Yemenis,Senior Engineer,2002-07-18,9999-01-01
280337,Wayne,Decaestecker,Engineer,1998-09-20,9999-01-01
280339,Arve,Dratva,Engineer,1994-11-28,9999-01-01
280340,Bouchung,Potthoff,Engineer,1998-12-28,9999-01-01
280409,Shen,Kuhnemann,Engineer,1987-08-27,1996-08-26
280409,Shen,Kuhnemann,Senior Engineer,1996-08-26,9999-01-01
280414,Vidya,Rothe,Assistant Engineer,1992-05-29,1997-05-29
280414,Vidya,Rothe,Engineer,1997-05-29,2002-05-29
280414,Vidya,Rothe,Senior Engineer,2002-05-29,9999-01-01
280421,Zhongwei,Munos,Senior Staff,1992-07-30,9999-01-01
280440,Baziley,Trystram,Senior Staff,2002-04-08,9999-01-01
280440,Baziley,Trystram,Staff,1993-04-08,2002-04-08
280444,Makato,Cesareni,Senior Engineer,1992-12-12,9999-01-01
280461,Miyeon,Chenoweth,Senior Staff,1988-08-12,1991-05-26
280474,Leni,Makinen,Technique Leader,1989-10-07,9999-01-01
280501,Yefim,Heystek,Staff,1994-05-25,9999-01-01
280515,Fai,Reghbati,Senior Staff,1996-12-06,9999-01-01
280520,Menkae,Himler,Assistant Engineer,1993-02-24,2002-02-24
280520,Menkae,Himler,Engineer,2002-02-24,9999-01-01
280526,Paris,Weiland,Staff,1998-12-07,9999-01-01
280533,Vasilis,Giarratana,Senior Engineer,1987-03-28,1989-07-20
280544,Sajjan,Rajaraman,Senior Staff,1993-05-16,9999-01-01
280544,Sajjan,Rajaraman,Staff,1986-05-16,1993-05-16
280552,Ghassan,Kushnir,Staff,1995-03-03,9999-01-01
280555,Zeljko,Hellwagner,Senior Engineer,1990-01-25,9999-01-01
280563,Djenana,Peron,Engineer,1998-04-04,9999-01-01
280564,Angel,Kampfer,Engineer,1989-11-20,1998-11-20
280564,Angel,Kampfer,Senior Engineer,1998-11-20,9999-01-01
280569,Mack,Merks,Staff,1997-10-09,9999-01-01
280614,Jouni,Heinisuo,Engineer,1995-09-05,9999-01-01
280618,Tetsurou,Chorvat,Staff,1997-11-17,1998-05-07
280619,Karsten,Colorni,Senior Engineer,1991-11-24,9999-01-01
280628,Manohar,Gopalakrishnan,Assistant Engineer,1999-04-23,9999-01-01
280629,Dung,Hennings,Engineer,1986-03-30,1993-03-30
280629,Dung,Hennings,Senior Engineer,1993-03-30,9999-01-01
280645,Kerryn,Maliniak,Senior Staff,1994-04-23,9999-01-01
280645,Kerryn,Maliniak,Staff,1988-04-23,1994-04-23
280668,Moti,Kusakabe,Staff,1999-12-08,9999-01-01
280691,Gill,Birnbaum,Senior Staff,1987-05-01,9999-01-01
280731,Giri,Cannane,Engineer,1997-05-29,2002-05-29
280731,Giri,Cannane,Senior Engineer,2002-05-29,9999-01-01
280739,Steen,Chenney,Engineer,1995-01-10,2000-01-10
280739,Steen,Chenney,Senior Engineer,2000-01-10,9999-01-01
280740,Fumitaka,Journel,Senior Staff,1998-02-20,9999-01-01
280740,Fumitaka,Journel,Staff,1989-02-20,1998-02-20
280741,Deborah,Jarecki,Senior Staff,1988-03-10,9999-01-01
280747,Siamak,Shanbhogue,Engineer,1991-01-18,1999-01-18
280747,Siamak,Shanbhogue,Senior Engineer,1999-01-18,9999-01-01
280778,Phule,Erman,Engineer,1998-09-27,9999-01-01
280792,Hironobu,Munck,Senior Staff,1998-05-13,9999-01-01
280792,Hironobu,Munck,Staff,1993-05-13,1998-05-13
280810,Roselyn,Puppo,Assistant Engineer,1987-11-16,1994-11-16
280810,Roselyn,Puppo,Engineer,1994-11-16,2001-11-16
280810,Roselyn,Puppo,Senior Engineer,2001-11-16,9999-01-01
280820,Aiman,Pepe,Senior Staff,1986-09-23,9999-01-01
280823,Shem,Budinsky,Technique Leader,1996-09-17,9999-01-01
280854,Martine,Senzako,Staff,1999-04-18,9999-01-01
280857,Udi,Worfolk,Staff,1999-12-07,9999-01-01
280875,Manton,Detkin,Engineer,1998-02-14,9999-01-01
280914,Heejo,Stanger,Engineer,1986-11-14,1989-09-26
280926,Hongzhu,Rindone,Senior Staff,1997-01-08,9999-01-01
280926,Hongzhu,Rindone,Staff,1989-01-08,1997-01-08
280985,Ingemar,Siksek,Technique Leader,1991-09-22,9999-01-01
280999,Nikolaos,Hashii,Senior Engineer,1985-07-26,1992-08-02
281005,Shakhar,Cummings,Senior Staff,1994-11-24,9999-01-01
281005,Shakhar,Cummings,Staff,1988-11-24,1994-11-24
281035,Ferdinand,Danecki,Senior Engineer,1989-08-27,9999-01-01
281043,Zhilian,Perfilyeva,Engineer,1994-11-04,2001-11-04
281043,Zhilian,Perfilyeva,Senior Engineer,2001-11-04,9999-01-01
281044,Martien,Gomatam,Staff,1999-01-17,9999-01-01
281056,Elrique,Speckmann,Engineer,1991-12-21,1996-12-20
281056,Elrique,Speckmann,Senior Engineer,1996-12-20,9999-01-01
281063,Jagoda,Barriga,Engineer,1999-02-02,9999-01-01
281087,Tze,Plessier,Staff,1999-05-01,9999-01-01
281092,Sibyl,Markovitch,Senior Staff,1996-05-01,9999-01-01
281092,Sibyl,Markovitch,Staff,1989-05-01,1996-05-01
281098,Danae,Rubsam,Engineer,1986-02-11,1992-02-11
281098,Danae,Rubsam,Senior Engineer,1992-02-11,2000-06-18
281110,Yonghong,Velasco,Staff,1999-07-27,2001-08-16
281114,Gully,Rodiger,Engineer,1993-07-09,2002-07-09
281114,Gully,Rodiger,Senior Engineer,2002-07-09,9999-01-01
281144,Fan,Bernini,Engineer,1995-12-09,9999-01-01
281154,Prasadram,Slutz,Senior Staff,1994-07-03,9999-01-01
281162,Kellie,Farris,Senior Engineer,1990-10-11,9999-01-01
281196,Nishit,Spieker,Technique Leader,1995-12-23,9999-01-01
281198,Maia,Bugaenko,Staff,1996-10-26,9999-01-01
281206,Guiseppe,Pashtan,Engineer,1989-12-03,1997-12-03
281206,Guiseppe,Pashtan,Senior Engineer,1997-12-03,9999-01-01
281210,Goa,Conti,Engineer,1997-11-29,9999-01-01
281212,Rance,Huhdanpaa,Staff,1997-06-16,1997-08-05
281222,Amalendu,Conte,Staff,1997-04-22,9999-01-01
281230,Uwe,Oxman,Senior Staff,1993-01-19,1996-04-23
281230,Uwe,Oxman,Staff,1987-01-20,1993-01-19
281250,Narain,Kadhim,Engineer,1994-04-09,2001-04-09
281250,Narain,Kadhim,Senior Engineer,2001-04-09,9999-01-01
281255,Bedir,Vilarrasa,Staff,1995-12-16,1997-07-28
281257,Jasminko,Byoun,Senior Staff,1992-06-28,9999-01-01
281257,Jasminko,Byoun,Staff,1985-06-28,1992-06-28
281281,Takahito,Muchinsky,Engineer,1997-06-19,9999-01-01
281314,Margo,Nannarelli,Technique Leader,1994-03-04,9999-01-01
281315,Vitali,Lanteri,Senior Staff,1992-04-21,9999-01-01
281315,Vitali,Lanteri,Staff,1987-04-22,1992-04-21
281319,Hidde,Pietracaprina,Engineer,1994-04-27,2001-11-09
281328,Eishiro,Trachtenberg,Senior Staff,1996-01-21,9999-01-01
281328,Eishiro,Trachtenberg,Staff,1988-01-21,1996-01-21
281331,Visit,Bonifati,Senior Staff,1996-08-10,9999-01-01
281331,Visit,Bonifati,Staff,1987-08-11,1996-08-10
281335,Steen,Kriebel,Engineer,1999-11-03,9999-01-01
281338,Gennadi,Bahi,Engineer,1997-06-21,9999-01-01
281356,Huai,Litzler,Senior Staff,1998-02-17,9999-01-01
281360,Yoshinari,Mateescu,Engineer,1991-04-27,1999-04-27
281360,Yoshinari,Mateescu,Senior Engineer,1999-04-27,9999-01-01
281361,Frederique,Hooghiemstra,Senior Staff,1995-04-01,9999-01-01
281361,Frederique,Hooghiemstra,Staff,1990-04-02,1995-04-01
281363,Aamer,Baak,Senior Staff,1994-03-10,9999-01-01
281368,Gennady,Marletta,Engineer,1995-04-19,2000-04-18
281368,Gennady,Marletta,Senior Engineer,2000-04-18,9999-01-01
281384,Pragnesh,Mahmud,Engineer,1993-12-23,2001-12-23
281384,Pragnesh,Mahmud,Senior Engineer,2001-12-23,9999-01-01
281394,Juichirou,Litzler,Senior Staff,2001-07-27,9999-01-01
281394,Juichirou,Litzler,Staff,1992-07-27,2001-07-27
281405,Mohammad,Khalid,Staff,1999-04-26,9999-01-01
281443,Vasilis,Ramamoorthy,Technique Leader,1991-12-28,9999-01-01
281447,Byong,Schnelling,Engineer,1988-02-07,1995-02-07
281447,Byong,Schnelling,Senior Engineer,1995-02-07,9999-01-01
281452,Debaprosad,Sridhar,Senior Staff,1998-01-31,9999-01-01
281452,Debaprosad,Sridhar,Staff,1993-01-31,1998-01-31
281461,Adly,Buescher,Engineer,1999-10-06,2001-07-12
281475,Sachin,Rosch,Senior Staff,1991-12-23,1998-03-03
281485,Paris,Coombs,Technique Leader,1989-02-07,1991-08-29
281495,Beshir,Bolsens,Senior Staff,1994-05-01,9999-01-01
281527,Urs,Mikschl,Senior Staff,1993-03-04,9999-01-01
281527,Urs,Mikschl,Staff,1988-03-04,1993-03-04
281535,Saddek,Radivojevic,Senior Engineer,1992-03-16,9999-01-01
281549,Clyde,Stasinski,Staff,1996-02-16,2000-04-29
281587,Jackson,Hashii,Assistant Engineer,1992-07-17,1997-07-17
281587,Jackson,Hashii,Engineer,1997-07-17,2002-07-17
281587,Jackson,Hashii,Senior Engineer,2002-07-17,9999-01-01
281605,Ymte,Dayang,Senior Staff,2002-04-21,9999-01-01
281605,Ymte,Dayang,Staff,1995-04-21,2002-04-21
281615,Brewster,Kuszyk,Engineer,1991-07-01,1998-07-01
281615,Brewster,Kuszyk,Senior Engineer,1998-07-01,9999-01-01
281625,Teunis,Serre,Senior Staff,1994-11-21,9999-01-01
281657,Jingling,Chleq,Senior Engineer,1986-10-08,9999-01-01
281664,Adin,Siochi,Engineer,1988-03-24,1994-03-24
281664,Adin,Siochi,Senior Engineer,1994-03-24,9999-01-01
281675,Charlene,Hiraishi,Engineer,1991-09-15,1997-09-14
281675,Charlene,Hiraishi,Senior Engineer,1997-09-14,9999-01-01
281689,Danco,Highland,Engineer,1996-01-07,2002-01-06
281689,Danco,Highland,Senior Engineer,2002-01-06,9999-01-01
281691,Shuzo,Gladwell,Engineer,1994-03-11,1999-03-11
281691,Shuzo,Gladwell,Senior Engineer,1999-03-11,9999-01-01
281693,Yahiko,Bain,Staff,1993-08-25,9999-01-01
281698,Shahaf,Stanger,Engineer,1986-02-22,1994-02-22
281698,Shahaf,Stanger,Senior Engineer,1994-02-22,9999-01-01
281731,Shirish,Ventosa,Technique Leader,1996-05-14,9999-01-01
281749,Sachin,Falck,Assistant Engineer,1991-10-29,2000-10-28
281749,Sachin,Falck,Engineer,2000-10-28,9999-01-01
281758,Feiyu,Kruskal,Senior Engineer,1989-03-12,9999-01-01
281766,Mohammad,Koblick,Engineer,1999-07-09,9999-01-01
281784,Adel,Swen,Engineer,1995-08-27,1997-09-29
281788,Shounak,Magalhaes,Engineer,1996-08-01,9999-01-01
281789,Hidefumi,Stellhorn,Senior Staff,1993-07-12,9999-01-01
281789,Hidefumi,Stellhorn,Staff,1986-07-12,1993-07-12
281842,Pintsang,Docker,Engineer,1997-06-30,9999-01-01
281846,Fatemeh,Stassinopoulos,Senior Engineer,1988-06-19,1992-05-05
281851,Rajmohan,Chorvat,Engineer,1996-07-22,2002-07-22
281851,Rajmohan,Chorvat,Senior Engineer,2002-07-22,9999-01-01
281852,Josyula,Jakobus,Staff,1998-04-15,9999-01-01
281862,Youjian,Fairtlough,Staff,1996-05-01,9999-01-01
281863,Yuriy,Langford,Senior Staff,1997-08-09,9999-01-01
281863,Yuriy,Langford,Staff,1988-08-09,1997-08-09
281875,Jaihie,Fadgyas,Senior Staff,1989-06-10,9999-01-01
281883,Demos,Gargeya,Technique Leader,1992-10-23,9999-01-01
281898,Sudhanshu,Sevcikova,Staff,1999-06-12,9999-01-01
281901,Toshimi,Siksek,Staff,2000-01-27,9999-01-01
281902,Clyde,Chaudhury,Technique Leader,1996-05-31,9999-01-01
281919,Beshir,Bennet,Senior Staff,1998-07-03,9999-01-01
281923,Masaki,Skogmar,Staff,1996-11-15,9999-01-01
281933,Aloke,Lung,Staff,1994-01-18,1995-01-05
281946,Marsha,Lupu,Senior Staff,1993-04-09,9999-01-01
281953,Kiyotoshi,Bresenham,Senior Engineer,1997-12-14,9999-01-01
281957,Yishai,Pileggi,Senior Staff,1997-02-02,1999-08-26
281957,Yishai,Pileggi,Staff,1988-02-03,1997-02-02
281972,Kankanahalli,Dymetman,Engineer,1989-01-23,1994-01-23
281972,Kankanahalli,Dymetman,Senior Engineer,1994-01-23,9999-01-01
281988,Luerbio,Vanwelkenhuysen,Senior Engineer,1992-02-02,9999-01-01
281999,Alenka,Gammage,Staff,1997-01-13,9999-01-01
282004,Constantine,Prenel,Engineer,1991-03-02,1999-03-02
282004,Constantine,Prenel,Senior Engineer,1999-03-02,9999-01-01
282011,Patricia,Gerteisen,Assistant Engineer,1999-08-27,9999-01-01
282019,Satoru,Antonakopoulos,Senior Staff,1995-04-17,9999-01-01
282019,Satoru,Antonakopoulos,Staff,1987-04-17,1995-04-17
282028,Evgueni,Rabehasaina,Engineer,1985-12-21,1990-12-21
282028,Evgueni,Rabehasaina,Senior Engineer,1990-12-21,9999-01-01
282032,Uno,Seiwald,Senior Staff,1996-05-05,9999-01-01
282032,Uno,Seiwald,Staff,1987-05-06,1996-05-05
282047,Kannan,Sgarro,Senior Staff,1992-08-05,9999-01-01
282047,Kannan,Sgarro,Staff,1986-08-06,1992-08-05
282051,Mori,Cannata,Engineer,1996-11-05,2001-11-05
282051,Mori,Cannata,Senior Engineer,2001-11-05,9999-01-01
282057,Sasan,Zallocco,Assistant Engineer,1991-03-14,1998-03-14
282057,Sasan,Zallocco,Engineer,1998-03-14,9999-01-01
282060,Eldridge,Fortenbacher,Technique Leader,1995-03-27,9999-01-01
282062,Idoia,Borstler,Engineer,1985-03-10,1992-03-10
282062,Idoia,Borstler,Senior Engineer,1992-03-10,9999-01-01
282064,Dipankar,Terwilliger,Senior Engineer,1996-01-03,2001-10-10
282132,Falguni,Benzaken,Staff,1994-07-31,1998-12-03
282134,LiMin,Callaway,Senior Staff,1991-04-03,9999-01-01
282143,Chuanyi,Panienski,Engineer,1999-12-21,2002-05-11
282179,Takahito,Ernst,Senior Staff,1997-07-25,2001-05-12
282179,Takahito,Ernst,Staff,1990-07-25,1997-07-25
282186,Abdelkader,Eiter,Staff,1997-11-26,2002-06-28
282192,Leaf,Hooghiemstra,Assistant Engineer,1990-08-27,1999-08-27
282192,Leaf,Hooghiemstra,Engineer,1999-08-27,9999-01-01
282201,Collette,Matheson,Senior Engineer,1990-01-16,9999-01-01
282206,Rafols,Pietracaprina,Engineer,1995-02-01,2001-01-31
282206,Rafols,Pietracaprina,Senior Engineer,2001-01-31,9999-01-01
282216,Nahla,Schapire,Engineer,1985-06-16,1994-06-16
282216,Nahla,Schapire,Senior Engineer,1994-06-16,9999-01-01
282235,Yannik,Ghandeharizadeh,Senior Staff,1991-01-09,9999-01-01
282241,Arun,Narwekar,Engineer,1988-11-30,1993-11-30
282241,Arun,Narwekar,Senior Engineer,1993-11-30,1997-05-22
282242,Koichi,Bugaenko,Engineer,1995-07-25,2001-07-24
282242,Koichi,Bugaenko,Senior Engineer,2001-07-24,9999-01-01
282243,Adhemar,Valiente,Staff,1997-07-08,9999-01-01
282267,Fuqing,Montemayor,Engineer,1986-12-30,1994-12-30
282267,Fuqing,Montemayor,Senior Engineer,1994-12-30,9999-01-01
282282,Vitaly,Matzel,Staff,1999-05-03,2001-06-02
282285,Badri,Renear,Engineer,1990-08-03,1999-08-03
282285,Badri,Renear,Senior Engineer,1999-08-03,9999-01-01
282302,Nagui,Hedayat,Senior Staff,1994-01-20,9999-01-01
282302,Nagui,Hedayat,Staff,1989-01-20,1994-01-20
282307,Shridhar,Simkin,Senior Staff,1994-04-22,9999-01-01
282307,Shridhar,Simkin,Staff,1986-04-22,1994-04-22
282320,Arne,Demke,Staff,1994-11-06,1997-11-17
282382,Jeanne,Setiz,Staff,1999-05-31,9999-01-01
282384,Raimond,Melton,Senior Staff,1993-04-01,9999-01-01
282412,Mabry,Mersereau,Senior Staff,1996-03-08,9999-01-01
282444,Atreyi,Codenie,Senior Staff,2002-07-02,9999-01-01
282444,Atreyi,Codenie,Staff,1996-07-02,2002-07-02
282466,Akhilish,Unno,Engineer,1992-11-27,2001-11-27
282466,Akhilish,Unno,Senior Engineer,2001-11-27,9999-01-01
282490,Atreyi,Quaggetto,Technique Leader,1991-12-03,9999-01-01
282494,Freyja,Restivo,Senior Staff,1992-12-21,9999-01-01
282494,Freyja,Restivo,Staff,1987-12-22,1992-12-21
282497,Kenton,Ghalwash,Assistant Engineer,1992-07-03,1999-07-04
282497,Kenton,Ghalwash,Engineer,1999-07-04,9999-01-01
282584,Remko,Schmittgen,Engineer,1987-07-30,1992-07-29
282584,Remko,Schmittgen,Senior Engineer,1992-07-29,9999-01-01
282607,Wonhee,Berztiss,Engineer,1990-01-27,1997-01-27
282607,Wonhee,Berztiss,Senior Engineer,1997-01-27,9999-01-01
282612,Fay,Budinsky,Engineer,1991-01-19,1998-01-19
282612,Fay,Budinsky,Senior Engineer,1998-01-19,9999-01-01
282621,Aimee,Delgrande,Engineer,1992-06-15,1997-11-17
282624,Rafols,Gire,Senior Engineer,1992-10-10,9999-01-01
282628,Jacopo,Pelc,Senior Engineer,1988-11-01,9999-01-01
282651,Bodo,Gerlach,Senior Staff,1991-05-17,9999-01-01
282677,Jinxi,Straney,Engineer,1999-02-22,2001-09-13
282679,Weiru,Bolotov,Engineer,1992-03-04,1997-03-04
282679,Weiru,Bolotov,Senior Engineer,1997-03-04,2000-09-12
282697,Gaetan,Katzenelson,Engineer,1994-03-10,2001-03-10
282697,Gaetan,Katzenelson,Senior Engineer,2001-03-10,9999-01-01
282717,Xiaocheng,Vuskovic,Engineer,1995-12-01,2000-11-30
282717,Xiaocheng,Vuskovic,Senior Engineer,2000-11-30,9999-01-01
282737,Fumitake,Farrel,Technique Leader,1994-09-13,9999-01-01
282751,Sverrir,Chandrasekhar,Staff,1996-11-19,9999-01-01
282754,Aksel,Rodite,Senior Engineer,1993-07-29,1995-07-07
282761,Spyrose,Birnbaum,Engineer,1993-11-24,2000-05-12
282771,Tadanori,Zumaque,Senior Engineer,1991-06-30,9999-01-01
282773,Mansur,Orlowska,Senior Staff,1991-08-11,9999-01-01
282773,Mansur,Orlowska,Staff,1986-08-11,1991-08-11
282784,Mechthild,Hambrick,Senior Staff,1999-06-03,9999-01-01
282784,Mechthild,Hambrick,Staff,1992-06-02,1999-06-03
282788,Insup,Siprelle,Senior Staff,2001-03-03,9999-01-01
282788,Insup,Siprelle,Staff,1996-03-03,2001-03-03
282791,IEEE,Erman,Senior Staff,1997-06-15,9999-01-01
282791,IEEE,Erman,Staff,1991-06-16,1997-06-15
282796,Kellyn,Potthoff,Assistant Engineer,1996-08-13,9999-01-01
282809,Xiping,Navazio,Engineer,1999-01-18,2001-05-09
282814,Christfried,Xiaoshan,Staff,1995-08-29,9999-01-01
282831,Sarita,Tsukune,Engineer,1988-10-22,1991-09-14
282832,Alejandra,Ramsey,Engineer,1995-10-06,2001-10-05
282832,Alejandra,Ramsey,Senior Engineer,2001-10-05,9999-01-01
282833,Macha,Kemmerer,Engineer,1992-04-02,1999-05-04
282836,Shigehito,Frezza,Engineer,1990-01-17,1999-01-17
282836,Shigehito,Frezza,Senior Engineer,1999-01-17,9999-01-01
282839,Kwangjo,Erni,Staff,1995-03-06,1995-03-21
282843,Hongzhu,Kalsbeek,Engineer,1992-01-20,1993-06-16
282854,Emran,Koshiba,Engineer,1987-02-11,1995-02-11
282854,Emran,Koshiba,Senior Engineer,1995-02-11,9999-01-01
282855,Arunas,Monarch,Senior Staff,1996-01-28,9999-01-01
282855,Arunas,Monarch,Staff,1990-01-28,1996-01-28
282875,Eric,Taneja,Senior Staff,2002-04-25,9999-01-01
282875,Eric,Taneja,Staff,1996-04-25,2002-04-25
282880,Aiman,Monarch,Engineer,1986-05-30,1993-05-30
282880,Aiman,Monarch,Senior Engineer,1993-05-30,9999-01-01
282901,Yoshimitsu,Hopewell,Engineer,1987-09-30,1992-09-29
282901,Yoshimitsu,Hopewell,Senior Engineer,1992-09-29,9999-01-01
282902,Utpal,Verspoor,Senior Engineer,1993-10-04,9999-01-01
282903,Shigeu,Matzel,Engineer,1987-10-07,1994-10-07
282903,Shigeu,Matzel,Senior Engineer,1994-10-07,9999-01-01
282922,Ingemar,Thimonier,Staff,1999-07-22,9999-01-01
282929,Gladys,Kilgore,Engineer,1997-09-19,9999-01-01
282955,Shunichi,Jarecki,Assistant Engineer,1999-01-31,9999-01-01
282961,Guoxiang,Coney,Senior Staff,2001-06-06,9999-01-01
282961,Guoxiang,Coney,Staff,1996-06-06,2001-06-06
282969,Tiina,Angelopoulos,Senior Staff,1991-01-16,9999-01-01
282969,Tiina,Angelopoulos,Staff,1986-01-16,1991-01-16
282971,Christophe,Luders,Assistant Engineer,1988-05-09,1994-05-09
282971,Christophe,Luders,Engineer,1994-05-09,2000-05-08
282971,Christophe,Luders,Senior Engineer,2000-05-08,9999-01-01
282995,Tetsushi,Cardazo,Staff,1995-12-17,9999-01-01
283002,George,Peris,Engineer,1986-12-11,1988-07-06
283018,Persi,Engberts,Engineer,1990-08-23,1995-08-23
283018,Persi,Engberts,Senior Engineer,1995-08-23,9999-01-01
283045,Gift,Zastre,Senior Staff,1997-08-25,9999-01-01
283045,Gift,Zastre,Staff,1991-08-26,1997-08-25
283055,Jaana,Hiraishi,Engineer,1986-11-12,1993-11-12
283055,Jaana,Hiraishi,Senior Engineer,1993-11-12,9999-01-01
283057,Hatim,Nannarelli,Staff,1992-09-05,1998-03-12
283068,Babette,Kragelund,Senior Staff,1991-12-19,9999-01-01
283069,Rance,Yetim,Engineer,1988-01-15,1995-01-01
283083,Angel,Brickell,Senior Staff,1998-10-25,9999-01-01
283099,Dharmaraja,Gargeya,Senior Staff,1990-08-15,9999-01-01
283099,Dharmaraja,Gargeya,Staff,1985-08-15,1990-08-15
283135,Mark,Clemencon,Engineer,1995-04-13,2000-09-17
283148,Kaijung,Shokrollahi,Engineer,1999-08-27,9999-01-01
283154,Leaf,Narahari,Engineer,1986-01-29,1987-10-18
283164,Limsoon,Farrag,Senior Staff,2000-10-26,9999-01-01
283164,Limsoon,Farrag,Staff,1994-10-27,2000-10-26
283202,Krister,Scharstein,Senior Staff,1996-10-19,9999-01-01
283219,Marl,Cherinka,Senior Staff,1997-08-07,9999-01-01
283219,Marl,Cherinka,Staff,1992-08-07,1997-08-07
283228,Eishiro,Vuskovic,Assistant Engineer,1993-02-13,2000-02-14
283228,Eishiro,Vuskovic,Engineer,2000-02-14,9999-01-01
283248,Manu,Gien,Technique Leader,1988-11-30,9999-01-01
283260,Aran,Chappelet,Engineer,1993-06-27,2000-06-27
283260,Aran,Chappelet,Senior Engineer,2000-06-27,9999-01-01
283261,Aleksander,Falby,Engineer,1985-02-19,1991-02-19
283261,Aleksander,Falby,Senior Engineer,1991-02-19,9999-01-01
283263,Ingemar,Benveniste,Senior Staff,1997-09-20,9999-01-01
283265,Chrisa,Iisaka,Engineer,1988-09-25,1993-06-27
283284,Josyula,Stanfel,Senior Staff,1994-12-27,9999-01-01
283284,Josyula,Stanfel,Staff,1985-12-27,1994-12-27
283296,Danai,Segond,Senior Engineer,1987-06-29,9999-01-01
283310,Hailing,Pileggi,Assistant Engineer,1995-11-12,9999-01-01
283313,Guangming,Bernini,Assistant Engineer,1992-05-04,1997-05-04
283313,Guangming,Bernini,Engineer,1997-05-04,2002-05-04
283313,Guangming,Bernini,Senior Engineer,2002-05-04,9999-01-01
283324,Kazuhiko,Koshiba,Assistant Engineer,1989-09-11,1994-08-26
283332,Martine,Nannarelli,Engineer,1992-03-22,2001-02-18
283339,Rutger,Gurbaxani,Senior Staff,1998-09-11,9999-01-01
283339,Rutger,Gurbaxani,Staff,1992-09-11,1998-09-11
283344,Becky,Felder,Staff,1996-05-08,9999-01-01
283363,Dines,Schaap,Engineer,1991-12-31,1998-12-31
283363,Dines,Schaap,Senior Engineer,1998-12-31,9999-01-01
283416,Pranav,Tomescu,Senior Staff,1992-05-25,9999-01-01
283453,Lillian,Knightly,Engineer,1986-05-09,1994-05-09
283453,Lillian,Knightly,Senior Engineer,1994-05-09,9999-01-01
283455,Kristen,Hinsberger,Engineer,1988-02-09,1995-02-09
283455,Kristen,Hinsberger,Senior Engineer,1995-02-09,9999-01-01
283462,Shiv,Menyhert,Staff,2000-01-14,9999-01-01
283485,Tristan,Kirkerud,Engineer,1988-11-06,1997-11-06
283485,Tristan,Kirkerud,Senior Engineer,1997-11-06,9999-01-01
283489,Kerryn,Munoz,Staff,1990-03-13,1996-12-01
283503,Along,Vuskovic,Senior Staff,1986-12-19,9999-01-01
283520,Wayne,Kilgore,Technique Leader,1986-02-11,1997-12-05
283530,Shuky,Gulak,Engineer,1998-07-23,9999-01-01
283539,Kristof,Sinicrope,Assistant Engineer,1985-07-12,1991-06-15
283579,Geoff,Yeung,Engineer,1997-01-16,9999-01-01
283592,Tadanori,Morrow,Assistant Engineer,1985-02-13,1993-02-13
283592,Tadanori,Morrow,Engineer,1993-02-13,2001-02-13
283592,Tadanori,Morrow,Senior Engineer,2001-02-13,9999-01-01
283598,Mani,Bultermann,Engineer,1992-09-18,1998-04-29
283618,Arch,Garnham,Engineer,1994-08-15,1997-04-02
283628,Dannz,Smailagic,Engineer,1992-01-18,1999-01-18
283628,Dannz,Smailagic,Senior Engineer,1999-01-18,9999-01-01
283634,Ewing,Majewski,Staff,1999-03-16,9999-01-01
283640,Debatosh,Sankaranarayanan,Senior Staff,1996-08-27,9999-01-01
283640,Debatosh,Sankaranarayanan,Staff,1991-08-28,1996-08-27
283650,Boguslaw,Ginneken,Assistant Engineer,1992-10-05,1998-10-05
283650,Boguslaw,Ginneken,Engineer,1998-10-05,9999-01-01
283670,Zhenbing,Peternell,Senior Staff,1993-09-25,9999-01-01
283670,Zhenbing,Peternell,Staff,1985-09-25,1993-09-25
283671,Tuval,Jording,Senior Engineer,1996-04-11,9999-01-01
283672,Vasilis,Raczkowsky,Senior Staff,1990-04-21,9999-01-01
283672,Vasilis,Raczkowsky,Staff,1985-04-21,1990-04-21
283682,Leszek,Kriebel,Engineer,1988-06-09,1996-06-09
283682,Leszek,Kriebel,Senior Engineer,1996-06-09,9999-01-01
283695,Marin,Noriega,Engineer,1998-10-22,9999-01-01
283703,Navid,Masand,Engineer,1988-04-09,1996-04-09
283703,Navid,Masand,Senior Engineer,1996-04-09,2000-06-08
283704,KayLiang,Demeyer,Senior Staff,1995-06-03,2000-04-12
283704,KayLiang,Demeyer,Staff,1987-06-03,1995-06-03
283713,Arumugam,Renear,Staff,1985-05-29,1988-07-27
283715,Masanao,Zultner,Engineer,1985-11-09,1991-11-09
283715,Masanao,Zultner,Senior Engineer,1991-11-09,9999-01-01
283720,Premal,Bottner,Engineer,1993-02-14,2002-02-14
283720,Premal,Bottner,Senior Engineer,2002-02-14,9999-01-01
283729,Yishay,Duclos,Engineer,1990-02-18,1999-02-18
283729,Yishay,Duclos,Senior Engineer,1999-02-18,9999-01-01
283734,Ronnie,Frezza,Staff,1996-12-21,9999-01-01
283736,Nikolaos,Garnick,Senior Staff,1995-04-15,9999-01-01
283742,Vidya,Conti,Assistant Engineer,2000-01-07,9999-01-01
283743,Ishfaq,Broomell,Engineer,1987-07-13,1993-07-12
283743,Ishfaq,Broomell,Senior Engineer,1993-07-12,9999-01-01
283778,Goa,Itzigehl,Staff,1998-10-25,2001-09-25
283788,Uzi,Plump,Engineer,1993-03-19,1999-03-19
283788,Uzi,Plump,Senior Engineer,1999-03-19,2000-08-11
283794,Berhard,Klerer,Assistant Engineer,1995-03-14,2001-03-13
283794,Berhard,Klerer,Engineer,2001-03-13,9999-01-01
283798,Ugo,Kakkad,Senior Staff,1992-12-25,9999-01-01
283798,Ugo,Kakkad,Staff,1985-12-25,1992-12-25
283807,Gopalakrishnan,Kitsuregawa,Senior Engineer,1990-09-01,1997-05-04
283816,Toshimori,Walstra,Senior Staff,2002-03-12,9999-01-01
283816,Toshimori,Walstra,Staff,1995-03-12,2002-03-12
283823,Vojin,Takanami,Senior Engineer,1991-12-08,2000-07-13
283832,Akhilish,Hedayat,Engineer,1994-07-23,1996-04-18
283837,Bluma,Wuwongse,Staff,1997-06-07,9999-01-01
283849,Vojin,Peir,Senior Engineer,1987-07-02,9999-01-01
283851,Woody,Gniady,Senior Staff,1987-10-02,9999-01-01
283861,Kazuhira,Zallocco,Senior Staff,1994-03-15,9999-01-01
283877,Sreenivas,Khasidashvili,Engineer,1994-12-11,1999-12-11
283877,Sreenivas,Khasidashvili,Senior Engineer,1999-12-11,9999-01-01
283880,Yaghout,Madeira,Engineer,1986-05-15,1994-05-15
283880,Yaghout,Madeira,Senior Engineer,1994-05-15,9999-01-01
283881,Boriana,Hooghiemstra,Senior Staff,1993-11-10,9999-01-01
283881,Boriana,Hooghiemstra,Staff,1988-11-10,1993-11-10
283887,Matk,Shrader,Assistant Engineer,1995-12-03,9999-01-01
283890,Munehiro,Ratzlaff,Staff,1997-12-01,2001-10-18
283904,Hailing,Brodal,Senior Staff,2000-09-19,2001-11-11
283904,Hailing,Brodal,Staff,1993-09-19,2000-09-19
283905,Denis,Hofman,Engineer,1985-06-18,1992-06-18
283905,Denis,Hofman,Senior Engineer,1992-06-18,9999-01-01
283918,Baziley,Gniady,Technique Leader,1985-08-28,9999-01-01
283923,Eishiro,Chinen,Senior Staff,1985-10-23,9999-01-01
283990,Sibyl,Penz,Staff,1995-08-27,9999-01-01
284002,Arto,Khalid,Staff,1999-02-27,9999-01-01
284024,Sanjiv,Sudbeck,Engineer,1988-07-28,1993-07-28
284024,Sanjiv,Sudbeck,Senior Engineer,1993-07-28,9999-01-01
284042,Piyawadee,Bierbaum,Engineer,1998-01-10,9999-01-01
284060,Sadun,Neimat,Engineer,2000-01-20,9999-01-01
284069,Ziyad,Heydon,Engineer,1986-08-24,1993-08-24
284069,Ziyad,Heydon,Senior Engineer,1993-08-24,9999-01-01
284086,Marlo,Christianini,Senior Staff,1993-11-10,9999-01-01
284086,Marlo,Christianini,Staff,1986-11-10,1993-11-10
284131,Etsuo,Awdeh,Engineer,1991-06-13,1996-06-12
284131,Etsuo,Awdeh,Senior Engineer,1996-06-12,9999-01-01
284148,Navin,Sherertz,Senior Staff,1995-12-26,9999-01-01
284148,Navin,Sherertz,Staff,1990-12-26,1995-12-26
284191,Hidde,Lamba,Senior Staff,2001-02-20,9999-01-01
284191,Hidde,Lamba,Staff,1996-02-21,2001-02-20
284267,Xiaocheng,Ratnaker,Engineer,1996-08-17,9999-01-01
284322,Juyoung,Cannane,Engineer,1999-05-09,9999-01-01
284331,Zejun,Borstler,Engineer,1992-12-18,2001-12-18
284331,Zejun,Borstler,Senior Engineer,2001-12-18,9999-01-01
284332,Subhash,Herber,Senior Staff,1994-04-20,1998-11-10
284332,Subhash,Herber,Staff,1989-04-20,1994-04-20
284340,Vishwani,Farris,Engineer,1986-03-18,1994-10-31
284362,Seongbin,Desikan,Engineer,1990-03-22,1999-03-22
284362,Seongbin,Desikan,Senior Engineer,1999-03-22,9999-01-01
284363,Gro,Strandh,Engineer,1989-08-24,1996-08-24
284363,Gro,Strandh,Senior Engineer,1996-08-24,1997-06-23
284366,Naraig,Vilarrasa,Senior Engineer,1999-10-09,9999-01-01
284383,Yoshinari,Lichtner,Technique Leader,1996-02-02,9999-01-01
284438,Gina,Munke,Senior Engineer,1989-07-27,9999-01-01
284452,Sandeepan,Luke,Engineer,1996-07-23,1999-12-16
284473,Candida,Noriega,Senior Engineer,1996-11-08,9999-01-01
284488,Nalini,Hanratty,Senior Staff,1994-10-25,9999-01-01
284488,Nalini,Hanratty,Staff,1989-10-25,1994-10-25
284489,Doohun,Haddadi,Staff,1999-05-04,9999-01-01
284519,DeForest,Pollock,Engineer,1991-04-17,1994-12-06
284536,Kensyu,Schach,Engineer,1990-01-31,1998-01-31
284536,Kensyu,Schach,Senior Engineer,1998-01-31,9999-01-01
284539,Yongdong,Msuda,Senior Staff,1990-01-01,9999-01-01
284562,Yoshimitsu,Serre,Engineer,1994-03-14,2002-03-14
284562,Yoshimitsu,Serre,Senior Engineer,2002-03-14,9999-01-01
284586,Udo,Percebois,Senior Staff,1994-07-08,9999-01-01
284586,Udo,Percebois,Staff,1987-07-08,1994-07-08
284595,Shaunak,Gornas,Engineer,1987-12-18,1992-12-17
284595,Shaunak,Gornas,Senior Engineer,1992-12-17,9999-01-01
284606,Alassane,Plotkin,Senior Staff,1992-05-23,9999-01-01
284606,Alassane,Plotkin,Staff,1987-05-24,1992-05-23
284646,Harjit,Swist,Engineer,1987-11-16,1993-11-15
284646,Harjit,Swist,Senior Engineer,1993-11-15,9999-01-01
284659,Matt,Oaver,Engineer,1991-08-30,1999-08-30
284659,Matt,Oaver,Senior Engineer,1999-08-30,9999-01-01
284660,Eirik,Bellmore,Engineer,1988-12-06,1993-12-06
284660,Eirik,Bellmore,Senior Engineer,1993-12-06,9999-01-01
284678,Hyuncheol,Knightly,Senior Staff,1993-04-01,9999-01-01
284678,Hyuncheol,Knightly,Staff,1985-04-01,1993-04-01
284681,Udaiprakash,Chaudhury,Senior Staff,1997-02-16,9999-01-01
284700,Geoff,Dulli,Senior Staff,1999-02-19,9999-01-01
284701,Otilia,Zultner,Engineer,1996-04-09,9999-01-01
284706,Danai,Michaeli,Technique Leader,1992-12-19,9999-01-01
284709,Chandrasekaran,Strehl,Senior Staff,1996-06-26,9999-01-01
284709,Chandrasekaran,Strehl,Staff,1987-06-27,1996-06-26
284715,Christ,Malinowski,Senior Staff,1995-01-19,2000-03-04
284715,Christ,Malinowski,Staff,1989-01-19,1995-01-19
284718,Hidekazu,Chelton,Engineer,1985-07-17,1991-07-17
284718,Hidekazu,Chelton,Senior Engineer,1991-07-17,9999-01-01
284742,Manibrata,Sidhu,Engineer,1995-11-24,9999-01-01
284744,Weiye,Angot,Senior Staff,1991-11-19,9999-01-01
284753,Tianruo,Garnier,Senior Staff,1988-12-28,9999-01-01
284767,Fayez,Slobodova,Assistant Engineer,1999-07-15,2001-01-08
284788,Ishfaq,Esposito,Assistant Engineer,1998-03-19,1999-04-27
284793,Sadegh,Kenevan,Engineer,1996-09-13,2001-09-13
284793,Sadegh,Kenevan,Senior Engineer,2001-09-13,9999-01-01
284804,Xudong,Sundgren,Engineer,1986-10-07,1992-10-06
284804,Xudong,Sundgren,Senior Engineer,1992-10-06,2000-10-26
284811,Remco,Bojadziev,Engineer,1989-06-05,1997-06-05
284811,Remco,Bojadziev,Senior Engineer,1997-06-05,9999-01-01
284823,Tamiya,Azuma,Senior Engineer,1990-05-02,9999-01-01
284833,Ioana,Whitcomb,Engineer,1999-02-18,9999-01-01
284836,Mokhtar,Hofting,Senior Staff,1985-12-13,9999-01-01
284850,Kwangho,Weisert,Senior Engineer,1986-11-04,9999-01-01
284853,Torsten,Anily,Staff,1998-11-27,9999-01-01
284860,Uriel,Barreiro,Senior Staff,1993-11-09,9999-01-01
284860,Uriel,Barreiro,Staff,1986-11-09,1993-11-09
284866,Bingning,Kriebel,Engineer,1997-10-05,1999-04-15
284868,Gully,Merli,Senior Engineer,1991-10-30,9999-01-01
284888,Rayond,Wilharm,Assistant Engineer,1996-01-04,9999-01-01
284890,Ugo,Lieblein,Senior Engineer,1988-03-31,9999-01-01
284939,Xiaoshan,Salinas,Assistant Engineer,1989-01-15,1998-01-15
284939,Xiaoshan,Salinas,Engineer,1998-01-15,9999-01-01
284952,Clyde,Siprelle,Senior Staff,2001-01-18,9999-01-01
284952,Clyde,Siprelle,Staff,1994-01-18,2001-01-18
284958,Quingbo,Rettelbach,Engineer,1996-11-23,9999-01-01
284997,Jingling,Andreotta,Engineer,1989-07-29,1996-07-29
284997,Jingling,Andreotta,Senior Engineer,1996-07-29,9999-01-01
285023,Erez,Rissanen,Senior Staff,1999-01-07,9999-01-01
285023,Erez,Rissanen,Staff,1991-01-07,1999-01-07
285029,Yuchang,Knightly,Assistant Engineer,1991-07-11,1997-07-10
285029,Yuchang,Knightly,Engineer,1997-07-10,9999-01-01
285031,Munenori,Macedo,Engineer,1995-11-29,2000-11-28
285031,Munenori,Macedo,Senior Engineer,2000-11-28,9999-01-01
285035,Matk,Rodiger,Senior Staff,1998-04-17,9999-01-01
285035,Matk,Rodiger,Staff,1992-04-17,1998-04-17
285049,Froduald,Usdin,Assistant Engineer,1998-01-19,9999-01-01
285053,Bernardo,Stenning,Technique Leader,1995-11-16,9999-01-01
285071,Hongzue,Farrel,Senior Staff,1994-04-06,9999-01-01
285071,Hongzue,Farrel,Staff,1985-04-06,1994-04-06
285092,Zeljko,Goldhammer,Senior Staff,1992-11-20,1993-08-15
285092,Zeljko,Goldhammer,Staff,1987-11-21,1992-11-20
285094,Toshimitsu,Orlowska,Senior Staff,1991-02-08,9999-01-01
285094,Toshimitsu,Orlowska,Staff,1986-02-08,1991-02-08
285111,Hirochika,Pell,Senior Staff,1996-10-26,9999-01-01
285111,Hirochika,Pell,Staff,1988-10-26,1996-10-26
285112,Xiaopeng,Czaja,Engineer,1986-06-19,1995-06-19
285112,Xiaopeng,Czaja,Senior Engineer,1995-06-19,9999-01-01
285132,Rance,Speckmann,Staff,1997-04-25,9999-01-01
285139,Shigehito,Middleton,Senior Staff,1993-03-04,9999-01-01
285139,Shigehito,Middleton,Staff,1985-03-04,1993-03-04
285175,Demin,Pearson,Staff,1995-04-10,9999-01-01
285176,Aksel,Coors,Senior Staff,2001-01-11,9999-01-01
285176,Aksel,Coors,Staff,1992-01-12,2001-01-11
285183,Mingdong,Rando,Assistant Engineer,1989-07-09,1997-07-09
285183,Mingdong,Rando,Engineer,1997-07-09,9999-01-01
285211,Bernardo,Berstel,Senior Staff,1990-09-02,9999-01-01
285211,Bernardo,Berstel,Staff,1985-09-02,1990-09-02
285222,Rutger,Reinhard,Technique Leader,1986-04-05,9999-01-01
285255,Emdad,Mawatari,Staff,1999-02-10,9999-01-01
285258,Mingsen,Hanratty,Engineer,1988-05-20,1993-05-20
285258,Mingsen,Hanratty,Senior Engineer,1993-05-20,9999-01-01
285275,Yechiam,Wilfing,Assistant Engineer,1998-02-04,9999-01-01
285329,Menkae,Cooley,Engineer,2000-01-14,9999-01-01
285347,Oscar,Champarnaud,Staff,1999-02-19,9999-01-01
285372,Mohammad,Granlund,Engineer,1988-06-24,1988-10-01
285375,Satyanarayana,Dayana,Senior Staff,1996-12-23,9999-01-01
285375,Satyanarayana,Dayana,Staff,1988-12-23,1996-12-23
285376,Tianruo,Hasenauer,Assistant Engineer,1985-09-07,1990-09-07
285376,Tianruo,Hasenauer,Engineer,1990-09-07,1995-09-07
285376,Tianruo,Hasenauer,Senior Engineer,1995-09-07,1996-08-03
285379,Terresa,Carrere,Engineer,1990-02-23,1999-02-23
285379,Terresa,Carrere,Senior Engineer,1999-02-23,9999-01-01
285385,Indrajit,Pargas,Senior Staff,1986-04-03,9999-01-01
285398,Susumu,Ibel,Senior Staff,2001-01-02,9999-01-01
285398,Susumu,Ibel,Staff,1995-01-03,2001-01-02
285401,Chanjung,Marquardt,Senior Staff,1993-07-20,9999-01-01
285402,Udaiprakash,Budinsky,Senior Staff,1999-04-12,2002-02-23
285430,Yechiam,Pelc,Senior Engineer,1989-07-21,9999-01-01
285434,Khue,Bellmore,Senior Engineer,1990-02-23,9999-01-01
285445,Boaz,Perz,Senior Staff,1994-04-29,9999-01-01
285445,Boaz,Perz,Staff,1986-04-29,1994-04-29
285448,Nathalie,Crabtree,Staff,2000-01-06,2000-08-17
285453,Hercules,Andreotta,Engineer,1997-04-05,9999-01-01
285461,Yucel,Brandsma,Engineer,1987-01-12,1995-01-12
285461,Yucel,Brandsma,Senior Engineer,1995-01-12,9999-01-01
285467,Kwangho,Crouzet,Senior Engineer,1999-02-25,9999-01-01
285486,Junichi,Khalid,Technique Leader,1997-06-18,9999-01-01
285503,Jaewon,Bernini,Engineer,1991-03-11,1991-04-15
285505,Mani,Cangellaris,Senior Staff,1993-02-05,9999-01-01
285505,Mani,Cangellaris,Staff,1987-02-06,1993-02-05
285509,Lansing,Seuren,Engineer,1993-08-02,2000-08-02
285509,Lansing,Seuren,Senior Engineer,2000-08-02,9999-01-01
285532,Kwangho,Homond,Assistant Engineer,1995-07-12,2000-07-11
285532,Kwangho,Homond,Engineer,2000-07-11,9999-01-01
285535,Yifei,Guting,Staff,1995-12-05,1997-05-09
285540,Gaetan,Solovay,Senior Staff,1996-08-27,2002-07-26
285546,Juyoung,Perl,Engineer,1987-02-21,1992-02-21
285546,Juyoung,Perl,Senior Engineer,1992-02-21,9999-01-01
285568,Fai,Sigstam,Senior Staff,1999-03-03,9999-01-01
285568,Fai,Sigstam,Staff,1992-03-02,1999-03-03
285571,Marke,Rosis,Engineer,1992-06-17,1997-06-17
285571,Marke,Rosis,Senior Engineer,1997-06-17,9999-01-01
285577,Patricio,Daescu,Senior Staff,1995-04-11,9999-01-01
285581,Satyanarayana,Spinelli,Technique Leader,1993-01-23,9999-01-01
285585,Yechezkel,Cooke,Engineer,1991-09-02,1999-09-02
285585,Yechezkel,Cooke,Senior Engineer,1999-09-02,9999-01-01
285586,Munir,Silva,Assistant Engineer,1990-09-01,1990-11-22
285589,Uta,Frolund,Senior Staff,1986-05-02,9999-01-01
285595,Giao,Hammerschmidt,Staff,1986-01-27,1989-04-17
285598,Sushant,Seuren,Senior Engineer,1990-09-11,2000-11-29
285606,Alselm,Veccia,Engineer,1998-10-26,9999-01-01
285613,Sukumar,Luck,Engineer,1999-12-08,9999-01-01
285635,Sastry,Verspoor,Engineer,1993-01-25,1996-11-26
285665,Zhenbing,Sidou,Engineer,1994-12-03,2001-12-03
285665,Zhenbing,Sidou,Senior Engineer,2001-12-03,9999-01-01
285681,Tsuneo,Swiler,Engineer,1991-03-29,1999-03-29
285681,Tsuneo,Swiler,Senior Engineer,1999-03-29,9999-01-01
285682,Edwin,Furedi,Senior Engineer,1989-08-13,9999-01-01
285685,Akhilish,Debuse,Senior Staff,1990-06-26,9999-01-01
285685,Akhilish,Debuse,Staff,1985-06-26,1990-06-26
285719,Marla,Thummel,Senior Staff,1996-01-06,1996-11-26
285719,Marla,Thummel,Staff,1991-01-06,1996-01-06
285721,Moie,Valtorta,Technique Leader,1991-05-12,9999-01-01
285730,Shounak,Danlos,Staff,1988-11-25,1996-02-06
285732,Yuguang,Sifakis,Senior Engineer,1999-03-14,2000-08-02
285739,Harngdar,Beznosov,Engineer,1991-10-14,1996-10-13
285739,Harngdar,Beznosov,Senior Engineer,1996-10-13,9999-01-01
285744,Adin,Marquardt,Engineer,1992-06-26,2001-06-26
285744,Adin,Marquardt,Senior Engineer,2001-06-26,9999-01-01
285757,Ipke,Biran,Senior Staff,1996-02-20,1999-08-25
285757,Ipke,Biran,Staff,1987-02-20,1996-02-20
285771,Chaoyi,Garnick,Staff,1999-01-12,2000-02-07
285806,Xuejun,Bugaenko,Senior Staff,1999-09-28,2000-02-28
285813,Masasuke,Perez,Engineer,1998-06-19,2000-08-11
285845,Trygve,Snyers,Senior Engineer,1991-08-14,9999-01-01
285848,Yuuichi,Berztiss,Senior Staff,2000-10-16,9999-01-01
285848,Yuuichi,Berztiss,Staff,1993-10-16,2000-10-16
285857,Suebskul,Kruskal,Senior Engineer,1986-04-26,9999-01-01
285872,Kristinn,Litecky,Engineer,1986-05-15,1994-05-15
285872,Kristinn,Litecky,Senior Engineer,1994-05-15,9999-01-01
285880,Byong,Penn,Senior Staff,1999-11-06,9999-01-01
285880,Byong,Penn,Staff,1993-11-06,1999-11-06
285885,Mahmut,Llado,Senior Staff,1998-11-18,9999-01-01
285885,Mahmut,Llado,Staff,1989-11-18,1998-11-18
285888,Udi,Unno,Engineer,1995-11-16,9999-01-01
285894,Tamiya,Woycyznski,Staff,1997-01-27,9999-01-01
285947,Subhrajyoti,Fargier,Senior Staff,1999-02-22,9999-01-01
285947,Subhrajyoti,Fargier,Staff,1993-02-22,1999-02-22
285963,DAIDA,Lung,Engineer,1993-07-30,1998-07-30
285963,DAIDA,Lung,Senior Engineer,1998-07-30,9999-01-01
285969,Shigeichiro,Pearson,Engineer,1992-10-26,2000-10-26
285969,Shigeichiro,Pearson,Senior Engineer,2000-10-26,9999-01-01
285979,Billie,Taubman,Senior Engineer,1989-11-16,9999-01-01
286015,Janche,Ullian,Engineer,1991-05-11,1996-05-10
286015,Janche,Ullian,Senior Engineer,1996-05-10,2000-09-06
286045,Leandro,Meriste,Engineer,1997-04-16,9999-01-01
286075,Jungsoon,Docker,Senior Staff,1999-08-09,9999-01-01
286075,Jungsoon,Docker,Staff,1993-08-09,1999-08-09
286077,Feiyu,Piazza,Engineer,1999-06-14,9999-01-01
286080,Gal,Hinsberger,Senior Staff,1995-11-04,9999-01-01
286080,Gal,Hinsberger,Staff,1986-11-04,1995-11-04
286088,Jaana,Negoita,Staff,1998-03-09,9999-01-01
286091,Urs,Lanphier,Engineer,1991-12-21,1996-12-20
286091,Urs,Lanphier,Senior Engineer,1996-12-20,9999-01-01
286106,Nahla,Oskamp,Engineer,1993-02-22,1998-02-22
286106,Nahla,Oskamp,Senior Engineer,1998-02-22,9999-01-01
286114,Gererd,Lipner,Staff,1990-12-02,1995-11-05
286118,Boalin,Kornyak,Senior Engineer,1996-04-20,9999-01-01
286134,Ortrun,Cincotta,Senior Engineer,1986-05-25,9999-01-01
286151,Shahid,Slaats,Staff,1998-10-26,9999-01-01
286160,Shakhar,Ebeling,Senior Engineer,1998-04-10,9999-01-01
286168,Mara,Bugrara,Senior Staff,1999-06-21,9999-01-01
286168,Mara,Bugrara,Staff,1993-06-21,1999-06-21
286191,Lorien,Shackel,Engineer,1999-03-24,9999-01-01
286193,Gladys,Nanard,Engineer,1993-01-22,2000-01-23
286193,Gladys,Nanard,Senior Engineer,2000-01-23,9999-01-01
286202,Shichao,Giveon,Senior Staff,1997-10-04,9999-01-01
286228,Aram,Diderrich,Engineer,1999-03-04,2002-02-15
286254,Ipke,Lalonde,Senior Staff,1994-12-14,9999-01-01
286254,Ipke,Lalonde,Staff,1988-12-14,1994-12-14
286272,Shugo,Constantine,Senior Engineer,1995-03-03,9999-01-01
286275,Susanta,Spataro,Staff,1997-09-11,9999-01-01
286276,Baziley,Koprowski,Senior Engineer,1990-02-26,9999-01-01
286284,Kazuhira,Schoegge,Senior Engineer,1985-05-20,1997-03-06
286285,Adly,Demir,Senior Staff,2000-03-25,9999-01-01
286285,Adly,Demir,Staff,1993-03-25,2000-03-25
286289,Eishiro,Wilfing,Staff,1993-04-10,1995-11-17
286293,Randy,Iacovou,Technique Leader,1996-10-22,9999-01-01
286296,Chinho,Takkinen,Senior Staff,1990-04-20,9999-01-01
286296,Chinho,Takkinen,Staff,1985-04-20,1990-04-20
286301,Lalit,Raoux,Senior Engineer,1986-05-18,9999-01-01
286322,Billie,Chartres,Engineer,1992-05-28,1999-05-29
286322,Billie,Chartres,Senior Engineer,1999-05-29,9999-01-01
286325,Jiang,Christ,Senior Staff,2001-10-21,9999-01-01
286325,Jiang,Christ,Staff,1996-10-21,2001-10-21
286327,Hinrich,Gelosh,Senior Staff,1995-04-25,9999-01-01
286327,Hinrich,Gelosh,Staff,1989-04-25,1995-04-25
286330,Kenton,Bottner,Staff,1988-11-29,1993-02-09
286351,Sushant,Masand,Technique Leader,1989-12-30,9999-01-01
286352,Toshiki,Gornas,Senior Staff,2000-10-19,2001-05-11
286352,Toshiki,Gornas,Staff,1993-10-19,2000-10-19
286360,Shigehiro,Maccarone,Senior Staff,1995-01-11,9999-01-01
286360,Shigehiro,Maccarone,Staff,1987-01-11,1995-01-11
286388,Ger,Fadgyas,Senior Staff,1998-03-15,9999-01-01
286388,Ger,Fadgyas,Staff,1991-03-15,1998-03-15
286395,Susumu,Carrere,Engineer,1997-08-31,9999-01-01
286397,Mana,Christianini,Staff,1998-04-30,9999-01-01
286401,Atreyi,Navazio,Assistant Engineer,1985-07-19,1993-07-19
286401,Atreyi,Navazio,Engineer,1993-07-19,2001-07-19
286401,Atreyi,Navazio,Senior Engineer,2001-07-19,9999-01-01
286438,Weicheng,Gecsei,Engineer,1991-02-01,1996-02-01
286438,Weicheng,Gecsei,Senior Engineer,1996-02-01,2002-01-27
286445,Rildo,Wrigley,Senior Engineer,1996-06-12,9999-01-01
286460,Salvador,Harllee,Senior Engineer,1988-03-15,9999-01-01
286463,Toshiki,Winter,Engineer,1997-07-30,9999-01-01
286476,Pranay,Vadhan,Senior Staff,1997-01-03,9999-01-01
286476,Pranay,Vadhan,Staff,1988-01-04,1997-01-03
286511,Rosalie,Rosis,Technique Leader,1990-09-12,9999-01-01
286525,Visit,Melski,Senior Staff,2001-11-15,9999-01-01
286525,Visit,Melski,Staff,1996-11-15,2001-11-15
286528,Tzu,Improta,Assistant Engineer,1990-12-10,1994-11-03
286543,Limsoon,Luga,Senior Staff,2000-07-05,9999-01-01
286543,Limsoon,Luga,Staff,1995-07-06,2000-07-05
286557,Venkatesan,Badr,Technique Leader,1995-11-13,2000-01-01
286579,Jolita,Conte,Senior Engineer,1989-04-07,9999-01-01
286584,Junichi,Kaltofen,Engineer,1993-02-22,1998-02-22
286584,Junichi,Kaltofen,Senior Engineer,1998-02-22,9999-01-01
286587,Mostafa,VanScheik,Engineer,1986-10-23,1992-10-22
286587,Mostafa,VanScheik,Senior Engineer,1992-10-22,1998-05-15
286611,Hein,Oxman,Senior Engineer,1994-03-21,2002-05-31
286613,Dipayan,Chiodo,Senior Staff,1996-07-23,9999-01-01
286613,Dipayan,Chiodo,Staff,1987-07-24,1996-07-23
286624,Bilhanan,Bugaenko,Staff,1997-12-12,9999-01-01
286643,Mitchel,Shokrollahi,Senior Staff,1997-07-17,9999-01-01
286643,Mitchel,Shokrollahi,Staff,1991-07-18,1997-07-17
286654,Jaewoo,Monarch,Senior Staff,1988-09-18,9999-01-01
286670,Theirry,Spieker,Engineer,1996-04-04,9999-01-01
286674,Gal,Bouloucos,Senior Staff,2001-11-20,9999-01-01
286674,Gal,Bouloucos,Staff,1992-11-20,2001-11-20
286692,Almudena,Litzkow,Assistant Engineer,1997-09-27,2000-02-07
286704,Roselyn,Rosar,Technique Leader,1992-03-26,2000-05-30
286721,Dzung,Melton,Senior Staff,2001-02-28,9999-01-01
286721,Dzung,Melton,Staff,1994-02-28,2001-02-28
286727,Geoffrey,Barriga,Senior Staff,1994-11-16,9999-01-01
286727,Geoffrey,Barriga,Staff,1987-11-16,1994-11-16
286736,Yoshinari,Nations,Engineer,1994-07-08,9999-01-01
286751,Bartek,McConalogue,Staff,1999-05-18,9999-01-01
286752,Weiyi,Fairtlough,Engineer,1992-02-01,1999-02-01
286752,Weiyi,Fairtlough,Senior Engineer,1999-02-01,9999-01-01
286772,Nahla,Krohn,Engineer,1990-05-23,1996-05-22
286772,Nahla,Krohn,Senior Engineer,1996-05-22,9999-01-01
286787,Kish,Bharadwaj,Engineer,1994-05-21,2002-05-21
286787,Kish,Bharadwaj,Senior Engineer,2002-05-21,9999-01-01
286802,Youjian,Vural,Engineer,1997-08-13,9999-01-01
286804,Paloma,Werthner,Senior Engineer,1988-03-15,9999-01-01
286817,Yuriy,Oehlmann,Engineer,1996-06-26,9999-01-01
286820,Mario,Goodrum,Engineer,1988-06-15,1989-09-16
286846,Kamran,Murrill,Senior Staff,1994-04-05,9999-01-01
286846,Kamran,Murrill,Staff,1988-04-05,1994-04-05
286860,Tuval,Krupka,Assistant Engineer,1989-06-16,1991-09-21
286911,Anestis,Anick,Engineer,1994-09-07,9999-01-01
286918,Szabolcs,Anguita,Senior Staff,1993-09-29,9999-01-01
286918,Szabolcs,Anguita,Staff,1985-09-29,1993-09-29
286930,Kiyotoshi,Piveteau,Engineer,1985-08-17,1991-08-17
286930,Kiyotoshi,Piveteau,Senior Engineer,1991-08-17,9999-01-01
286947,Hiroyasu,Reeker,Senior Staff,2001-02-02,9999-01-01
286947,Hiroyasu,Reeker,Staff,1992-02-03,2001-02-02
286948,Shaowen,Beutelspacher,Engineer,1999-12-09,9999-01-01
286952,Ronghao,Birke,Senior Staff,1991-11-18,9999-01-01
286952,Ronghao,Birke,Staff,1986-11-18,1991-11-18
286957,Oksana,Baaleh,Engineer,1996-05-23,2001-05-23
286957,Oksana,Baaleh,Senior Engineer,2001-05-23,9999-01-01
286968,Jacqueline,Barvinok,Senior Engineer,1989-01-30,1997-09-24
286970,Jayesh,Shobatake,Staff,1999-09-24,9999-01-01
286984,Marla,Yurov,Senior Engineer,1993-07-20,9999-01-01
286996,Oscar,Jumpertz,Senior Staff,2000-04-30,9999-01-01
286996,Oscar,Jumpertz,Staff,1995-05-01,2000-04-30
287005,Menkae,Beutelspacher,Senior Staff,1994-12-29,9999-01-01
287005,Menkae,Beutelspacher,Staff,1986-12-29,1994-12-29
287016,Ute,Fordan,Staff,1995-12-28,9999-01-01
287023,George,Morrin,Senior Staff,1994-01-10,9999-01-01
287023,George,Morrin,Staff,1986-01-10,1994-01-10
287025,Hironobu,Qiwen,Senior Staff,1987-05-04,1993-09-26
287027,Vitaly,Shackel,Engineer,1998-02-17,9999-01-01
287029,Nitsan,Neimat,Senior Staff,2002-04-01,9999-01-01
287029,Nitsan,Neimat,Staff,1996-04-01,2002-04-01
287038,Sumali,Rosis,Staff,1996-05-02,9999-01-01
287045,Suvo,Bojadziev,Staff,1999-06-25,9999-01-01
287052,Georgi,Chenney,Engineer,1998-07-30,9999-01-01
287098,Chandrasekaran,Anido,Engineer,1990-08-22,1997-04-09
287111,Moni,Tramer,Assistant Engineer,1989-12-14,1995-12-14
287111,Moni,Tramer,Engineer,1995-12-14,2001-12-13
287111,Moni,Tramer,Senior Engineer,2001-12-13,9999-01-01
287118,Duangkaew,Hempstead,Senior Staff,1996-05-12,9999-01-01
287118,Duangkaew,Hempstead,Staff,1987-05-13,1996-05-12
287121,Weidon,Litvinov,Senior Staff,1992-12-31,9999-01-01
287121,Weidon,Litvinov,Staff,1985-12-31,1992-12-31
287126,Amalendu,VanScheik,Staff,1997-12-29,9999-01-01
287151,Djelloul,Schahn,Senior Staff,1999-08-19,9999-01-01
287151,Djelloul,Schahn,Staff,1992-08-18,1999-08-19
287172,Dzung,Orlowski,Staff,1990-08-25,1994-11-17
287192,Serif,Suomi,Engineer,1994-04-26,1999-04-26
287192,Serif,Suomi,Senior Engineer,1999-04-26,9999-01-01
287200,Genevieve,Koblitz,Engineer,1986-02-04,1992-02-04
287200,Genevieve,Koblitz,Senior Engineer,1992-02-04,9999-01-01
287201,Heon,Gaughan,Engineer,1996-06-12,1999-08-14
287205,Kwangyoen,Ciolek,Technique Leader,1992-09-08,9999-01-01
287207,Koldo,Bahl,Technique Leader,1986-06-22,1997-01-04
287214,Luisa,Birjandi,Staff,1998-01-12,9999-01-01
287225,Rayond,McFarlin,Senior Staff,2001-05-31,9999-01-01
287225,Rayond,McFarlin,Staff,1995-06-01,2001-05-31
287244,Jaber,Binding,Senior Staff,1999-05-28,9999-01-01
287244,Jaber,Binding,Staff,1994-05-28,1999-05-28
287251,Godehard,Keustermans,Engineer,1996-11-20,9999-01-01
287273,Cheong,Ramaiah,Engineer,1989-06-23,1996-06-23
287273,Cheong,Ramaiah,Senior Engineer,1996-06-23,9999-01-01
287279,Aamer,Trachtenberg,Engineer,1994-04-26,1995-06-30
287283,Arco,Braccini,Engineer,1999-12-20,9999-01-01
287310,Cheong,Figueira,Engineer,1991-07-28,1996-07-27
287310,Cheong,Figueira,Senior Engineer,1996-07-27,9999-01-01
287314,Minghong,Sury,Senior Staff,1991-07-13,9999-01-01
287316,Aemilian,Zeleznik,Senior Engineer,1991-05-16,9999-01-01
287320,Kerhong,Eastman,Staff,1986-11-03,1989-04-24
287344,Geoffry,Muniz,Engineer,1995-01-31,2000-01-31
287344,Geoffry,Muniz,Senior Engineer,2000-01-31,9999-01-01
287346,Wonhee,Muniz,Engineer,1997-12-23,9999-01-01
287367,Rafael,Morris,Engineer,1989-01-20,1996-01-21
287367,Rafael,Morris,Senior Engineer,1996-01-21,9999-01-01
287375,Nigel,Angelov,Engineer,1995-08-08,2000-08-07
287375,Nigel,Angelov,Senior Engineer,2000-08-07,9999-01-01
287381,Vasilis,Gecseg,Senior Engineer,1986-06-21,9999-01-01
287394,Yonghong,Sinitsyn,Senior Engineer,1985-07-16,9999-01-01
287438,Duangkaew,Delaune,Technique Leader,1986-09-02,9999-01-01
287454,Elrique,Schmiedel,Senior Engineer,1995-06-04,9999-01-01
287471,Aleksandar,Dichev,Engineer,1995-05-15,2000-05-14
287471,Aleksandar,Dichev,Senior Engineer,2000-05-14,9999-01-01
287476,Kitty,Valette,Senior Staff,1995-12-10,9999-01-01
287492,Olivera,Madeira,Senior Staff,2002-06-19,9999-01-01
287492,Olivera,Madeira,Staff,1995-06-19,2002-06-19
287503,Akeel,Swiler,Engineer,1991-01-17,1998-01-17
287503,Akeel,Swiler,Senior Engineer,1998-01-17,9999-01-01
287531,Manton,Dulli,Assistant Engineer,1993-01-30,2002-01-30
287531,Manton,Dulli,Engineer,2002-01-30,9999-01-01
287536,Bedrich,Kushnir,Senior Staff,1991-10-01,9999-01-01
287548,Wojceich,Maierhofer,Engineer,1998-01-10,9999-01-01
287553,Khatoun,Zeilberger,Engineer,1986-01-31,1994-01-31
287553,Khatoun,Zeilberger,Senior Engineer,1994-01-31,9999-01-01
287562,Huai,Himler,Engineer,1999-01-12,9999-01-01
287567,Hongzue,Manders,Technique Leader,1989-11-19,9999-01-01
287569,Marla,Gimbel,Engineer,1991-11-29,1998-11-29
287569,Marla,Gimbel,Senior Engineer,1998-11-29,9999-01-01
287570,Fumitaka,Luce,Senior Staff,1993-05-01,1997-06-29
287570,Fumitaka,Luce,Staff,1985-05-01,1993-05-01
287607,Shakhar,Waeselynck,Engineer,1986-07-19,1994-07-19
287607,Shakhar,Waeselynck,Senior Engineer,1994-07-19,9999-01-01
287614,Mountaz,Molenaar,Senior Staff,1993-09-05,9999-01-01
287614,Mountaz,Molenaar,Staff,1986-09-05,1993-09-05
287618,Avishai,Callaway,Engineer,1995-04-28,2002-06-22
287621,Reinhold,Bondorf,Engineer,1995-11-03,9999-01-01
287626,Giri,Merro,Senior Engineer,1986-05-11,9999-01-01
287631,Margareta,Danley,Engineer,1991-11-03,1999-11-03
287631,Margareta,Danley,Senior Engineer,1999-11-03,9999-01-01
287634,Zine,Edelhoff,Senior Engineer,1987-10-17,2000-06-04
287683,Shridhar,Benner,Staff,1998-05-10,9999-01-01
287697,Sumant,Eiter,Senior Staff,1989-07-10,9999-01-01
287701,Navid,Spataro,Senior Engineer,1993-08-06,1999-11-17
287733,Shietung,Socorro,Senior Staff,2001-08-29,9999-01-01
287733,Shietung,Socorro,Staff,1992-08-29,2001-08-29
287765,Rasikan,Driscoll,Senior Engineer,1996-01-08,9999-01-01
287794,Sailaja,Lindqvist,Engineer,1991-09-21,2000-09-20
287794,Sailaja,Lindqvist,Senior Engineer,2000-09-20,9999-01-01
287807,Volkmar,Czap,Engineer,1987-04-10,1993-04-09
287807,Volkmar,Czap,Senior Engineer,1993-04-09,9999-01-01
287821,Reuven,Birnbaum,Engineer,1998-12-08,9999-01-01
287846,Gudjon,Marchesini,Staff,1989-02-02,1991-01-23
287855,Weiru,Facello,Senior Staff,2001-05-30,9999-01-01
287855,Weiru,Facello,Staff,1996-05-30,2001-05-30
287869,Nahid,Asmuth,Assistant Engineer,1986-12-28,1992-12-27
287869,Nahid,Asmuth,Engineer,1992-12-27,1998-12-27
287869,Nahid,Asmuth,Senior Engineer,1998-12-27,9999-01-01
287871,Brewster,Puppo,Assistant Engineer,1988-12-23,1992-11-11
287874,Alenka,Stamatiou,Engineer,1991-08-08,1996-08-07
287874,Alenka,Stamatiou,Senior Engineer,1996-08-07,9999-01-01
287888,Martins,Murrill,Engineer,1998-09-17,9999-01-01
287905,Sailaja,Menyhert,Staff,1998-06-13,1998-12-30
287933,Cedric,Deverell,Assistant Engineer,1999-09-03,9999-01-01
287953,Nalini,Hambrick,Senior Staff,1995-08-24,9999-01-01
287953,Nalini,Hambrick,Staff,1988-08-23,1995-08-24
287964,Nagui,Iwayama,Engineer,1996-07-21,9999-01-01
287968,Phillip,Businaro,Engineer,1998-03-10,9999-01-01
288015,Qiwen,Neiman,Engineer,1994-03-05,9999-01-01
288018,Marke,Peltason,Senior Engineer,1986-04-12,9999-01-01
288033,Valery,Millington,Senior Staff,1992-08-13,9999-01-01
288035,Weidon,Besancenot,Engineer,1995-08-12,9999-01-01
288062,Samphel,Miake,Staff,1999-09-11,9999-01-01
288068,Fatemeh,Pintelas,Engineer,1999-09-27,9999-01-01
288086,Dharmaraja,Hemaspaandra,Senior Staff,1994-11-25,9999-01-01
288086,Dharmaraja,Hemaspaandra,Staff,1988-11-25,1994-11-25
288094,Moon,Zaccaria,Senior Staff,1990-05-21,1990-09-20
288094,Moon,Zaccaria,Staff,1985-05-21,1990-05-21
288098,Stevo,Marletta,Staff,1995-09-20,9999-01-01
288112,Branimir,Bodoff,Senior Staff,1995-05-21,9999-01-01
288112,Branimir,Bodoff,Staff,1989-05-21,1995-05-21
288124,Bowen,Steenbeek,Senior Staff,1995-02-18,9999-01-01
288124,Bowen,Steenbeek,Staff,1988-02-18,1995-02-18
288130,Zhanqiu,Jervis,Senior Staff,1990-10-10,9999-01-01
288133,Eran,Conti,Senior Staff,1996-03-16,9999-01-01
288135,Houman,Atrawala,Engineer,1996-02-28,2002-02-27
288135,Houman,Atrawala,Senior Engineer,2002-02-27,9999-01-01
288159,Denny,Barriga,Engineer,1994-04-12,1999-04-12
288159,Denny,Barriga,Senior Engineer,1999-04-12,9999-01-01
288199,Dinkar,Heusch,Senior Staff,1994-02-26,9999-01-01
288199,Dinkar,Heusch,Staff,1987-02-26,1994-02-26
288204,Tzu,Shinomoto,Senior Staff,1985-07-02,1997-01-27
288205,Cristinel,Kenevan,Engineer,1994-04-08,2000-04-07
288205,Cristinel,Kenevan,Senior Engineer,2000-04-07,9999-01-01
288219,Jaihie,Thebaut,Engineer,1994-07-27,1999-07-27
288219,Jaihie,Thebaut,Senior Engineer,1999-07-27,9999-01-01
288227,Luise,Nannarelli,Engineer,1991-01-14,1998-01-14
288227,Luise,Nannarelli,Senior Engineer,1998-01-14,9999-01-01
288237,Hein,Vrecion,Engineer,1990-07-20,1998-07-20
288237,Hein,Vrecion,Senior Engineer,1998-07-20,9999-01-01
288256,Yongqiao,DuCasse,Engineer,1988-01-24,1995-01-24
288256,Yongqiao,DuCasse,Senior Engineer,1995-01-24,9999-01-01
288316,Marco,Rissland,Engineer,1998-05-12,9999-01-01
288346,Gudjon,Potthoff,Senior Staff,1999-05-27,9999-01-01
288346,Gudjon,Potthoff,Staff,1990-05-27,1999-05-27
288349,Anwar,Honiden,Senior Staff,1998-04-22,9999-01-01
288349,Anwar,Honiden,Staff,1991-04-22,1998-04-22
288365,Atilio,Peyn,Engineer,1994-11-15,2001-11-15
288365,Atilio,Peyn,Senior Engineer,2001-11-15,9999-01-01
288397,Paraskevi,Sommer,Senior Staff,1998-07-22,9999-01-01
288397,Paraskevi,Sommer,Staff,1991-07-22,1998-07-22
288398,Hitofumi,Schiper,Senior Staff,1994-05-21,9999-01-01
288398,Hitofumi,Schiper,Staff,1989-05-21,1994-05-21
288405,Weiru,Grabner,Engineer,1989-02-20,1995-02-20
288405,Weiru,Grabner,Senior Engineer,1995-02-20,9999-01-01
288413,Giao,Morton,Engineer,1988-09-16,1996-09-16
288413,Giao,Morton,Senior Engineer,1996-09-16,9999-01-01
288427,Muneo,Zaccaria,Engineer,1991-03-17,1996-03-16
288427,Muneo,Zaccaria,Senior Engineer,1996-03-16,2000-01-19
288443,Shen,Azumi,Senior Staff,2000-05-21,9999-01-01
288443,Shen,Azumi,Staff,1993-05-21,2000-05-21
288451,Ugo,Pardalos,Assistant Engineer,1989-06-10,1995-06-10
288451,Ugo,Pardalos,Engineer,1995-06-10,2001-06-09
288451,Ugo,Pardalos,Senior Engineer,2001-06-09,9999-01-01
288463,Godehard,Ferretti,Engineer,1997-04-22,9999-01-01
288466,Seshu,Hertweck,Senior Engineer,1999-11-09,9999-01-01
288476,Golgen,Lally,Engineer,1990-09-27,1996-09-26
288476,Golgen,Lally,Senior Engineer,1996-09-26,9999-01-01
288479,Kristof,Vieth,Staff,1996-10-11,9999-01-01
288487,Niclas,Rosaz,Engineer,1992-07-11,1997-07-11
288487,Niclas,Rosaz,Senior Engineer,1997-07-11,9999-01-01
288501,Tianruo,Morris,Senior Engineer,1996-08-09,9999-01-01
288510,Jiafu,Velasco,Senior Staff,1997-08-20,9999-01-01
288510,Jiafu,Velasco,Staff,1990-08-20,1997-08-20
288519,Sverrir,Peir,Engineer,1991-02-12,1997-02-11
288519,Sverrir,Peir,Senior Engineer,1997-02-11,9999-01-01
288524,Yongmao,Pokrovskii,Staff,1999-01-07,9999-01-01
288548,Jianhao,Parfitt,Engineer,1997-02-11,2001-03-03
288600,Jeanne,Alameldin,Engineer,1990-03-07,1995-03-07
288600,Jeanne,Alameldin,Senior Engineer,1995-03-07,1996-03-03
288605,Jiann,Gewali,Senior Staff,1995-06-13,9999-01-01
288605,Jiann,Gewali,Staff,1988-06-12,1995-06-13
288607,Zeydy,Birrer,Engineer,1985-12-20,1987-10-05
288621,Kenroku,Lanteri,Senior Engineer,1996-07-11,9999-01-01
288623,Falguni,Kragelund,Technique Leader,1990-04-29,9999-01-01
288636,Shichao,Keustermans,Engineer,1999-03-09,1999-06-12
288662,Lijie,Ramsay,Senior Staff,1998-08-13,9999-01-01
288662,Lijie,Ramsay,Staff,1991-08-13,1998-08-13
288700,Junichi,Auria,Engineer,1986-02-17,1994-02-17
288700,Junichi,Auria,Senior Engineer,1994-02-17,9999-01-01
288718,Yongqiao,Erde,Engineer,1992-08-13,1998-08-13
288718,Yongqiao,Erde,Senior Engineer,1998-08-13,9999-01-01
288728,Supot,Sifakis,Senior Engineer,1990-09-18,9999-01-01
288744,Haldun,Merkl,Senior Staff,2000-11-30,9999-01-01
288744,Haldun,Merkl,Staff,1994-12-01,2000-11-30
288749,Surveyors,Trumbly,Senior Staff,1996-11-23,9999-01-01
288769,Shim,McDermid,Senior Engineer,1995-06-21,9999-01-01
288778,Shaleah,Daescu,Technique Leader,1999-11-16,9999-01-01
288780,Collette,Fioravanti,Engineer,1991-09-14,1998-09-14
288780,Collette,Fioravanti,Senior Engineer,1998-09-14,9999-01-01
288809,Bingning,Itzfeldt,Senior Engineer,1990-06-03,9999-01-01
288818,Jackson,Chinal,Senior Staff,1994-01-24,9999-01-01
288818,Jackson,Chinal,Staff,1986-01-24,1994-01-24
288821,Elgin,Attimonelli,Senior Engineer,1990-08-24,9999-01-01
288827,Yurii,Heering,Senior Staff,1994-12-22,9999-01-01
288834,Muzhong,Gaughan,Staff,1998-10-24,9999-01-01
288849,Toney,Perna,Senior Staff,1992-03-15,9999-01-01
288856,Elvis,Zweizig,Senior Engineer,1991-06-08,9999-01-01
288860,Vishv,Nivat,Engineer,1995-09-09,9999-01-01
288891,Sajjad,Ulupinar,Engineer,1997-06-05,9999-01-01
288892,Sampalli,Narlikar,Staff,1999-10-16,2000-01-01
288898,Renee,Ranka,Engineer,1997-06-13,1999-01-24
288902,Mario,Hiltgen,Engineer,1998-04-02,9999-01-01
288929,Izaskun,Pileggi,Senior Staff,1997-07-26,9999-01-01
288929,Izaskun,Pileggi,Staff,1991-07-27,1997-07-26
288935,Bedrich,Pleszkun,Senior Staff,2001-08-15,9999-01-01
288935,Bedrich,Pleszkun,Staff,1995-08-16,2001-08-15
288936,Susumu,Dulin,Senior Staff,1994-04-20,9999-01-01
288936,Susumu,Dulin,Staff,1985-04-20,1994-04-20
288958,Irene,Kumaresan,Engineer,1999-02-22,9999-01-01
289004,Jeanne,Kornatzky,Senior Staff,2002-03-24,9999-01-01
289004,Jeanne,Kornatzky,Staff,1996-03-24,2002-03-24
289006,Gio,Syrotiuk,Engineer,1986-11-28,1995-11-28
289006,Gio,Syrotiuk,Senior Engineer,1995-11-28,9999-01-01
289021,Danco,Bael,Engineer,1995-12-21,1996-08-04
289044,Adel,Teitelbaum,Engineer,1994-07-26,2001-07-26
289044,Adel,Teitelbaum,Senior Engineer,2001-07-26,9999-01-01
289050,Tayeb,Peltason,Senior Staff,1993-03-28,1995-04-30
289062,Basant,Klerer,Engineer,1993-02-14,1993-07-06
289068,Arvind,Rousseau,Senior Staff,1999-12-07,9999-01-01
289068,Arvind,Rousseau,Staff,1991-12-07,1999-12-07
289087,Seshu,Hooghiemstra,Engineer,1998-04-08,9999-01-01
289099,Yahiko,Bennet,Senior Staff,1990-04-13,9999-01-01
289104,Sashi,Poujol,Engineer,1989-11-10,1996-06-10
289116,Toshiko,Marchesini,Engineer,1987-12-11,1994-12-11
289116,Toshiko,Marchesini,Senior Engineer,1994-12-11,9999-01-01
289119,Mabry,Braunmuhl,Senior Staff,2000-11-05,2001-10-23
289119,Mabry,Braunmuhl,Staff,1991-11-06,2000-11-05
289139,Yishai,Marchesini,Engineer,1997-10-09,9999-01-01
289142,Duangkaew,Garnham,Engineer,1997-02-15,2002-02-15
289142,Duangkaew,Garnham,Senior Engineer,2002-02-15,9999-01-01
289149,Debatosh,Porotnikoff,Technique Leader,1997-09-19,9999-01-01
289155,Mohammed,Axelband,Senior Staff,1995-01-02,9999-01-01
289192,Mack,Sadowsky,Senior Staff,1992-05-28,9999-01-01
289205,Ewing,Koshiba,Engineer,1996-03-20,2002-03-20
289205,Ewing,Koshiba,Senior Engineer,2002-03-20,9999-01-01
289207,Tommaso,Hiraishi,Engineer,1992-01-27,1998-01-26
289207,Tommaso,Hiraishi,Senior Engineer,1998-01-26,9999-01-01
289230,Hsiangchu,Monarch,Engineer,1995-10-03,2000-05-06
289233,Herb,Linnainmaa,Senior Staff,1999-02-11,9999-01-01
289233,Herb,Linnainmaa,Staff,1994-02-11,1999-02-11
289235,Hinrich,Egerstedt,Engineer,1994-05-01,2000-04-30
289235,Hinrich,Egerstedt,Senior Engineer,2000-04-30,9999-01-01
289250,Branimir,Schoegge,Senior Staff,1985-12-19,9999-01-01
289252,Remko,Kieras,Staff,1991-02-23,1997-06-16
289260,Emran,Kroon,Staff,1998-09-29,9999-01-01
289276,Boutros,Kusakabe,Senior Staff,1996-08-02,9999-01-01
289276,Boutros,Kusakabe,Staff,1990-08-03,1996-08-02
289315,Fai,Saoudi,Staff,1994-12-04,9999-01-01
289317,Shrikanth,Munos,Staff,1997-03-11,9999-01-01
289325,Mingzeng,Kitai,Senior Engineer,1996-04-03,2000-01-24
289338,Jackson,Facello,Engineer,1992-07-29,1999-07-30
289338,Jackson,Facello,Senior Engineer,1999-07-30,9999-01-01
289339,Shaowei,Antonisse,Senior Staff,1991-08-24,9999-01-01
289339,Shaowei,Antonisse,Staff,1985-08-24,1991-08-24
289343,Alenka,Awdeh,Engineer,1997-03-31,9999-01-01
289359,Florian,Mawatari,Senior Engineer,1988-09-06,9999-01-01
289374,Lansing,Picel,Senior Staff,1998-10-27,9999-01-01
289374,Lansing,Picel,Staff,1992-10-27,1998-10-27
289379,Chaitali,Asrin,Staff,1991-03-22,1994-09-25
289403,Ramya,Valiente,Senior Staff,1995-10-20,9999-01-01
289403,Ramya,Valiente,Staff,1987-10-20,1995-10-20
289414,Kyoichi,Siegrist,Senior Staff,2002-04-20,9999-01-01
289414,Kyoichi,Siegrist,Staff,1994-04-20,2002-04-20
289417,Anneli,Porotnikoff,Senior Staff,1995-03-16,9999-01-01
289423,Kasturi,Verhaegen,Engineer,1999-12-14,9999-01-01
289429,Miquel,Montemayor,Senior Engineer,1988-05-14,9999-01-01
289449,Sugwoo,Siegrist,Technique Leader,1994-11-26,9999-01-01
289488,Pramod,Candan,Engineer,1991-10-11,1999-10-11
289488,Pramod,Candan,Senior Engineer,1999-10-11,9999-01-01
289527,Serap,Chenoweth,Senior Staff,1994-07-06,9999-01-01
289538,Mrinalini,Haddadi,Assistant Engineer,1996-05-01,9999-01-01
289544,Ramalingam,Wilfing,Engineer,1985-12-30,1993-12-30
289544,Ramalingam,Wilfing,Senior Engineer,1993-12-30,9999-01-01
289545,Quingbo,Alvarado,Senior Staff,2001-01-29,9999-01-01
289545,Quingbo,Alvarado,Staff,1992-01-30,2001-01-29
289578,Sungwon,Lindqvist,Engineer,1996-01-30,9999-01-01
289584,Filipe,Staelin,Staff,1997-12-29,9999-01-01
289617,Almudena,Eastman,Senior Staff,2001-11-20,9999-01-01
289617,Almudena,Eastman,Staff,1994-11-20,2001-11-20
289620,Atreyi,Rousseau,Staff,1986-04-13,1988-12-23
289630,Yongdong,Dolinsky,Senior Staff,1994-07-05,9999-01-01
289630,Yongdong,Dolinsky,Staff,1985-07-05,1994-07-05
289648,True,Hiroyama,Staff,1998-08-29,2001-07-05
289651,Eckart,Vickson,Senior Staff,1994-11-23,9999-01-01
289692,Ekawit,Muniz,Senior Staff,1994-10-10,9999-01-01
289692,Ekawit,Muniz,Staff,1989-10-10,1994-10-10
289694,Moon,McFarlin,Engineer,1988-12-20,1997-12-20
289694,Moon,McFarlin,Senior Engineer,1997-12-20,2002-06-19
289729,Tsutomu,Speer,Staff,1997-08-14,9999-01-01
289735,Florina,Baezner,Senior Staff,1994-05-02,9999-01-01
289735,Florina,Baezner,Staff,1987-05-02,1994-05-02
289743,Djenana,Sidje,Senior Staff,1995-12-16,9999-01-01
289743,Djenana,Sidje,Staff,1989-12-16,1995-12-16
289747,Alagu,Casperson,Senior Staff,1999-08-02,9999-01-01
289773,Marie,Ranze,Engineer,1999-09-23,9999-01-01
289779,Zsolt,Tramer,Engineer,1992-10-01,1998-10-01
289779,Zsolt,Tramer,Senior Engineer,1998-10-01,9999-01-01
289818,Ashish,Boguraev,Senior Staff,1995-10-12,9999-01-01
289818,Ashish,Boguraev,Staff,1989-10-12,1995-10-12
289830,Gil,Kalefeld,Engineer,1989-03-02,1995-03-02
289830,Gil,Kalefeld,Senior Engineer,1995-03-02,9999-01-01
289833,Giao,Camurati,Engineer,1985-06-09,1994-06-09
289833,Giao,Camurati,Senior Engineer,1994-06-09,9999-01-01
289836,Goo,Szilard,Assistant Engineer,1994-03-06,1999-03-06
289836,Goo,Szilard,Engineer,1999-03-06,9999-01-01
289866,Pintsang,Granlund,Engineer,1999-04-21,9999-01-01
289871,Perla,Ecklund,Senior Staff,1992-05-06,9999-01-01
289871,Perla,Ecklund,Staff,1986-05-07,1992-05-06
289875,Mong,Kuzuoka,Assistant Engineer,1987-05-07,1994-05-07
289875,Mong,Kuzuoka,Engineer,1994-05-07,2001-05-07
289875,Mong,Kuzuoka,Senior Engineer,2001-05-07,9999-01-01
289876,Mary,Rabejac,Senior Engineer,1997-03-07,9999-01-01
289898,Manohar,McConalogue,Staff,1999-03-20,9999-01-01
289899,Maria,Picci,Staff,1999-10-01,9999-01-01
289902,Atilio,Peir,Engineer,1996-01-05,9999-01-01
289911,Jayesh,Puoti,Senior Staff,1986-06-11,9999-01-01
289930,Monique,Brookman,Senior Staff,1999-04-28,9999-01-01
289930,Monique,Brookman,Staff,1991-04-28,1999-04-28
289931,Maja,Jansch,Engineer,1992-04-12,1998-04-12
289931,Maja,Jansch,Senior Engineer,1998-04-12,9999-01-01
289941,Shuji,Sudkamp,Senior Staff,1992-01-24,9999-01-01
289941,Shuji,Sudkamp,Staff,1986-01-24,1992-01-24
289955,Shridhar,DuBourdieux,Staff,1999-04-12,2000-02-29
289963,Kwee,Bondorf,Senior Staff,1999-09-08,1999-11-17
289966,Berna,Stafford,Senior Staff,1999-06-01,9999-01-01
289966,Berna,Stafford,Staff,1991-06-01,1999-06-01
289985,Alper,Streit,Senior Staff,1992-08-01,9999-01-01
290016,Jenwei,Hettesheimer,Engineer,1996-09-11,9999-01-01
290018,Mang,Felcyn,Staff,1996-07-09,9999-01-01
290025,Krisda,Anido,Assistant Engineer,1997-10-17,9999-01-01
290031,Goa,Kugler,Assistant Engineer,1997-09-18,9999-01-01
290034,Mohammad,Erman,Engineer,1996-04-30,2002-04-30
290034,Mohammad,Erman,Senior Engineer,2002-04-30,9999-01-01
290036,Lansing,Schrooten,Assistant Engineer,1994-11-22,9999-01-01
290038,Vishwani,Swen,Engineer,1997-09-09,9999-01-01
290041,Paraskevi,Validov,Senior Staff,2001-11-13,9999-01-01
290041,Paraskevi,Validov,Staff,1993-11-13,2001-11-13
290043,Ramachenga,Krichel,Senior Engineer,1990-11-23,1998-01-22
290047,Mitsuyuki,Joslin,Engineer,1985-09-30,1990-09-30
290047,Mitsuyuki,Joslin,Senior Engineer,1990-09-30,9999-01-01
290049,Xiaopeng,Luff,Assistant Engineer,1988-10-14,1993-10-14
290049,Xiaopeng,Luff,Engineer,1993-10-14,1998-10-14
290049,Xiaopeng,Luff,Senior Engineer,1998-10-14,9999-01-01
290051,Tremaine,Emden,Senior Staff,1996-10-12,1999-05-07
290051,Tremaine,Emden,Staff,1990-10-13,1996-10-12
290054,Fan,Borstler,Staff,1998-07-24,9999-01-01
290059,Subbu,Fordan,Senior Staff,1993-01-20,9999-01-01
290059,Subbu,Fordan,Staff,1987-01-21,1993-01-20
290091,Sanjay,Sevcikova,Technique Leader,1995-09-24,9999-01-01
290126,Ishfaq,Veccia,Engineer,1995-11-02,1996-01-25
290133,Parke,Cusworth,Senior Staff,1992-10-15,9999-01-01
290137,Joydip,Rahimi,Engineer,1990-01-29,1995-01-29
290137,Joydip,Rahimi,Senior Engineer,1995-01-29,9999-01-01
290152,Kousuke,Shanbhogue,Senior Staff,1988-08-16,9999-01-01
290163,Huiqun,Facello,Engineer,1995-02-04,1998-01-12
290188,Ravishankar,Hellwagner,Senior Staff,1993-04-22,9999-01-01
290188,Ravishankar,Hellwagner,Staff,1985-04-22,1993-04-22
290192,Jouni,Boreale,Engineer,1986-12-30,1992-12-29
290192,Jouni,Boreale,Senior Engineer,1992-12-29,9999-01-01
290197,Ung,Seuren,Staff,1998-02-28,9999-01-01
290199,Jungsoon,Kushnir,Engineer,1999-12-09,9999-01-01
290211,Howell,Andreotta,Engineer,1988-01-03,1991-04-19
290229,Saniya,Garnier,Staff,1999-01-15,9999-01-01
290240,Luerbio,Ciolek,Engineer,1996-05-22,2000-09-21
290291,Prodip,Janocha,Senior Staff,1998-03-26,1999-02-05
290306,Indrajit,Velasco,Engineer,1986-05-17,1991-05-17
290306,Indrajit,Velasco,Senior Engineer,1991-05-17,9999-01-01
290324,Luerbio,Kadhim,Engineer,1996-10-08,9999-01-01
290331,Huei,Radhakrishnan,Senior Staff,1996-06-18,9999-01-01
290331,Huei,Radhakrishnan,Staff,1988-06-18,1996-06-18
290347,Chinya,Wegerle,Senior Engineer,1989-06-15,1997-08-24
290351,Shrikanth,Anick,Technique Leader,1993-01-30,9999-01-01
290358,Jasminko,Reghbati,Senior Staff,1998-03-20,9999-01-01
290358,Jasminko,Reghbati,Staff,1990-03-20,1998-03-20
290371,Woody,Kandlur,Senior Staff,1999-02-24,9999-01-01
290371,Woody,Kandlur,Staff,1990-02-24,1999-02-24
290409,Sachio,Klerer,Senior Engineer,1986-04-21,9999-01-01
290412,Doohun,Binding,Senior Engineer,1990-09-30,9999-01-01
290426,Kinh,Fendler,Senior Staff,1992-01-31,1996-07-16
290430,Adly,Narlikar,Engineer,1994-01-15,2001-01-15
290430,Adly,Narlikar,Senior Engineer,2001-01-15,9999-01-01
290435,Souichi,Kowalchuk,Senior Staff,1993-03-27,9999-01-01
290435,Souichi,Kowalchuk,Staff,1986-03-27,1993-03-27
290450,Sachem,Angiulli,Senior Engineer,1996-01-27,9999-01-01
290472,Adin,Harnett,Technique Leader,1986-11-25,1995-02-23
290484,Aria,Montemayor,Senior Engineer,1990-12-12,9999-01-01
290489,Parke,Emmerich,Senior Staff,1990-11-16,9999-01-01
290490,Reuven,Schlegelmilch,Assistant Engineer,1998-10-28,9999-01-01
290497,Heon,Braccini,Engineer,1998-12-09,9999-01-01
290508,Yuuichi,Sifakis,Senior Staff,1999-07-29,9999-01-01
290508,Yuuichi,Sifakis,Staff,1992-07-28,1999-07-29
290528,Mayuko,Akaboshi,Senior Staff,1987-05-25,9999-01-01
290554,Shaowei,Bruckman,Assistant Engineer,1986-10-27,1994-10-27
290554,Shaowei,Bruckman,Engineer,1994-10-27,9999-01-01
290557,Abdelkader,Ranum,Senior Engineer,1995-05-09,1996-10-14
290569,Emran,Shackell,Assistant Engineer,1985-12-21,1994-12-21
290569,Emran,Shackell,Engineer,1994-12-21,9999-01-01
290570,Alagu,Wissmann,Senior Staff,1999-12-03,9999-01-01
290596,Pascal,Benner,Senior Engineer,1995-11-08,9999-01-01
290611,Kiyokazu,Baer,Senior Staff,1996-04-10,9999-01-01
290611,Kiyokazu,Baer,Staff,1987-04-11,1996-04-10
290621,Masoud,Peek,Engineer,1993-01-20,1999-01-20
290621,Masoud,Peek,Senior Engineer,1999-01-20,9999-01-01
290642,Gregory,Braunschweig,Senior Staff,1998-08-04,9999-01-01
290642,Gregory,Braunschweig,Staff,1992-08-04,1998-08-04
290652,Woody,Hiyoshi,Senior Staff,1995-07-11,1995-09-07
290658,Zita,Azulay,Engineer,1994-10-01,1998-09-21
290677,Amalendu,Katiyar,Senior Staff,1986-11-11,1996-08-17
290698,Kazuhide,Gimarc,Senior Staff,1987-04-29,9999-01-01
290701,Behnaam,Wursthorn,Assistant Engineer,1994-02-06,1994-11-20
290703,Stabislas,Griswold,Technique Leader,1988-06-25,9999-01-01
290705,Gonzalo,Molenaar,Engineer,1990-04-15,1997-04-15
290705,Gonzalo,Molenaar,Senior Engineer,1997-04-15,9999-01-01
290711,Christfried,Muhlberg,Senior Staff,1996-07-14,9999-01-01
290711,Christfried,Muhlberg,Staff,1988-07-14,1996-07-14
290736,Eirik,Argence,Engineer,1993-08-16,2001-08-16
290736,Eirik,Argence,Senior Engineer,2001-08-16,9999-01-01
290740,Baocai,Lamma,Engineer,1986-02-18,1993-02-18
290740,Baocai,Lamma,Senior Engineer,1993-02-18,9999-01-01
290747,Gritta,Pelz,Engineer,1998-09-07,2000-09-01
290752,Gaurav,Gewali,Engineer,1994-03-01,1996-05-21
290754,Mizuhito,Merle,Engineer,1997-04-02,1998-05-20
290764,Jacopo,Iisaka,Engineer,1999-06-01,9999-01-01
290781,Gio,Kawashima,Staff,1998-09-17,9999-01-01
290790,Fabrizio,Bolsens,Engineer,1991-10-14,2000-10-13
290790,Fabrizio,Bolsens,Senior Engineer,2000-10-13,9999-01-01
290791,Apostol,Lorie,Staff,2000-01-11,9999-01-01
290792,Sanjai,Lamba,Technique Leader,1991-02-08,9999-01-01
290817,Tetsushi,Bahk,Engineer,1987-02-14,1995-02-14
290817,Tetsushi,Bahk,Senior Engineer,1995-02-14,9999-01-01
290821,Qingxiang,Schueller,Senior Staff,1991-06-14,9999-01-01
290821,Qingxiang,Schueller,Staff,1986-06-14,1991-06-14
290822,Duro,Kading,Senior Engineer,1998-05-18,9999-01-01
290837,Subhrajyoti,Narlikar,Engineer,1990-12-16,1997-12-16
290837,Subhrajyoti,Narlikar,Senior Engineer,1997-12-16,2000-10-27
290838,Adly,Trystram,Senior Staff,2000-03-05,9999-01-01
290838,Adly,Trystram,Staff,1993-03-05,2000-03-05
290845,Magy,Lambe,Senior Staff,2002-07-01,9999-01-01
290845,Magy,Lambe,Staff,1995-07-01,2002-07-01
290858,Khatoun,Ferriere,Senior Staff,1991-11-25,9999-01-01
290897,Sachin,Fritzsche,Senior Staff,2000-01-14,9999-01-01
290897,Sachin,Fritzsche,Staff,1992-01-14,2000-01-14
290929,Danco,Siegrist,Senior Engineer,1986-10-01,9999-01-01
290930,Gao,Steenbeek,Senior Staff,2002-04-11,9999-01-01
290930,Gao,Steenbeek,Staff,1994-04-11,2002-04-11
290937,Youngkon,Reinhart,Engineer,1988-10-23,1993-10-23
290937,Youngkon,Reinhart,Senior Engineer,1993-10-23,9999-01-01
290942,Turgut,Poulakidas,Senior Staff,2000-03-02,9999-01-01
290942,Turgut,Poulakidas,Staff,1992-03-02,2000-03-02
290960,Takushi,Sidje,Engineer,1988-02-08,1993-02-07
290960,Takushi,Sidje,Senior Engineer,1993-02-07,9999-01-01
290975,Sadegh,Shumilov,Senior Engineer,1991-09-10,9999-01-01
290979,Ayonca,Holburn,Engineer,1987-06-14,1994-06-14
290979,Ayonca,Holburn,Senior Engineer,1994-06-14,1999-07-18
290987,Mechthild,Thiran,Assistant Engineer,1987-08-13,1993-08-12
290987,Mechthild,Thiran,Engineer,1993-08-12,1999-08-12
290987,Mechthild,Thiran,Senior Engineer,1999-08-12,9999-01-01
291000,Dhritiman,Beeson,Engineer,1993-02-24,2000-02-25
291000,Dhritiman,Beeson,Senior Engineer,2000-02-25,9999-01-01
291041,Kyoichi,Iacovou,Assistant Engineer,1986-08-21,1992-08-20
291041,Kyoichi,Iacovou,Engineer,1992-08-20,1998-08-20
291041,Kyoichi,Iacovou,Senior Engineer,1998-08-20,9999-01-01
291048,Kotesh,Plavsic,Engineer,1987-08-07,1989-08-10
291061,Aksel,Litzler,Engineer,1994-11-18,2001-11-18
291061,Aksel,Litzler,Senior Engineer,2001-11-18,9999-01-01
291083,Mingdong,Vural,Engineer,1990-09-25,1997-09-25
291083,Mingdong,Vural,Senior Engineer,1997-09-25,1999-11-09
291102,Goetz,Fontan,Engineer,1996-05-23,9999-01-01
291104,Eirik,Linares,Technique Leader,1985-02-19,2002-03-27
291120,Xuedong,Matzen,Staff,1994-09-22,9999-01-01
291132,Kaijung,Czap,Staff,1996-05-21,9999-01-01
291135,Deborah,Narwekar,Engineer,1991-08-16,2000-08-15
291135,Deborah,Narwekar,Senior Engineer,2000-08-15,2002-03-13
291136,Sivanarayana,Zaccaria,Technique Leader,1994-09-08,9999-01-01
291155,Temple,Brickell,Engineer,1991-01-12,1997-03-20
291158,Xuedong,Broder,Senior Engineer,1999-10-07,9999-01-01
291162,Hilari,Lakshmanan,Senior Engineer,1991-11-25,1995-11-05
291178,Basant,Farrel,Senior Staff,2002-05-10,9999-01-01
291178,Basant,Farrel,Staff,1995-05-10,2002-05-10
291194,Armond,Stranks,Engineer,1993-01-19,1998-01-19
291194,Armond,Stranks,Senior Engineer,1998-01-19,9999-01-01
291241,Masadi,Stifter,Senior Engineer,1993-11-22,9999-01-01
291251,Elvis,Simmen,Engineer,1986-08-31,1995-08-31
291251,Elvis,Simmen,Senior Engineer,1995-08-31,9999-01-01
291252,Kaijung,Birjandi,Staff,1999-11-25,9999-01-01
291282,Mohammed,Farrar,Staff,1996-08-27,9999-01-01
291303,Pasqua,Litzkow,Senior Staff,1998-02-07,9999-01-01
291303,Pasqua,Litzkow,Staff,1992-02-08,1998-02-07
291311,Adly,Hofman,Engineer,1995-10-03,2000-10-02
291311,Adly,Hofman,Senior Engineer,2000-10-02,9999-01-01
291315,Fan,Cincotta,Technique Leader,1999-11-18,2000-02-15
291320,Roddy,Bratsberg,Senior Staff,1999-03-04,1999-12-03
291365,Seongbin,Suermann,Senior Staff,1994-12-28,1996-07-20
291365,Seongbin,Suermann,Staff,1989-12-28,1994-12-28
291374,Masako,Perin,Staff,1999-07-23,9999-01-01
291425,Tze,McClure,Senior Staff,2000-09-26,9999-01-01
291425,Tze,McClure,Staff,1994-09-27,2000-09-26
291432,Snehasis,Lorcy,Engineer,1997-08-07,9999-01-01
291447,Unal,Lalonde,Engineer,1990-07-18,1999-07-18
291447,Unal,Lalonde,Senior Engineer,1999-07-18,9999-01-01
291465,Anyuan,Haldar,Senior Engineer,1988-04-12,9999-01-01
291467,Jianwen,Bisiani,Staff,1996-09-29,9999-01-01
291499,Kamran,Perez,Technique Leader,1994-11-20,9999-01-01
291513,Wuxu,Juneja,Engineer,1985-11-11,1992-11-11
291513,Wuxu,Juneja,Senior Engineer,1992-11-11,9999-01-01
291522,Lorien,Zirintsis,Senior Staff,1997-12-06,9999-01-01
291522,Lorien,Zirintsis,Staff,1991-12-07,1997-12-06
291526,Barry,Staelin,Senior Staff,1990-12-30,9999-01-01
291531,Palash,Muntz,Engineer,1987-11-12,1990-06-14
291546,Xiaoheng,Iisaku,Senior Staff,1998-07-18,9999-01-01
291546,Xiaoheng,Iisaku,Staff,1992-07-18,1998-07-18
291552,Palash,Porotnikoff,Staff,2000-01-01,9999-01-01
291561,Mohamadou,Lindenbaum,Engineer,1999-07-24,9999-01-01
291572,Quingbo,Bellmore,Engineer,1992-07-08,2000-07-08
291572,Quingbo,Bellmore,Senior Engineer,2000-07-08,9999-01-01
291602,Surveyors,Poulakidas,Engineer,1985-11-16,1992-11-16
291602,Surveyors,Poulakidas,Senior Engineer,1992-11-16,2001-01-11
291608,Gilbert,Preusig,Engineer,1993-09-01,9999-01-01
291611,Abdulla,Thisen,Engineer,1993-10-14,1998-10-14
291611,Abdulla,Thisen,Senior Engineer,1998-10-14,9999-01-01
291623,Garnik,Terwilliger,Engineer,1998-09-28,9999-01-01
291636,Indrajit,Czaja,Staff,1997-08-29,1999-03-20
291638,Kamakshi,Ossenbruggen,Assistant Engineer,1986-06-01,1992-05-31
291638,Kamakshi,Ossenbruggen,Engineer,1992-05-31,1998-05-31
291638,Kamakshi,Ossenbruggen,Senior Engineer,1998-05-31,9999-01-01
291641,Oldrich,Schmezko,Engineer,1992-07-25,1998-07-25
291641,Oldrich,Schmezko,Senior Engineer,1998-07-25,9999-01-01
291673,Bernt,Munck,Staff,1998-08-26,9999-01-01
291679,Leif,Ciolek,Engineer,1990-06-27,1997-06-27
291679,Leif,Ciolek,Senior Engineer,1997-06-27,9999-01-01
291680,Yuchang,Clouatre,Staff,1986-08-24,1987-11-11
291702,Soenke,Radwan,Technique Leader,1992-03-02,9999-01-01
291709,Wonhee,Duclos,Senior Staff,1995-07-13,9999-01-01
291709,Wonhee,Duclos,Staff,1987-07-13,1995-07-13
291730,Visit,Cromarty,Engineer,1996-05-13,9999-01-01
291738,Goncalo,Benzmuller,Senior Engineer,1987-08-24,1999-01-30
291741,Kauko,Lores,Engineer,1999-09-15,9999-01-01
291761,Kazuhiko,Waschkowski,Staff,1999-03-08,9999-01-01
291779,Shay,Pardalos,Senior Staff,2001-04-17,9999-01-01
291779,Shay,Pardalos,Staff,1994-04-17,2001-04-17
291782,Angel,Henders,Technique Leader,1993-02-10,9999-01-01
291842,Badri,Pehl,Senior Staff,1989-12-22,9999-01-01
291847,Bokyung,Eterovic,Senior Staff,1986-04-24,1990-01-21
291875,Lillian,Domenig,Engineer,1993-06-11,2001-06-11
291875,Lillian,Domenig,Senior Engineer,2001-06-11,9999-01-01
291914,Arup,Sadowsky,Senior Staff,2000-11-29,9999-01-01
291914,Arup,Sadowsky,Staff,1992-11-29,2000-11-29
291915,Rosita,Khalil,Technique Leader,1995-07-18,9999-01-01
291919,Morrie,Cannata,Senior Staff,1996-03-12,9999-01-01
291919,Morrie,Cannata,Staff,1991-03-13,1996-03-12
291923,Garnik,Beerel,Engineer,1987-08-11,1992-08-10
291923,Garnik,Beerel,Senior Engineer,1992-08-10,9999-01-01
291924,Taizo,Rossi,Engineer,1997-09-22,9999-01-01
291934,Jixiang,Perfilyeva,Engineer,1993-03-23,2002-03-23
291934,Jixiang,Perfilyeva,Senior Engineer,2002-03-23,9999-01-01
291937,Kerryn,Baik,Senior Engineer,1991-10-02,9999-01-01
291965,Kazuyasu,Bratsberg,Engineer,1990-08-21,1999-08-21
291965,Kazuyasu,Bratsberg,Senior Engineer,1999-08-21,9999-01-01
291975,Divier,Gubsky,Senior Staff,1997-12-15,9999-01-01
291975,Divier,Gubsky,Staff,1988-12-15,1997-12-15
291976,Feixiong,Grandbois,Senior Staff,1994-09-02,1998-05-05
291987,Giap,Soloway,Senior Staff,1991-09-07,9999-01-01
291987,Giap,Soloway,Staff,1985-09-07,1991-09-07
291991,Divier,Heping,Staff,1995-07-15,9999-01-01
292016,Yinlin,Linares,Senior Staff,1999-01-23,9999-01-01
292016,Yinlin,Linares,Staff,1993-01-23,1999-01-23
292035,Mayumi,Tsukune,Staff,1999-06-27,9999-01-01
292045,Peternela,Pargas,Senior Staff,2000-04-13,9999-01-01
292045,Peternela,Pargas,Staff,1994-04-14,2000-04-13
292051,Heeju,Jansen,Senior Staff,1988-11-29,9999-01-01
292082,Weidon,Asmuth,Engineer,1993-04-01,2002-04-01
292082,Weidon,Asmuth,Senior Engineer,2002-04-01,9999-01-01
292089,Ronghao,Lores,Engineer,1986-01-28,1992-01-28
292089,Ronghao,Lores,Senior Engineer,1992-01-28,9999-01-01
292099,Rance,Dredge,Senior Staff,1993-08-20,9999-01-01
292099,Rance,Dredge,Staff,1987-08-21,1993-08-20
292116,Francoise,Maliniak,Senior Staff,2001-05-25,9999-01-01
292116,Francoise,Maliniak,Staff,1992-05-25,2001-05-25
292132,Gao,Boyle,Engineer,1994-06-07,9999-01-01
292147,Weiye,Munck,Senior Staff,1995-07-12,9999-01-01
292147,Weiye,Munck,Staff,1989-07-12,1995-07-12
292159,Jenwei,Krybus,Engineer,1997-07-29,1998-06-13
292165,Nidapan,Falco,Senior Staff,2001-02-20,9999-01-01
292165,Nidapan,Falco,Staff,1996-02-21,2001-02-20
292166,Hyuckchul,Renear,Staff,1990-11-19,1993-08-03
292178,Valter,Vitiello,Technique Leader,1998-03-19,9999-01-01
292186,Vatsa,Jayawardene,Senior Staff,1997-07-06,9999-01-01
292186,Vatsa,Jayawardene,Staff,1991-07-07,1997-07-06
292188,Jiakeng,Segond,Senior Staff,1996-10-18,9999-01-01
292191,Radhia,Furedi,Staff,1998-01-08,9999-01-01
292211,Margareta,Brizzi,Senior Engineer,1989-07-05,9999-01-01
292220,Danny,Ouhyoung,Staff,1999-10-26,9999-01-01
292263,Licheng,Tasistro,Senior Staff,1997-06-28,9999-01-01
292263,Licheng,Tasistro,Staff,1992-06-28,1997-06-28
292267,Volkmar,Fetvedt,Engineer,1987-09-19,1994-09-19
292267,Volkmar,Fetvedt,Senior Engineer,1994-09-19,9999-01-01
292271,Susumu,Danley,Assistant Engineer,1996-08-10,9999-01-01
292284,Krisda,Lortz,Senior Staff,1998-08-18,9999-01-01
292284,Krisda,Lortz,Staff,1992-08-18,1998-08-18
292287,Martine,Pappas,Engineer,1988-11-21,1996-11-21
292287,Martine,Pappas,Senior Engineer,1996-11-21,9999-01-01
292304,Kirk,Molenkamp,Senior Engineer,1990-08-21,1997-02-28
292339,Phillip,Itschner,Assistant Engineer,1992-12-19,1999-12-20
292339,Phillip,Itschner,Engineer,1999-12-20,9999-01-01
292341,Sajjad,Huhdanpaa,Senior Staff,1991-07-29,9999-01-01
292341,Sajjad,Huhdanpaa,Staff,1986-07-29,1991-07-29
292350,Gio,Vrecion,Senior Staff,2001-09-21,9999-01-01
292350,Gio,Vrecion,Staff,1993-09-21,2001-09-21
292351,Shaunak,Gecsel,Assistant Engineer,1990-05-01,1996-04-30
292351,Shaunak,Gecsel,Engineer,1996-04-30,2002-04-30
292351,Shaunak,Gecsel,Senior Engineer,2002-04-30,9999-01-01
292354,Hirochika,Zweizig,Senior Engineer,1985-05-25,9999-01-01
292364,Gad,Itzigehl,Technique Leader,1999-11-16,2000-03-15
292376,Panayotis,Brlek,Engineer,1990-10-30,1995-10-30
292376,Panayotis,Brlek,Senior Engineer,1995-10-30,9999-01-01
292397,Seshu,Ariola,Engineer,1992-12-26,1999-12-12
292399,Susanne,Apsitis,Engineer,1987-12-14,1993-12-13
292399,Susanne,Apsitis,Senior Engineer,1993-12-13,9999-01-01
292445,Billur,Begiun,Senior Staff,2000-10-18,9999-01-01
292445,Billur,Begiun,Staff,1993-10-18,2000-10-18
292450,Larisa,Ernst,Engineer,1993-11-06,9999-01-01
292480,Frazer,Narlikar,Senior Staff,1999-05-15,9999-01-01
292480,Frazer,Narlikar,Staff,1994-05-15,1999-05-15
292481,Garnet,Otillio,Staff,1997-10-08,9999-01-01
292483,Masaki,Zallocco,Engineer,1993-05-25,1995-08-22
292496,Patricia,Gladwell,Engineer,1997-10-28,9999-01-01
292513,Jaewon,Landherr,Senior Staff,1998-08-22,9999-01-01
292513,Jaewon,Landherr,Staff,1992-08-22,1998-08-22
292542,Kerryn,Vitiello,Staff,1997-02-20,9999-01-01
292543,Oscal,Milicic,Technique Leader,1986-04-02,9999-01-01
292552,Make,Panwar,Engineer,1998-09-10,9999-01-01
292636,Kiam,Sabnani,Engineer,1993-07-27,2001-07-27
292636,Kiam,Sabnani,Senior Engineer,2001-07-27,9999-01-01
292649,Kiyokazu,Frolund,Technique Leader,1987-05-21,9999-01-01
292652,Mrinalini,Ellozy,Engineer,1998-07-03,9999-01-01
292674,Kwok,Vasanthakumar,Engineer,1996-03-05,1997-05-02
292680,Tran,Anick,Senior Staff,1993-09-01,9999-01-01
292680,Tran,Anick,Staff,1985-09-01,1993-09-01
292687,Chiranjit,Rosiles,Engineer,1993-08-04,9999-01-01
292706,Hugh,Kuhnemann,Staff,1990-11-13,1991-03-25
292720,Kendra,Ranon,Senior Engineer,1988-02-01,9999-01-01
292723,Jinpo,Miyakawa,Senior Staff,2001-01-15,9999-01-01
292723,Jinpo,Miyakawa,Staff,1995-01-16,2001-01-15
292724,Dayanand,Conia,Engineer,1992-07-14,1997-07-14
292724,Dayanand,Conia,Senior Engineer,1997-07-14,9999-01-01
292740,Debaprosad,Sadowski,Engineer,1988-03-03,1996-03-03
292740,Debaprosad,Sadowski,Senior Engineer,1996-03-03,1999-07-09
292761,Rafols,Juneja,Engineer,1985-02-06,1990-02-06
292761,Rafols,Juneja,Senior Engineer,1990-02-06,9999-01-01
292787,Sariel,Wielonsky,Staff,1998-11-16,9999-01-01
292799,Marek,Setia,Senior Staff,1996-11-18,9999-01-01
292799,Marek,Setia,Staff,1990-11-19,1996-11-18
292814,Byong,Merey,Staff,2000-01-28,9999-01-01
292823,Constantine,Asser,Senior Staff,1998-01-22,9999-01-01
292823,Constantine,Asser,Staff,1989-01-22,1998-01-22
292827,Unal,Socorro,Staff,2000-01-04,9999-01-01
292835,Lokesh,Peltason,Staff,1994-09-10,9999-01-01
292836,Odinaldo,Norsworthy,Engineer,1998-12-28,9999-01-01
292846,Anneli,Harllee,Engineer,1995-11-26,9999-01-01
292847,Mariusz,Birdsall,Engineer,1993-07-14,1998-03-24
292855,Rosalyn,Thiria,Senior Staff,2001-07-28,9999-01-01
292855,Rosalyn,Thiria,Staff,1996-07-28,2001-07-28
292865,Alain,Ranze,Staff,1991-10-17,1994-03-11
292871,Xuejun,Dichev,Senior Staff,1997-12-21,9999-01-01
292871,Xuejun,Dichev,Staff,1990-12-21,1997-12-21
292887,Qiwen,Bergere,Senior Staff,1992-10-18,9999-01-01
292887,Qiwen,Bergere,Staff,1987-10-19,1992-10-18
292889,Emdad,Khamsi,Senior Engineer,1997-06-12,9999-01-01
292900,Suzette,Kisuki,Engineer,1994-04-19,9999-01-01
292944,Yechezkel,Juneja,Senior Staff,1993-11-01,1999-04-16
292944,Yechezkel,Juneja,Staff,1988-11-01,1993-11-01
292946,Aksel,Chandrasekhar,Senior Engineer,1994-06-14,9999-01-01
292950,Khoa,Pluym,Engineer,1994-02-19,1999-02-19
292950,Khoa,Pluym,Senior Engineer,1999-02-19,9999-01-01
292958,Hercules,Luck,Engineer,1989-02-18,1998-02-18
292958,Hercules,Luck,Senior Engineer,1998-02-18,9999-01-01
292976,Pranay,Passino,Senior Staff,1999-02-24,9999-01-01
292976,Pranay,Passino,Staff,1991-02-24,1999-02-24
292988,Shimshon,Vural,Engineer,1999-10-30,2000-04-15
293014,Uzi,Danlos,Senior Staff,1994-08-11,9999-01-01
293014,Uzi,Danlos,Staff,1989-08-11,1994-08-11
293021,Teunis,Aamodt,Staff,1994-02-07,1997-04-29
293042,Shmuel,Herber,Engineer,1988-02-12,1996-02-12
293042,Shmuel,Herber,Senior Engineer,1996-02-12,2000-10-30
293056,Jagoda,Hoogerwoord,Senior Staff,2001-08-01,9999-01-01
293056,Jagoda,Hoogerwoord,Staff,1995-08-02,2001-08-01
293092,Baocai,Kroha,Senior Staff,1988-08-01,9999-01-01
293104,Hironobu,Lortz,Senior Staff,1992-11-03,9999-01-01
293110,Aluzio,Kakkar,Engineer,1999-10-28,9999-01-01
293140,Shimshon,Atrawala,Senior Staff,1994-08-18,9999-01-01
293140,Shimshon,Atrawala,Staff,1988-08-18,1994-08-18
293146,Jaewon,Gill,Senior Staff,1998-06-15,9999-01-01
293146,Jaewon,Gill,Staff,1991-06-15,1998-06-15
293151,Troy,Ballarin,Senior Staff,1993-01-05,9999-01-01
293152,Yonghoan,Denis,Engineer,1992-04-27,1995-05-12
293226,Vasilii,Besselaar,Engineer,1994-02-08,2001-11-21
293229,Aran,Dulay,Staff,1995-12-16,9999-01-01
293233,Flemming,Range,Engineer,1987-07-24,1993-07-23
293233,Flemming,Range,Senior Engineer,1993-07-23,9999-01-01
293245,Malu,Garnham,Engineer,1993-05-31,2000-05-31
293245,Malu,Garnham,Senior Engineer,2000-05-31,9999-01-01
293248,Pohua,Bade,Senior Staff,2001-12-02,9999-01-01
293248,Pohua,Bade,Staff,1994-12-02,2001-12-02
293257,Frazer,Rosenbaum,Engineer,1994-12-22,9999-01-01
293279,Fumitake,Bakhtari,Assistant Engineer,1990-06-15,1995-06-15
293279,Fumitake,Bakhtari,Engineer,1995-06-15,2000-06-14
293279,Fumitake,Bakhtari,Senior Engineer,2000-06-14,9999-01-01
293286,Conal,Azumi,Engineer,1997-10-31,2002-04-29
293292,Kish,Schwaller,Senior Engineer,1998-06-18,9999-01-01
293301,Aran,McClure,Senior Staff,1991-07-02,9999-01-01
293339,Heping,Speek,Senior Engineer,1989-12-22,9999-01-01
293348,Chrisa,Francisci,Engineer,1999-06-19,9999-01-01
293349,Armond,Kroft,Senior Staff,1999-12-03,2001-12-04
293349,Armond,Kroft,Staff,1994-12-03,1999-12-03
293361,Genevieve,Siprelle,Engineer,1986-07-18,1993-07-18
293361,Genevieve,Siprelle,Senior Engineer,1993-07-18,9999-01-01
293407,Chenye,Bellone,Engineer,1990-08-08,1996-08-07
293407,Chenye,Bellone,Senior Engineer,1996-08-07,9999-01-01
293419,Sahrah,Reinhard,Engineer,1987-01-31,1995-01-31
293419,Sahrah,Reinhard,Senior Engineer,1995-01-31,9999-01-01
293427,Chenye,Ducloy,Staff,1990-08-19,1993-07-31
293440,Herbert,Tsukune,Engineer,1990-04-11,1998-04-11
293440,Herbert,Tsukune,Senior Engineer,1998-04-11,9999-01-01
293442,Masato,Flexer,Staff,1997-11-10,1999-12-11
293444,Nahum,Thorensen,Engineer,1996-05-10,2002-03-06
293470,Wilmer,Rusterholz,Assistant Engineer,1992-07-15,2001-07-15
293470,Wilmer,Rusterholz,Engineer,2001-07-15,9999-01-01
293486,Kasidit,Karner,Staff,1999-01-12,9999-01-01
293504,Uzi,Roohalamini,Senior Staff,1994-12-19,9999-01-01
293504,Uzi,Roohalamini,Staff,1987-12-19,1994-12-19
293511,Renny,Skrikant,Engineer,1998-12-09,9999-01-01
293514,Conor,Milicic,Staff,1995-04-18,9999-01-01
293521,Neelam,Wuwongse,Engineer,1993-10-14,9999-01-01
293555,Divine,Maquelin,Engineer,1985-07-30,1991-07-30
293555,Divine,Maquelin,Senior Engineer,1991-07-30,9999-01-01
293564,Shigenori,Krychniak,Senior Engineer,1996-05-25,9999-01-01
293584,Jaewoo,Panienski,Engineer,1992-01-27,2000-01-27
293584,Jaewoo,Panienski,Senior Engineer,2000-01-27,9999-01-01
293588,Ulises,Restivo,Staff,1996-04-07,9999-01-01
293592,Hinrich,Braccini,Senior Staff,1998-12-23,9999-01-01
293592,Hinrich,Braccini,Staff,1992-12-23,1998-12-23
293595,George,Morton,Staff,1994-07-08,9999-01-01
293604,Hausi,Setia,Engineer,1990-08-12,1996-05-15
293613,Kannan,Strandh,Staff,1995-08-02,9999-01-01
293617,Shiv,Smeets,Staff,2000-01-30,9999-01-01
293623,Kousuke,Eiter,Senior Staff,1986-02-27,9999-01-01
293636,Filipp,McDermid,Senior Staff,1997-05-28,9999-01-01
293636,Filipp,McDermid,Staff,1990-05-28,1997-05-28
293655,Pramod,Giaccio,Engineer,1996-05-19,9999-01-01
293659,Zhenbing,Nitsch,Senior Staff,1994-09-01,9999-01-01
293659,Zhenbing,Nitsch,Staff,1986-09-01,1994-09-01
293662,Inderjeet,Ranka,Assistant Engineer,1994-09-28,1999-09-28
293662,Inderjeet,Ranka,Engineer,1999-09-28,9999-01-01
293682,Gro,Cooley,Senior Staff,1996-06-29,9999-01-01
293682,Gro,Cooley,Staff,1987-06-30,1996-06-29
293713,Geraldo,Suppi,Engineer,1999-09-17,9999-01-01
293722,Yongqiao,Isard,Staff,1991-09-11,1994-01-03
293725,Keiichiro,Fujisaki,Staff,1996-02-01,9999-01-01
293734,True,McFarlin,Staff,1988-03-06,1991-06-05
293737,Gopalakrishnan,Fraisse,Staff,1998-01-15,1998-05-07
293759,Elgin,Rebaine,Engineer,1991-04-06,1991-04-27
293775,Conal,Chaudhuri,Engineer,1995-10-16,9999-01-01
293787,Kolar,Weedman,Senior Staff,1998-06-19,1999-08-05
293787,Kolar,Weedman,Staff,1989-06-19,1998-06-19
293818,Ulises,Cairo,Engineer,1990-03-01,1996-02-29
293818,Ulises,Cairo,Senior Engineer,1996-02-29,9999-01-01
293819,Sariel,Douceur,Senior Engineer,1998-06-07,9999-01-01
293838,Masanao,Mukaidono,Engineer,1997-07-06,9999-01-01
293847,Lijia,Schwartzburd,Engineer,1991-07-23,1997-07-22
293847,Lijia,Schwartzburd,Senior Engineer,1997-07-22,9999-01-01
293848,Girolamo,Claffy,Engineer,1986-10-04,1995-10-04
293848,Girolamo,Claffy,Senior Engineer,1995-10-04,9999-01-01
293873,Anneli,Claffy,Engineer,1991-12-08,1999-12-08
293873,Anneli,Claffy,Senior Engineer,1999-12-08,9999-01-01
293881,Nishit,Uhrik,Technique Leader,1998-07-06,9999-01-01
293911,Marlo,Rosaz,Engineer,1999-06-27,9999-01-01
293931,Nadjib,Masada,Engineer,1996-10-19,9999-01-01
293933,Fumiko,Swiler,Senior Engineer,1990-01-09,9999-01-01
293949,Indrajit,Farris,Senior Staff,1993-10-11,2000-04-01
293949,Indrajit,Farris,Staff,1986-10-11,1993-10-11
293957,Francoise,Gomatam,Assistant Engineer,1989-08-28,1993-02-09
293964,Tristan,Escriba,Senior Staff,1996-11-09,1999-09-04
293964,Tristan,Escriba,Staff,1987-11-10,1996-11-09
293975,Yakkov,England,Senior Staff,1998-02-12,2000-11-02
293980,Leen,Cannata,Senior Staff,1990-05-20,9999-01-01
293980,Leen,Cannata,Staff,1985-05-21,1990-05-20
294000,Goetz,Yoshimura,Engineer,1992-01-30,2001-01-29
294000,Goetz,Yoshimura,Senior Engineer,2001-01-29,9999-01-01
294006,Yechiam,Pavlopoulou,Senior Staff,1987-12-17,9999-01-01
294014,Sariel,Bondorf,Staff,1998-03-16,1999-09-25
294019,Jagoda,Gyorkos,Senior Staff,1996-10-02,9999-01-01
294019,Jagoda,Gyorkos,Staff,1987-10-03,1996-10-02
294039,Arne,Schmittgen,Senior Staff,1990-07-28,9999-01-01
294039,Arne,Schmittgen,Staff,1985-07-28,1990-07-28
294050,Huican,Hertweck,Engineer,1987-04-18,1996-04-17
294050,Huican,Hertweck,Senior Engineer,1996-04-17,9999-01-01
294052,Chiranjit,Parveen,Assistant Engineer,1994-12-01,1999-12-01
294052,Chiranjit,Parveen,Engineer,1999-12-01,9999-01-01
294055,Genta,Candan,Staff,1999-01-06,1999-03-25
294064,Shih,Kalloufi,Senior Engineer,1998-04-24,9999-01-01
294083,Ugo,Hofstetter,Senior Engineer,1992-10-29,1994-07-06
294096,Jeanna,Alvarado,Engineer,1996-06-22,2002-06-22
294096,Jeanna,Alvarado,Senior Engineer,2002-06-22,9999-01-01
294126,Adit,Aseltine,Senior Staff,1991-03-18,1997-12-30
294154,Bernt,Masamoto,Senior Staff,1994-01-17,9999-01-01
294154,Bernt,Masamoto,Staff,1989-01-17,1994-01-17
294165,Michaela,Schreiter,Senior Staff,1991-05-14,9999-01-01
294168,Lein,Basart,Senior Staff,1986-05-05,1997-02-27
294190,Marlo,Muchinsky,Senior Staff,1994-12-08,9999-01-01
294190,Marlo,Muchinsky,Staff,1986-12-08,1994-12-08
294192,Wuxu,Gornas,Technique Leader,1995-01-20,9999-01-01
294194,Marc,Feldmann,Senior Staff,1996-12-24,9999-01-01
294194,Marc,Feldmann,Staff,1989-12-24,1996-12-24
294198,Xuejia,Barinka,Senior Staff,1993-12-27,9999-01-01
294198,Xuejia,Barinka,Staff,1985-12-27,1993-12-27
294203,Shalesh,Quadeer,Engineer,1988-05-17,1995-05-18
294203,Shalesh,Quadeer,Senior Engineer,1995-05-18,9999-01-01
294208,Kristof,Cichocki,Engineer,1989-06-02,1996-06-02
294208,Kristof,Cichocki,Senior Engineer,1996-06-02,1997-04-05
294222,Kiyokazu,Conte,Senior Staff,1991-09-13,2002-01-24
294224,Fumiyo,Baja,Senior Staff,1995-05-15,9999-01-01
294224,Fumiyo,Baja,Staff,1989-05-15,1995-05-15
294229,Baziley,Schiettecatte,Senior Staff,2001-10-09,9999-01-01
294229,Baziley,Schiettecatte,Staff,1992-10-09,2001-10-09
294272,Tomofumi,Cronin,Senior Staff,1990-07-16,9999-01-01
294272,Tomofumi,Cronin,Staff,1985-07-16,1990-07-16
294276,Berthier,Trystram,Senior Staff,1994-10-02,9999-01-01
294276,Berthier,Trystram,Staff,1987-10-02,1994-10-02
294308,Cathie,Wuwongse,Technique Leader,1998-06-25,9999-01-01
294311,Rasiah,Erdi,Senior Staff,1995-10-27,9999-01-01
294311,Rasiah,Erdi,Staff,1990-10-27,1995-10-27
294314,Nadjib,Champarnaud,Senior Staff,1996-04-30,9999-01-01
294314,Nadjib,Champarnaud,Staff,1987-05-01,1996-04-30
294316,Nikolaos,Rodier,Senior Staff,1999-04-21,9999-01-01
294316,Nikolaos,Rodier,Staff,1994-04-21,1999-04-21
294322,Takahito,Morris,Staff,1996-02-20,9999-01-01
294325,Eckart,Barreiro,Engineer,1988-04-02,1995-04-03
294325,Eckart,Barreiro,Senior Engineer,1995-04-03,9999-01-01
294342,Gift,Bernardinello,Engineer,1993-12-16,1998-12-16
294342,Gift,Bernardinello,Senior Engineer,1998-12-16,9999-01-01
294351,Hailing,Brendel,Senior Staff,1996-11-23,9999-01-01
294351,Hailing,Brendel,Staff,1987-11-24,1996-11-23
294427,Sachar,Vidal,Staff,1996-05-26,9999-01-01
294451,Jovan,Uludag,Engineer,1998-10-12,9999-01-01
294472,Collette,Swift,Senior Staff,1998-04-30,9999-01-01
294472,Collette,Swift,Staff,1989-04-30,1998-04-30
294520,Eirik,Sudbeck,Senior Staff,2000-05-28,9999-01-01
294520,Eirik,Sudbeck,Staff,1995-05-29,2000-05-28
294537,Georg,Showalter,Senior Staff,2000-12-16,9999-01-01
294537,Georg,Showalter,Staff,1992-12-16,2000-12-16
294542,Manton,Birta,Staff,1994-08-27,9999-01-01
294543,Wonhee,Veeraraghavan,Staff,1986-05-11,1992-07-07
294555,Sergi,Gniady,Engineer,1992-07-05,1997-07-05
294555,Sergi,Gniady,Senior Engineer,1997-07-05,9999-01-01
294556,Niclas,Ratnaker,Engineer,1993-03-06,1999-03-06
294556,Niclas,Ratnaker,Senior Engineer,1999-03-06,9999-01-01
294598,Mabry,Kabayashi,Engineer,1989-12-17,1995-12-17
294598,Mabry,Kabayashi,Senior Engineer,1995-12-17,9999-01-01
294619,Teunis,Noriega,Senior Engineer,1999-11-28,9999-01-01
294645,Chikako,Madeira,Engineer,1986-09-06,1993-09-06
294645,Chikako,Madeira,Senior Engineer,1993-09-06,9999-01-01
294669,Magy,Taneja,Staff,1997-12-31,9999-01-01
294716,Dayanand,Krychniak,Staff,1988-09-12,1990-07-11
294737,Tremaine,Kisuki,Senior Staff,1998-10-02,9999-01-01
294737,Tremaine,Kisuki,Staff,1991-10-02,1998-10-02
294741,Moie,Heering,Senior Staff,1997-06-21,9999-01-01
294741,Moie,Heering,Staff,1992-06-21,1997-06-21
294754,Atreyi,Henseler,Engineer,1994-10-14,1995-06-16
294766,Jouko,Gill,Senior Staff,1997-09-06,9999-01-01
294766,Jouko,Gill,Staff,1992-09-06,1997-09-06
294772,Marsja,Matheson,Engineer,1996-12-27,2001-12-27
294772,Marsja,Matheson,Senior Engineer,2001-12-27,9999-01-01
294778,Xinglin,Erni,Assistant Engineer,1988-08-08,1994-08-08
294778,Xinglin,Erni,Engineer,1994-08-08,2000-08-07
294778,Xinglin,Erni,Senior Engineer,2000-08-07,9999-01-01
294794,Qunsheng,Ravishankar,Assistant Engineer,1986-01-30,1988-06-25
294799,Vasilii,Zyda,Senior Staff,1990-02-25,9999-01-01
294799,Vasilii,Zyda,Staff,1985-02-25,1990-02-25
294807,Adib,Baak,Senior Staff,1993-02-02,9999-01-01
294816,Dharmaraja,Swist,Technique Leader,1987-07-21,9999-01-01
294847,Kotesh,Swist,Senior Staff,1999-05-07,9999-01-01
294847,Kotesh,Swist,Staff,1992-05-06,1999-05-07
294855,Anyuan,Cunliffe,Engineer,1992-12-04,1999-12-05
294855,Anyuan,Cunliffe,Senior Engineer,1999-12-05,9999-01-01
294860,Prodip,Savasere,Assistant Engineer,1987-12-02,1990-10-13
294867,Subhrajyoti,Schapiro,Staff,1990-12-21,1993-10-05
294868,Xianlong,Anguita,Engineer,1994-10-09,2000-10-08
294868,Xianlong,Anguita,Senior Engineer,2000-10-08,9999-01-01
294882,Roded,Highland,Senior Staff,1998-02-28,9999-01-01
294882,Roded,Highland,Staff,1989-02-28,1998-02-28
294898,Shmuel,Ratnakar,Staff,1999-12-20,9999-01-01
294900,Armond,Molenkamp,Senior Staff,1997-02-01,9999-01-01
294900,Armond,Molenkamp,Staff,1990-02-01,1997-02-01
294901,Josyula,Cromarty,Engineer,1991-12-10,1998-12-10
294901,Josyula,Cromarty,Senior Engineer,1998-12-10,9999-01-01
294917,Indrajit,Portugali,Senior Engineer,1997-01-06,1997-01-21
294919,Domenick,Nyanchama,Senior Staff,1995-10-02,9999-01-01
294919,Domenick,Nyanchama,Staff,1988-10-01,1995-10-02
294957,Dulce,Famili,Senior Staff,1993-03-03,9999-01-01
294977,Vesna,Landherr,Senior Engineer,1990-03-08,9999-01-01
294993,Sanjai,Skogmar,Senior Staff,1995-01-12,9999-01-01
294993,Sanjai,Skogmar,Staff,1989-01-12,1995-01-12
295032,Sachar,Egerstedt,Technique Leader,1997-08-05,9999-01-01
295035,Christophe,Selenyi,Senior Staff,1995-02-07,9999-01-01
295035,Christophe,Selenyi,Staff,1987-02-07,1995-02-07
295044,Dines,Janocha,Engineer,1990-03-19,1998-03-19
295044,Dines,Janocha,Senior Engineer,1998-03-19,9999-01-01
295057,Itzchak,Olano,Senior Staff,1995-11-26,9999-01-01
295057,Itzchak,Olano,Staff,1989-11-26,1995-11-26
295083,Zhigen,Yetto,Senior Staff,1992-11-17,2002-03-30
295108,Kerhong,Baranowski,Senior Staff,2000-04-28,9999-01-01
295108,Kerhong,Baranowski,Staff,1993-04-28,2000-04-28
295122,Aleksandar,Levasseur,Staff,2000-01-06,2000-08-25
295123,Tonia,Theuretzbacher,Engineer,1993-11-19,9999-01-01
295146,Mohit,Benveniste,Engineer,1999-04-25,1999-11-15
295159,Unal,Braunmuhl,Staff,1994-06-27,9999-01-01
295170,Ennio,Vecchi,Engineer,1989-04-18,1993-02-03
295183,Mahmut,Ramsak,Engineer,1988-01-31,1994-01-30
295183,Mahmut,Ramsak,Senior Engineer,1994-01-30,9999-01-01
295193,Xiaopeng,Bresenham,Senior Engineer,1998-02-01,9999-01-01
295202,Fumitaka,Kampfer,Assistant Engineer,1989-03-17,1998-03-17
295202,Fumitaka,Kampfer,Engineer,1998-03-17,9999-01-01
295211,Subbu,Candan,Engineer,1989-08-20,1992-02-10
295229,Stevo,Werthner,Senior Staff,1993-01-17,9999-01-01
295229,Stevo,Werthner,Staff,1987-01-18,1993-01-17
295244,Hidekazu,Bellone,Engineer,1994-06-08,1994-07-18
295253,Bedrich,Pettey,Engineer,1991-10-17,2000-10-16
295253,Bedrich,Pettey,Senior Engineer,2000-10-16,9999-01-01
295261,Radhia,Bondorf,Senior Staff,1997-01-19,9999-01-01
295261,Radhia,Bondorf,Staff,1990-01-19,1997-01-19
295265,Jacopo,Kadhim,Assistant Engineer,1993-11-28,9999-01-01
295283,Jianhui,Marquardt,Senior Engineer,1990-02-22,1990-07-12
295301,Sugwoo,Demian,Engineer,1993-02-23,1995-06-11
295312,Sajjad,Randt,Staff,1999-03-26,2000-02-13
295327,Almudena,Claffy,Engineer,1989-03-15,1994-03-15
295327,Almudena,Claffy,Senior Engineer,1994-03-15,9999-01-01
295332,Dulce,Kisuki,Engineer,1995-01-18,9999-01-01
295367,Selwyn,Gronowski,Senior Engineer,1988-12-29,9999-01-01
295375,Zongyan,Pavlopoulou,Senior Staff,2000-01-28,9999-01-01
295375,Zongyan,Pavlopoulou,Staff,1994-01-28,2000-01-28
295380,Subir,Streng,Engineer,1994-09-12,9999-01-01
295393,Ebbe,Mukaidono,Engineer,1990-10-19,1998-07-30
295436,Luerbio,Felcyn,Engineer,1998-10-27,9999-01-01
295446,Ramya,Michaeli,Senior Engineer,1985-03-07,9999-01-01
295469,Bodo,Shokrollahi,Engineer,1992-05-28,1992-05-31
295478,Almudena,DuBourdieux,Senior Engineer,1993-11-19,2000-04-19
295485,Jenwei,Gilg,Engineer,1985-08-07,1993-08-07
295485,Jenwei,Gilg,Senior Engineer,1993-08-07,9999-01-01
295489,Gopalakrishnan,Peir,Senior Staff,1999-01-25,9999-01-01
295489,Gopalakrishnan,Peir,Staff,1994-01-25,1999-01-25
295501,Yongmao,Kenevan,Engineer,1989-11-01,1994-11-01
295501,Yongmao,Kenevan,Senior Engineer,1994-11-01,9999-01-01
295507,Genevieve,Codenie,Assistant Engineer,1985-12-31,1993-12-31
295507,Genevieve,Codenie,Engineer,1993-12-31,2001-12-31
295507,Genevieve,Codenie,Senior Engineer,2001-12-31,9999-01-01
295532,Muzhong,Kossowski,Engineer,1994-02-14,2002-02-14
295532,Muzhong,Kossowski,Senior Engineer,2002-02-14,9999-01-01
295538,Eckart,Henders,Engineer,1988-01-16,1996-01-16
295538,Eckart,Henders,Senior Engineer,1996-01-16,9999-01-01
295539,Martine,Plotkin,Assistant Engineer,1985-02-04,1992-02-05
295539,Martine,Plotkin,Engineer,1992-02-05,1999-02-05
295539,Martine,Plotkin,Senior Engineer,1999-02-05,9999-01-01
295556,Lein,Alvarado,Technique Leader,1992-12-29,9999-01-01
295568,Kotesh,Boudaillier,Engineer,1988-07-17,1996-07-17
295568,Kotesh,Boudaillier,Senior Engineer,1996-07-17,9999-01-01
295594,Brigham,Llado,Senior Staff,2001-10-22,9999-01-01
295594,Brigham,Llado,Staff,1994-10-22,2001-10-22
295598,Adly,Ligten,Senior Engineer,1990-01-18,9999-01-01
295618,Jaideep,Pauthner,Senior Staff,2002-05-26,9999-01-01
295618,Jaideep,Pauthner,Staff,1994-05-26,2002-05-26
295623,Bowen,Fortenbacher,Senior Staff,1997-11-10,9999-01-01
295633,Ronghao,Hatcliff,Engineer,1995-01-01,2000-12-31
295633,Ronghao,Hatcliff,Senior Engineer,2000-12-31,9999-01-01
295640,Chenyi,Felcyn,Staff,1989-10-21,1990-03-13
295648,Aluzio,Perko,Staff,1997-11-26,9999-01-01
295686,Shai,Gronowski,Engineer,1987-03-04,1996-03-03
295686,Shai,Gronowski,Senior Engineer,1996-03-03,9999-01-01
295704,Alois,Srimani,Engineer,1989-09-04,1994-09-04
295704,Alois,Srimani,Senior Engineer,1994-09-04,9999-01-01
295707,Nahid,Capobianchi,Engineer,1987-06-26,1994-06-26
295707,Nahid,Capobianchi,Senior Engineer,1994-06-26,9999-01-01
295713,Fabrizio,Klassen,Senior Staff,1995-09-14,9999-01-01
295750,Hyuckchul,Msuda,Assistant Engineer,1992-05-07,1998-05-07
295750,Hyuckchul,Msuda,Engineer,1998-05-07,9999-01-01
295753,Heping,Lichtman,Engineer,1994-03-05,2002-03-05
295753,Heping,Lichtman,Senior Engineer,2002-03-05,9999-01-01
295762,Harngdar,Mikschl,Engineer,1995-08-02,2001-08-01
295762,Harngdar,Mikschl,Senior Engineer,2001-08-01,9999-01-01
295784,Aiichiro,Codenie,Engineer,1986-07-11,1995-07-11
295784,Aiichiro,Codenie,Senior Engineer,1995-07-11,9999-01-01
295831,Golgen,Karnin,Technique Leader,1990-10-12,9999-01-01
295850,Yonghoan,Collavizza,Engineer,1987-12-15,1992-12-14
295850,Yonghoan,Collavizza,Senior Engineer,1992-12-14,9999-01-01
295865,Shigehiro,Kleiser,Assistant Engineer,1988-01-02,1994-01-01
295865,Shigehiro,Kleiser,Engineer,1994-01-01,2000-01-01
295865,Shigehiro,Kleiser,Senior Engineer,2000-01-01,9999-01-01
295884,Masato,Angiulli,Staff,1994-09-23,9999-01-01
295913,Tomokazu,Ariola,Senior Staff,1997-08-25,9999-01-01
295932,Nimmagadda,Emmart,Senior Staff,1995-09-07,9999-01-01
295932,Nimmagadda,Emmart,Staff,1986-09-07,1995-09-07
295945,Lobel,Cronan,Engineer,1994-04-06,9999-01-01
295955,Bernice,Fortenbacher,Engineer,1995-07-06,2001-07-05
295955,Bernice,Fortenbacher,Senior Engineer,2001-07-05,9999-01-01
295965,Cathie,Veeraraghavan,Technique Leader,1998-03-09,9999-01-01
295969,Halsur,Srimani,Engineer,1992-10-05,1997-10-05
295969,Halsur,Srimani,Senior Engineer,1997-10-05,9999-01-01
295970,Neelam,Lorin,Assistant Engineer,1994-09-27,2001-09-27
295970,Neelam,Lorin,Engineer,2001-09-27,9999-01-01
295982,Seongbin,Gniady,Senior Staff,1999-08-24,9999-01-01
295982,Seongbin,Gniady,Staff,1991-08-24,1999-08-24
295984,Ranga,Kawashima,Engineer,1990-05-04,1995-05-04
295984,Ranga,Kawashima,Senior Engineer,1995-05-04,9999-01-01
295988,Sangeeta,Alpay,Staff,1998-03-19,1998-08-23
295994,Carrsten,Barbanera,Senior Staff,1996-05-13,9999-01-01
295994,Carrsten,Barbanera,Staff,1990-05-14,1996-05-13
295995,Kersti,Range,Technique Leader,1998-06-15,1999-08-12
296005,Mani,Brandsma,Engineer,1988-02-22,1996-02-22
296005,Mani,Brandsma,Senior Engineer,1996-02-22,9999-01-01
296009,Boutros,Streng,Engineer,1997-06-01,1998-08-01
296011,Sasan,Luders,Senior Staff,2000-10-20,9999-01-01
296011,Sasan,Luders,Staff,1992-10-20,2000-10-20
296017,Sibyl,Ruemmler,Senior Staff,1993-12-01,9999-01-01
296017,Sibyl,Ruemmler,Staff,1986-12-01,1993-12-01
296041,Boalin,Callaway,Technique Leader,1989-08-12,9999-01-01
296044,Malu,Baar,Engineer,1994-07-23,9999-01-01
296045,Takahito,Comte,Engineer,1997-10-16,9999-01-01
296050,Lokesh,Wallrath,Engineer,1985-05-13,1992-05-13
296050,Lokesh,Wallrath,Senior Engineer,1992-05-13,9999-01-01
296072,Guangming,Miake,Senior Staff,2001-09-09,9999-01-01
296072,Guangming,Miake,Staff,1993-09-09,2001-09-09
296077,Parke,Beausoleil,Staff,1998-11-03,1999-09-05
296100,Berto,Shackell,Senior Staff,1998-10-13,9999-01-01
296100,Berto,Shackell,Staff,1993-10-13,1998-10-13
296104,Subhada,Solovay,Senior Staff,1997-02-21,9999-01-01
296104,Subhada,Solovay,Staff,1991-02-22,1997-02-21
296150,Limsoon,Werthner,Technique Leader,1997-11-11,9999-01-01
296155,Marco,Brlek,Engineer,1986-09-11,1994-09-11
296155,Marco,Brlek,Senior Engineer,1994-09-11,9999-01-01
296161,Parke,Camurati,Senior Staff,1993-10-11,2002-05-29
296161,Parke,Camurati,Staff,1985-10-11,1993-10-11
296162,Houman,Smailagic,Senior Staff,1992-04-09,1994-09-15
296162,Houman,Smailagic,Staff,1985-04-09,1992-04-09
296173,Lein,Scharstein,Staff,1998-11-26,9999-01-01
296192,Giao,Mattern,Staff,2000-01-16,9999-01-01
296216,Arunas,Vieth,Engineer,1995-06-26,9999-01-01
296221,Chuanti,Pulkowski,Senior Staff,1998-09-25,9999-01-01
296221,Chuanti,Pulkowski,Staff,1990-09-25,1998-09-25
296256,Kinh,Baby,Engineer,1995-11-30,9999-01-01
296259,Eishiro,Shackel,Senior Staff,1997-11-13,2001-01-28
296259,Eishiro,Shackel,Staff,1989-11-13,1997-11-13
296263,Theirry,Angot,Engineer,2000-01-15,9999-01-01
296277,Ayakannu,Bardell,Staff,1996-12-08,9999-01-01
296280,Lein,Vesel,Engineer,1987-05-28,1987-12-11
296334,Candida,Vernadat,Senior Staff,1988-09-19,9999-01-01
296335,Arunas,Trachtenberg,Engineer,1997-11-10,9999-01-01
296340,Mona,Krychniak,Assistant Engineer,1985-09-22,1992-09-22
296340,Mona,Krychniak,Engineer,1992-09-22,1999-09-23
296340,Mona,Krychniak,Senior Engineer,1999-09-23,9999-01-01
296379,Chinhyun,Fioravanti,Engineer,1998-07-18,9999-01-01
296394,Martins,Peac,Staff,1992-09-13,1994-01-31
296407,Lorien,Hambrick,Senior Staff,2000-02-11,9999-01-01
296407,Lorien,Hambrick,Staff,1992-02-11,2000-02-11
296411,Adhemar,Kusakari,Staff,1989-10-30,1992-07-11
296433,Saniya,Templeman,Engineer,1987-03-23,1994-03-23
296433,Saniya,Templeman,Senior Engineer,1994-03-23,9999-01-01
296440,Rosita,Angel,Engineer,1997-05-04,1998-10-10
296445,Gou,Chiola,Assistant Engineer,1998-10-22,1998-11-04
296469,Katsuo,Karcich,Technique Leader,1992-11-15,9999-01-01
296474,Mart,Hiroyama,Senior Engineer,1990-08-10,9999-01-01
296499,Douadi,Muchinsky,Senior Staff,1991-07-17,9999-01-01
296499,Douadi,Muchinsky,Staff,1985-07-17,1991-07-17
296511,Tooru,Oxman,Staff,1990-03-12,1993-01-29
296515,Marc,Ramaiah,Engineer,1991-05-31,1999-05-31
296515,Marc,Ramaiah,Senior Engineer,1999-05-31,9999-01-01
296540,Sakthirel,Basagni,Engineer,1994-12-28,2002-06-27
296550,Sachio,Brodal,Engineer,1992-12-01,1998-12-01
296550,Sachio,Brodal,Senior Engineer,1998-12-01,9999-01-01
296565,Arch,Swist,Engineer,1987-08-02,1995-08-02
296565,Arch,Swist,Senior Engineer,1995-08-02,9999-01-01
296575,Kwok,Servi,Senior Staff,1994-05-19,2000-11-28
296575,Kwok,Servi,Staff,1985-05-19,1994-05-19
296595,Bodo,Willoner,Staff,1999-12-05,2002-05-21
296602,Boriana,Broder,Senior Staff,1986-06-29,9999-01-01
296608,Tomokazu,Ravishankar,Assistant Engineer,1990-07-05,1990-07-12
296628,Elrique,Kavvadias,Senior Staff,1994-10-29,9999-01-01
296628,Elrique,Kavvadias,Staff,1986-10-29,1994-10-29
296629,Hugo,Schicker,Senior Staff,1995-02-19,9999-01-01
296641,Georgy,Bernardinello,Staff,1998-08-30,9999-01-01
296654,Shih,Kawashima,Engineer,1991-02-06,1996-02-06
296654,Shih,Kawashima,Senior Engineer,1996-02-06,1998-02-17
296660,Filipe,Straney,Engineer,1985-02-09,1991-02-09
296660,Filipe,Straney,Senior Engineer,1991-02-09,9999-01-01
296689,Kshitij,Heijenga,Engineer,1991-09-10,1997-09-09
296689,Kshitij,Heijenga,Senior Engineer,1997-09-09,9999-01-01
296699,Jaideep,Randi,Staff,1996-07-28,1999-05-17
296700,Josyula,Beetstra,Engineer,1987-09-20,1993-09-19
296700,Josyula,Beetstra,Senior Engineer,1993-09-19,9999-01-01
296702,Shahar,Brattka,Assistant Engineer,1989-12-25,1997-12-25
296702,Shahar,Brattka,Engineer,1997-12-25,9999-01-01
296727,Radhika,Undy,Engineer,1997-10-14,9999-01-01
296755,Radhakrishnan,Gniady,Engineer,1993-01-20,1998-01-20
296755,Radhakrishnan,Gniady,Senior Engineer,1998-01-20,9999-01-01
296778,Shigenori,Hammerschmidt,Assistant Engineer,1999-12-22,9999-01-01
296780,Rosli,Stenning,Staff,1999-10-04,9999-01-01
296784,Kazuyasu,Bernick,Senior Staff,1998-10-15,9999-01-01
296784,Kazuyasu,Bernick,Staff,1989-10-15,1998-10-15
296788,Bowen,Ritzmann,Engineer,1994-11-09,2001-11-11
296792,Duro,Kabayashi,Engineer,1986-01-19,1993-01-19
296792,Duro,Kabayashi,Senior Engineer,1993-01-19,9999-01-01
296807,Ugo,Szmurlo,Engineer,1996-02-06,9999-01-01
296820,Stepehn,Camarinopoulos,Senior Staff,1993-10-25,2000-08-10
296820,Stepehn,Camarinopoulos,Staff,1986-10-25,1993-10-25
296827,Tayeb,Bade,Senior Staff,1995-07-02,9999-01-01
296827,Tayeb,Bade,Staff,1986-07-02,1995-07-02
296830,Neelam,Erdmenger,Senior Engineer,1998-06-01,9999-01-01
296862,Honesty,Lindenbaum,Engineer,1988-11-08,1995-11-09
296862,Honesty,Lindenbaum,Senior Engineer,1995-11-09,9999-01-01
296865,Val,Baaz,Staff,1989-06-01,1996-07-19
296876,JoAnne,Negoita,Engineer,1993-12-27,1998-12-27
296876,JoAnne,Negoita,Senior Engineer,1998-12-27,9999-01-01
296880,Angel,Ozeri,Senior Staff,1997-12-15,2002-04-27
296892,Christ,Aamodt,Engineer,1995-07-30,2000-07-29
296892,Christ,Aamodt,Senior Engineer,2000-07-29,9999-01-01
296921,Hatem,Haddadi,Senior Staff,1994-08-01,9999-01-01
296921,Hatem,Haddadi,Staff,1986-08-01,1994-08-01
296942,Brewster,Panienski,Engineer,1989-08-26,1995-08-26
296942,Brewster,Panienski,Senior Engineer,1995-08-26,9999-01-01
296976,Moheb,Crabtree,Engineer,1998-05-08,9999-01-01
296979,Suzette,Zeidenstein,Staff,1997-06-21,9999-01-01
296985,Mark,Miculan,Senior Staff,1987-06-15,1989-09-16
296995,Yolla,Vickson,Engineer,1996-07-17,2001-07-17
296995,Yolla,Vickson,Senior Engineer,2001-07-17,9999-01-01
297015,Niclas,Provine,Assistant Engineer,1987-02-10,1994-02-10
297015,Niclas,Provine,Engineer,1994-02-10,2001-02-10
297015,Niclas,Provine,Senior Engineer,2001-02-10,9999-01-01
297043,Adas,Khasidashvili,Senior Staff,1997-02-25,9999-01-01
297043,Adas,Khasidashvili,Staff,1992-02-26,1997-02-25
297048,Shrikanth,Templeman,Technique Leader,1999-01-11,9999-01-01
297071,Przemyslawa,Farrar,Engineer,1989-01-18,1997-01-18
297071,Przemyslawa,Farrar,Senior Engineer,1997-01-18,2002-03-17
297082,Bader,Oberman,Engineer,1994-03-21,2002-03-21
297082,Bader,Oberman,Senior Engineer,2002-03-21,9999-01-01
297103,Supot,Yetto,Engineer,1998-11-04,9999-01-01
297108,Susanta,Suermann,Senior Engineer,1997-05-23,9999-01-01
297121,Yolla,Brobst,Staff,1999-12-10,2002-07-02
297126,Eishiro,Rehfuss,Engineer,1990-06-12,1996-06-11
297126,Eishiro,Rehfuss,Senior Engineer,1996-06-11,2002-02-27
297145,Otilia,Anily,Engineer,1997-09-08,9999-01-01
297147,Heather,Hebert,Engineer,1987-06-01,1994-06-01
297147,Heather,Hebert,Senior Engineer,1994-06-01,9999-01-01
297149,Alagu,Busillo,Senior Staff,1990-06-21,9999-01-01
297149,Alagu,Busillo,Staff,1985-06-21,1990-06-21
297164,Valeri,Peac,Technique Leader,1993-02-04,9999-01-01
297168,Mabo,Engberts,Senior Engineer,1995-04-24,9999-01-01
297173,Chinhyun,Lichtner,Engineer,1992-09-18,1995-07-01
297184,Chiradeep,Marwedel,Engineer,1990-08-05,1995-11-04
297185,Dietrich,Kaltofen,Senior Staff,2000-05-20,9999-01-01
297185,Dietrich,Kaltofen,Staff,1991-05-21,2000-05-20
297192,Ute,Peir,Senior Staff,2002-06-16,9999-01-01
297192,Ute,Peir,Staff,1997-06-16,2002-06-16
297197,Adhemar,Fiebach,Senior Staff,2001-11-22,9999-01-01
297197,Adhemar,Fiebach,Staff,1995-11-23,2001-11-22
297206,Rutger,Rissland,Staff,1996-07-10,2001-03-03
297217,Kotesh,Moffat,Senior Staff,1993-12-22,9999-01-01
297234,Ramya,Miyakawa,Assistant Engineer,1990-03-08,1996-03-07
297234,Ramya,Miyakawa,Engineer,1996-03-07,2002-03-07
297234,Ramya,Miyakawa,Senior Engineer,2002-03-07,9999-01-01
297237,Lansing,Angel,Senior Staff,1994-01-31,9999-01-01
297237,Lansing,Angel,Staff,1986-01-31,1994-01-31
297252,Collette,Lorch,Staff,1996-02-07,9999-01-01
297276,Adit,Openshaw,Engineer,1985-06-02,1991-06-02
297276,Adit,Openshaw,Senior Engineer,1991-06-02,9999-01-01
297278,Visit,Schahn,Engineer,1985-08-27,1991-08-27
297278,Visit,Schahn,Senior Engineer,1991-08-27,1991-11-24
297291,Rance,Karcich,Senior Staff,1994-10-10,9999-01-01
297291,Rance,Karcich,Staff,1988-10-10,1994-10-10
297306,Frazer,Ullian,Senior Engineer,1991-02-05,9999-01-01
297369,Shounak,Itzigehl,Technique Leader,1990-04-21,9999-01-01
297384,Feipei,Ressouche,Engineer,1989-02-19,1996-02-20
297384,Feipei,Ressouche,Senior Engineer,1996-02-20,9999-01-01
297414,Herbert,Fordan,Senior Staff,1995-08-23,9999-01-01
297433,Yoshimitsu,Isard,Senior Engineer,1987-03-19,9999-01-01
297477,Tesuya,Siegrist,Engineer,1991-01-17,1999-01-17
297477,Tesuya,Siegrist,Senior Engineer,1999-01-17,9999-01-01
297487,Jaana,Guerreiro,Senior Staff,1998-08-22,9999-01-01
297559,Kiam,Munoz,Senior Staff,1993-11-14,9999-01-01
297570,Munehiro,Rothe,Engineer,1997-10-17,1999-09-03
297573,Lihong,Rikino,Staff,1998-02-16,9999-01-01
297600,Tsvetan,Birke,Senior Staff,1999-08-26,9999-01-01
297600,Tsvetan,Birke,Staff,1991-08-26,1999-08-26
297605,Sorina,Prampolini,Engineer,1999-07-30,9999-01-01
297613,Phuoc,Dulay,Staff,1996-12-17,9999-01-01
297615,Kolar,Melton,Senior Engineer,1991-11-23,9999-01-01
297651,Nikolaus,Ghelli,Senior Engineer,1991-06-03,9999-01-01
297665,Huai,Crabtree,Staff,1994-06-06,9999-01-01
297684,Thanasis,Muniz,Senior Staff,1991-03-30,9999-01-01
297691,Yahiko,Menhardt,Assistant Engineer,1988-05-15,1997-05-15
297691,Yahiko,Menhardt,Engineer,1997-05-15,9999-01-01
297695,Shao,Stentiford,Engineer,1997-04-19,9999-01-01
297698,Kwangjo,Felcyn,Engineer,1985-05-20,1992-05-20
297698,Kwangjo,Felcyn,Senior Engineer,1992-05-20,9999-01-01
297703,Gil,Worfolk,Senior Staff,1993-01-24,9999-01-01
297703,Gil,Worfolk,Staff,1988-01-25,1993-01-24
297709,Moss,Glinert,Senior Staff,1997-07-24,9999-01-01
297721,Avishai,Haldar,Engineer,1997-10-03,9999-01-01
297723,Malu,Rathonyi,Staff,1997-08-17,9999-01-01
297727,Tremaine,Improta,Staff,1994-05-31,1998-10-25
297737,Apostol,Schaap,Senior Staff,2001-06-23,9999-01-01
297737,Apostol,Schaap,Staff,1994-06-23,2001-06-23
297743,Ranga,Renear,Staff,1994-05-21,1998-06-13
297748,Sampalli,Vuskovic,Technique Leader,1989-09-04,9999-01-01
297758,Yakichi,Garnier,Senior Staff,1998-09-17,9999-01-01
297758,Yakichi,Garnier,Staff,1993-09-17,1998-09-17
297763,Temple,Feldmann,Senior Staff,1996-03-08,9999-01-01
297763,Temple,Feldmann,Staff,1988-03-08,1996-03-08
297785,Shooichi,Bennis,Assistant Engineer,1986-04-01,1995-04-01
297785,Shooichi,Bennis,Engineer,1995-04-01,9999-01-01
297799,Shushma,Pokrovskii,Senior Staff,1998-02-01,9999-01-01
297799,Shushma,Pokrovskii,Staff,1991-02-01,1998-02-01
297831,Saeed,Strandh,Technique Leader,1993-05-17,9999-01-01
297834,Arnould,Weiland,Staff,1989-11-29,1998-03-17
297835,Yaghout,Simkin,Senior Staff,1990-03-27,9999-01-01
297836,Martina,Erdi,Engineer,1999-02-17,9999-01-01
297844,Juyoung,Vesel,Engineer,1999-10-26,9999-01-01
297849,Nishit,Reinhart,Engineer,1990-03-19,1996-03-18
297849,Nishit,Reinhart,Senior Engineer,1996-03-18,9999-01-01
297855,Shaowen,Takanami,Engineer,1997-11-07,9999-01-01
297861,Przemyslawa,Janetzko,Technique Leader,1990-01-05,2000-12-22
297873,Elzbieta,Emiris,Senior Engineer,1999-07-21,2002-06-03
297877,Isamu,Orsini,Engineer,1989-12-19,1995-12-19
297877,Isamu,Orsini,Senior Engineer,1995-12-19,9999-01-01
297910,Denny,Langford,Engineer,1995-09-25,9999-01-01
297915,Mircea,Chappelet,Senior Staff,2001-12-02,9999-01-01
297915,Mircea,Chappelet,Staff,1992-12-02,2001-12-02
297922,Xumin,Tanemo,Senior Staff,1997-06-04,1999-10-09
297922,Xumin,Tanemo,Staff,1992-06-04,1997-06-04
297958,Murthy,Tasistro,Technique Leader,1998-12-16,9999-01-01
297963,Marke,Mandell,Technique Leader,1997-04-14,9999-01-01
297982,Jixiang,Georg,Engineer,1994-05-25,1999-05-25
297982,Jixiang,Georg,Senior Engineer,1999-05-25,9999-01-01
297985,Tokuyasu,Reinhart,Engineer,1987-01-20,1992-06-27
298001,Xiaoshan,Ghazalie,Senior Engineer,1988-03-14,9999-01-01
298010,Alejandra,Businaro,Engineer,1996-04-13,9999-01-01
298044,Jaideep,Koshiba,Senior Staff,1998-06-22,9999-01-01
298044,Jaideep,Koshiba,Staff,1993-06-22,1998-06-22
298045,Mrinalini,Condotta,Engineer,1985-02-14,1991-02-14
298045,Mrinalini,Condotta,Senior Engineer,1991-02-14,9999-01-01
298048,Kwangyoen,Knightly,Senior Staff,1994-01-24,9999-01-01
298048,Kwangyoen,Knightly,Staff,1989-01-24,1994-01-24
298070,Arfst,Petereit,Staff,1995-12-14,9999-01-01
298075,Zhenbing,Itzfeldt,Engineer,1990-04-01,1995-04-01
298075,Zhenbing,Itzfeldt,Senior Engineer,1995-04-01,9999-01-01
298082,Roddy,Stroustrup,Staff,1998-01-14,9999-01-01
298097,Tamiya,Taubenfeld,Staff,1995-07-07,9999-01-01
298108,Bodh,Dusink,Staff,1998-10-29,9999-01-01
298136,Morris,Pena,Senior Staff,1989-10-14,9999-01-01
298163,Zengping,Fioravanti,Engineer,1993-02-28,1999-02-28
298163,Zengping,Fioravanti,Senior Engineer,1999-02-28,9999-01-01
298171,Nahid,Brodal,Staff,1995-10-05,9999-01-01
298179,Zito,Marchesini,Senior Engineer,1989-05-18,2000-08-08
298190,Wojceich,Munke,Assistant Engineer,1991-10-04,1996-10-03
298190,Wojceich,Munke,Engineer,1996-10-03,2001-10-03
298190,Wojceich,Munke,Senior Engineer,2001-10-03,9999-01-01
298192,Tsz,Hambrick,Senior Staff,1997-02-05,9999-01-01
298192,Tsz,Hambrick,Staff,1990-02-05,1997-02-05
298201,Mana,Schlumberger,Senior Engineer,1999-11-08,9999-01-01
298202,Spyrose,Collavizza,Engineer,1996-08-07,2001-08-07
298202,Spyrose,Collavizza,Senior Engineer,2001-08-07,9999-01-01
298223,Satosi,Tyugu,Assistant Engineer,1997-06-03,9999-01-01
298225,Tomofumi,Marchesini,Engineer,1994-04-16,9999-01-01
298240,Dines,Lampe,Engineer,1999-01-11,9999-01-01
298242,Olivera,Beerel,Senior Staff,1997-11-30,9999-01-01
298242,Olivera,Beerel,Staff,1988-11-30,1997-11-30
298244,Moss,Baalen,Engineer,1998-09-30,9999-01-01
298252,Marke,Falster,Staff,1993-11-26,9999-01-01
298263,Mansur,Niizuma,Assistant Engineer,1997-10-06,9999-01-01
298294,Ghassan,Hoogerwoord,Assistant Engineer,1999-11-24,9999-01-01
298295,Zhilian,Mullainathan,Senior Staff,1993-06-26,9999-01-01
298295,Zhilian,Mullainathan,Staff,1987-06-27,1993-06-26
298296,Palash,Salvesen,Assistant Engineer,1998-09-23,2002-01-03
298297,Nagui,Shanbhogue,Senior Staff,2001-10-12,9999-01-01
298297,Nagui,Shanbhogue,Staff,1992-10-12,2001-10-12
298310,Subhankar,Chimia,Staff,1997-12-04,9999-01-01
298346,Uli,Rathonyi,Senior Staff,2000-02-09,9999-01-01
298346,Uli,Rathonyi,Staff,1991-02-09,2000-02-09
298362,JoAnne,Chinal,Engineer,1999-04-09,9999-01-01
298374,Richard,Bhattacharjee,Senior Staff,1997-03-07,9999-01-01
298374,Richard,Bhattacharjee,Staff,1988-03-07,1997-03-07
298386,Rance,Sadowski,Engineer,1991-07-30,1991-11-01
298412,Ziyad,Farrag,Assistant Engineer,1991-06-06,2000-06-05
298412,Ziyad,Farrag,Engineer,2000-06-05,9999-01-01
298424,Niteen,Vanwelkenhuysen,Staff,1995-06-07,9999-01-01
298463,Lubomir,Roccetti,Senior Staff,1996-12-29,9999-01-01
298463,Lubomir,Roccetti,Staff,1987-12-30,1996-12-29
298478,Giordano,Honglei,Senior Staff,1989-06-12,9999-01-01
298481,Mitsuyuki,Businaro,Staff,1999-12-26,9999-01-01
298501,Mana,Felder,Engineer,1988-10-09,1997-04-01
298508,Troy,Eterovic,Staff,1997-06-04,9999-01-01
298520,Mikhail,Gomatam,Engineer,1986-11-21,1991-11-21
298520,Mikhail,Gomatam,Senior Engineer,1991-11-21,9999-01-01
298524,Alejandro,Bernini,Senior Staff,1995-10-19,9999-01-01
298540,Gurbir,Kushnir,Assistant Engineer,1994-06-14,1999-06-14
298540,Gurbir,Kushnir,Engineer,1999-06-14,9999-01-01
298558,Paloma,Arlazarov,Staff,1998-06-04,1998-10-23
298564,Francesca,Kandlur,Engineer,1996-01-16,9999-01-01
298603,Hein,Zobel,Engineer,1998-09-08,9999-01-01
298667,Rosalyn,Rothe,Staff,1998-10-20,2001-08-30
298729,Shiv,Harllee,Senior Engineer,1990-08-25,9999-01-01
298778,Shuho,Bierman,Assistant Engineer,1989-03-02,1997-03-02
298778,Shuho,Bierman,Engineer,1997-03-02,9999-01-01
298781,Yagil,Collavizza,Engineer,1988-05-23,1994-05-23
298781,Yagil,Collavizza,Senior Engineer,1994-05-23,9999-01-01
298789,Gil,Skrikant,Senior Engineer,1991-02-25,2001-03-18
298791,Maria,Serre,Senior Staff,1999-08-22,2002-04-01
298791,Maria,Serre,Staff,1990-08-22,1999-08-22
298804,Palash,Koblitz,Engineer,1987-01-05,1992-01-05
298804,Palash,Koblitz,Senior Engineer,1992-01-05,9999-01-01
298807,Ronnie,Czaja,Senior Engineer,1988-12-18,9999-01-01
298823,Georgy,Hettesheimer,Senior Staff,1997-07-03,9999-01-01
298823,Georgy,Hettesheimer,Staff,1989-07-03,1997-07-03
298829,Berni,Huhdanpaa,Engineer,1994-11-13,1999-04-14
298853,Percy,Radwan,Engineer,1996-12-22,2000-09-26
298873,Tsuneo,Uehara,Senior Staff,2002-03-06,9999-01-01
298873,Tsuneo,Uehara,Staff,1997-03-06,2002-03-06
298892,Alejandro,Cannata,Senior Staff,1995-11-29,9999-01-01
298896,Menkae,Ghelli,Staff,1997-01-01,9999-01-01
298925,Junsik,Eastman,Senior Staff,1998-01-12,9999-01-01
298925,Junsik,Eastman,Staff,1990-01-12,1998-01-12
298945,Henk,Schahn,Senior Staff,2000-08-03,9999-01-01
298945,Henk,Schahn,Staff,1993-08-03,2000-08-03
298951,Marjo,Pavlopoulou,Senior Engineer,1985-07-14,2000-03-08
298960,Samphel,Georg,Assistant Engineer,1985-12-09,1991-12-09
298960,Samphel,Georg,Engineer,1991-12-09,1997-12-08
298960,Samphel,Georg,Senior Engineer,1997-12-08,9999-01-01
298961,Basim,Berstel,Engineer,1994-09-15,2001-09-15
298961,Basim,Berstel,Senior Engineer,2001-09-15,9999-01-01
298965,Moti,Beilner,Engineer,1991-01-27,1997-01-26
298965,Moti,Beilner,Senior Engineer,1997-01-26,9999-01-01
298974,Arno,Gunderson,Staff,1996-11-19,9999-01-01
298990,Naftali,Yetim,Senior Staff,1998-05-20,9999-01-01
298990,Naftali,Yetim,Staff,1993-05-20,1998-05-20
298991,Hausi,Awdeh,Staff,1992-09-01,1995-07-28
299009,Arra,Biron,Staff,1995-09-06,9999-01-01
299024,Weicheng,Peha,Engineer,1985-03-27,1990-03-27
299024,Weicheng,Peha,Senior Engineer,1990-03-27,9999-01-01
299037,Tommaso,Kaminger,Senior Engineer,1998-10-08,9999-01-01
299040,Marek,Kading,Engineer,1995-07-29,2000-07-28
299040,Marek,Kading,Senior Engineer,2000-07-28,9999-01-01
299041,Bedrich,Stenning,Engineer,1990-02-19,1998-02-19
299041,Bedrich,Stenning,Senior Engineer,1998-02-19,9999-01-01
299042,Danel,Kavanagh,Assistant Engineer,1994-08-05,2001-08-05
299042,Danel,Kavanagh,Engineer,2001-08-05,9999-01-01
299048,Denis,Pettis,Senior Staff,1992-09-21,9999-01-01
299048,Denis,Pettis,Staff,1987-09-22,1992-09-21
299054,Mara,Champarnaud,Engineer,1997-01-11,9999-01-01
299058,Juyoung,Guerreiro,Senior Engineer,1999-03-31,9999-01-01
299060,Visit,Staelin,Technique Leader,1990-02-21,9999-01-01
299071,Kazuhito,Griswold,Senior Staff,1998-03-06,9999-01-01
299071,Kazuhito,Griswold,Staff,1993-03-06,1998-03-06
299072,Masali,Merks,Senior Staff,1996-03-11,2000-07-04
299092,Jiakeng,Orsini,Staff,1999-07-12,9999-01-01
299094,Shrikanth,Marchegay,Engineer,1993-12-30,1999-08-10
299098,Alagu,Puppo,Engineer,1989-06-13,1995-06-13
299098,Alagu,Puppo,Senior Engineer,1995-06-13,9999-01-01
299105,Mayuri,Minakawa,Senior Staff,1991-05-10,9999-01-01
299152,Bojan,Tempesti,Senior Staff,1999-03-08,9999-01-01
299152,Bojan,Tempesti,Staff,1992-03-07,1999-03-08
299167,Rafols,Neimat,Senior Staff,1999-12-24,9999-01-01
299167,Rafols,Neimat,Staff,1994-12-24,1999-12-24
299177,Val,Danner,Senior Staff,1991-02-08,9999-01-01
299181,Dietrich,Schusler,Senior Staff,1992-03-04,9999-01-01
299181,Dietrich,Schusler,Staff,1985-03-04,1992-03-04
299189,JiYoung,Yetim,Senior Staff,2001-07-01,9999-01-01
299189,JiYoung,Yetim,Staff,1995-07-02,2001-07-01
299204,Zhonghui,Sooriamurthi,Engineer,1995-03-07,9999-01-01
299209,Tetsushi,Bazzichi,Engineer,1989-04-18,1995-04-18
299209,Tetsushi,Bazzichi,Senior Engineer,1995-04-18,9999-01-01
299210,Georgi,Boreale,Staff,1996-10-22,9999-01-01
299220,Subir,Emmerich,Engineer,1985-12-21,1986-12-03
299227,Chinho,Conti,Staff,1989-11-16,1990-01-08
299235,Honglan,Streit,Senior Engineer,1996-08-03,9999-01-01
299237,Lein,Birjandi,Staff,1995-11-12,9999-01-01
299261,Cheong,Verhoeff,Engineer,1999-03-24,9999-01-01
299265,Mahmut,Templeman,Engineer,1992-12-11,1998-12-11
299265,Mahmut,Templeman,Senior Engineer,1998-12-11,9999-01-01
299274,Fumiko,Auria,Engineer,1990-10-03,1998-10-03
299274,Fumiko,Auria,Senior Engineer,1998-10-03,9999-01-01
299287,Sumant,Ertl,Senior Staff,1987-07-09,1993-01-31
299326,Kazunori,Provine,Senior Staff,1997-10-04,9999-01-01
299336,Muzhong,Randt,Staff,1991-09-23,1998-05-23
299339,Eirik,Piveteau,Engineer,1996-03-20,1998-03-25
299343,Remmert,Gulik,Engineer,1995-07-06,2000-07-05
299343,Remmert,Gulik,Senior Engineer,2000-07-05,9999-01-01
299403,Lenore,Scharstein,Staff,1998-09-19,9999-01-01
299404,Kyoichi,Kowalchuk,Engineer,1990-11-03,1999-11-03
299404,Kyoichi,Kowalchuk,Senior Engineer,1999-11-03,9999-01-01
299414,Juyoung,Bahi,Engineer,1998-03-14,9999-01-01
299422,Mari,Hedayat,Assistant Engineer,1991-04-09,1997-04-08
299422,Mari,Hedayat,Engineer,1997-04-08,9999-01-01
299424,Miyeon,Puppe,Senior Engineer,1990-01-11,9999-01-01
299429,Divine,Schoegge,Engineer,1994-06-05,2000-06-04
299429,Divine,Schoegge,Senior Engineer,2000-06-04,9999-01-01
299432,Masali,Kaminger,Senior Engineer,1991-01-01,9999-01-01
299437,Zhenhua,Anandan,Senior Staff,1990-08-12,9999-01-01
299437,Zhenhua,Anandan,Staff,1985-08-12,1990-08-12
299471,Radhakrishnan,Dehkordi,Senior Staff,1992-06-17,9999-01-01
299471,Radhakrishnan,Dehkordi,Staff,1987-06-18,1992-06-17
299484,Brewster,Trogemann,Engineer,1993-07-21,2001-07-21
299484,Brewster,Trogemann,Senior Engineer,2001-07-21,9999-01-01
299503,Youssef,Zeidenstein,Engineer,1996-08-20,9999-01-01
299514,Manibrata,Champarnaud,Senior Staff,2001-01-23,9999-01-01
299514,Manibrata,Champarnaud,Staff,1995-01-24,2001-01-23
299519,Werner,Maginnis,Senior Engineer,1987-03-25,9999-01-01
299528,Mohan,Trumbly,Senior Staff,1997-11-12,9999-01-01
299528,Mohan,Trumbly,Staff,1989-11-12,1997-11-12
299543,Behnaam,Matzke,Senior Engineer,1989-11-05,9999-01-01
299554,Wojceich,Oaver,Senior Staff,1995-10-21,9999-01-01
299554,Wojceich,Oaver,Staff,1988-10-20,1995-10-21
299559,Vishu,Fairtlough,Senior Staff,1985-06-23,1989-08-22
299562,Tadahiro,Pocchiola,Engineer,1989-08-06,1997-08-06
299562,Tadahiro,Pocchiola,Senior Engineer,1997-08-06,9999-01-01
299566,Parviz,Bala,Senior Staff,1992-06-09,9999-01-01
299566,Parviz,Bala,Staff,1987-06-10,1992-06-09
299576,Shimshon,Onuegbe,Staff,1999-01-25,2000-01-10
299602,Yefim,Reeker,Engineer,1990-06-29,1997-10-12
299618,Huican,Perry,Staff,1998-03-26,9999-01-01
299626,Ute,Boguraev,Assistant Engineer,1996-07-30,9999-01-01
299637,Rildo,Stroustrup,Engineer,1995-08-07,2000-08-06
299637,Rildo,Stroustrup,Senior Engineer,2000-08-06,9999-01-01
299652,Rosalyn,Luke,Senior Staff,1992-04-12,9999-01-01
299652,Rosalyn,Luke,Staff,1986-04-13,1992-04-12
299663,Prasadram,McConalogue,Engineer,1994-09-15,2000-09-14
299663,Prasadram,McConalogue,Senior Engineer,2000-09-14,9999-01-01
299673,Leucio,Papastamatiou,Staff,1995-10-17,9999-01-01
299675,Selwyn,Lienhardt,Senior Staff,1994-11-11,9999-01-01
299675,Selwyn,Lienhardt,Staff,1988-11-11,1994-11-11
299690,Shigehiro,Worfolk,Senior Staff,1994-03-19,9999-01-01
299690,Shigehiro,Worfolk,Staff,1985-03-19,1994-03-19
299696,Ung,Buescher,Senior Staff,1998-06-24,9999-01-01
299696,Ung,Buescher,Staff,1992-06-24,1998-06-24
299699,Junichi,Wrigley,Senior Engineer,1991-06-01,9999-01-01
299713,Fumiko,Thorensen,Technique Leader,1996-05-13,9999-01-01
299714,Gay,Ponthieu,Staff,1995-12-29,9999-01-01
299721,Troy,Jonsson,Senior Staff,1999-03-28,9999-01-01
299721,Troy,Jonsson,Staff,1993-03-28,1999-03-28
299762,Sandeepan,Muntz,Senior Staff,1993-09-11,9999-01-01
299762,Sandeepan,Muntz,Staff,1985-09-11,1993-09-11
299764,Mantis,Eugenio,Engineer,1990-06-05,1996-06-04
299764,Mantis,Eugenio,Senior Engineer,1996-06-04,9999-01-01
299772,Xiaoshan,Talmor,Engineer,1997-08-09,9999-01-01
299776,Xiong,Hellwagner,Technique Leader,1991-09-20,9999-01-01
299819,Kazuhiro,Crelier,Senior Staff,2000-07-15,9999-01-01
299819,Kazuhiro,Crelier,Staff,1993-07-15,2000-07-15
299820,Gadiel,Walston,Engineer,1998-11-25,9999-01-01
299822,Mabhin,Stavenow,Senior Staff,2002-06-06,9999-01-01
299822,Mabhin,Stavenow,Staff,1993-06-06,2002-06-06
299852,Amalendu,Herbst,Senior Staff,1994-09-23,9999-01-01
299852,Amalendu,Herbst,Staff,1987-09-23,1994-09-23
299872,Kaijung,dAstous,Engineer,1985-02-26,1991-02-26
299872,Kaijung,dAstous,Senior Engineer,1991-02-26,9999-01-01
299889,Mingsen,Mundy,Senior Engineer,1989-12-25,9999-01-01
299892,Masako,Figueira,Senior Staff,1994-03-06,9999-01-01
299892,Masako,Figueira,Staff,1989-03-06,1994-03-06
299936,Tuval,Luke,Senior Staff,1989-04-25,9999-01-01
299965,Leen,Ranum,Staff,1997-09-23,9999-01-01
299977,Zsolt,Benveniste,Senior Staff,1994-08-15,1996-09-22
299978,Anneli,Kitai,Senior Engineer,1994-08-09,1999-04-26
299988,Xiping,Suppi,Engineer,1994-03-02,2001-03-02
299988,Xiping,Suppi,Senior Engineer,2001-03-02,9999-01-01
299990,Christfried,Middleton,Engineer,1997-07-06,9999-01-01
400007,Katsuyuki,Orlowska,Engineer,1996-02-16,9999-01-01
400010,Nakhoon,Valtorta,Senior Engineer,1985-10-12,9999-01-01
400014,Sanjoy,Cochrane,Engineer,1999-04-07,9999-01-01
400021,Mohammed,Cappello,Senior Engineer,1993-01-15,9999-01-01
400029,Tsz,Serot,Engineer,1998-06-24,9999-01-01
400031,Otilia,Szilard,Senior Staff,1996-07-06,9999-01-01
400036,Unal,Gyimothy,Engineer,1986-08-05,1991-08-05
400036,Unal,Gyimothy,Senior Engineer,1991-08-05,9999-01-01
400044,Magy,McFarlin,Engineer,1999-10-23,9999-01-01
400055,Oscal,Buchter,Engineer,2000-01-21,9999-01-01
400102,Sachio,Birta,Senior Staff,2000-10-13,9999-01-01
400102,Sachio,Birta,Staff,1991-10-14,2000-10-13
400109,Shigehiro,Mamelak,Technique Leader,1987-10-06,9999-01-01
400111,Sudhanshu,Gischer,Engineer,1987-08-02,1996-08-01
400111,Sudhanshu,Gischer,Senior Engineer,1996-08-01,9999-01-01
400122,Eldridge,Heiserman,Senior Staff,1992-11-27,9999-01-01
400122,Eldridge,Heiserman,Staff,1987-11-28,1992-11-27
400133,Annemarie,Shihab,Senior Staff,2000-01-04,9999-01-01
400133,Annemarie,Shihab,Staff,1995-01-04,2000-01-04
400140,Tesuro,Seiwald,Senior Engineer,1999-04-01,9999-01-01
400159,Chenxi,Welham,Staff,1997-05-06,1997-09-09
400166,Genevieve,Duclos,Senior Engineer,1998-05-22,2000-10-18
400170,Mana,Bade,Senior Engineer,1985-08-24,1998-02-09
400176,Chiradeep,Klerer,Engineer,1989-07-15,1996-08-18
400195,Leah,Lund,Assistant Engineer,1992-02-19,1998-02-18
400195,Leah,Lund,Engineer,1998-02-18,9999-01-01
400213,Rosli,Rabehasaina,Engineer,1996-09-17,9999-01-01
400225,Ekawit,Erev,Engineer,1989-03-04,1997-03-04
400225,Ekawit,Erev,Senior Engineer,1997-03-04,9999-01-01
400285,Moni,Preusig,Assistant Engineer,1998-12-18,2000-11-20
400289,Adas,Bellmore,Senior Staff,2001-12-27,9999-01-01
400289,Adas,Bellmore,Staff,1996-12-27,2001-12-27
400307,Shahab,Birge,Engineer,1996-02-02,2002-02-01
400307,Shahab,Birge,Senior Engineer,2002-02-01,9999-01-01
400318,Tiina,Danley,Staff,1997-12-23,9999-01-01
400320,Arno,Benantar,Senior Engineer,1991-04-17,1999-05-16
400328,Girolamo,Bakhtari,Senior Staff,2001-11-08,9999-01-01
400328,Girolamo,Bakhtari,Staff,1996-11-08,2001-11-08
400345,Fumiyo,Butterworth,Staff,1999-09-01,9999-01-01
400401,Sastry,Cromarty,Senior Engineer,1997-07-28,9999-01-01
400407,Vivian,Bach,Senior Engineer,1993-06-06,1994-11-11
400415,Prasadram,Encarnacion,Senior Engineer,1993-05-14,1999-07-11
400435,Akeno,Chenney,Senior Staff,1995-10-02,9999-01-01
400444,Kasidit,Ertl,Engineer,1992-02-15,1997-02-14
400444,Kasidit,Ertl,Senior Engineer,1997-02-14,9999-01-01
400454,Constantijn,Bierman,Engineer,1985-05-08,1986-07-02
400465,Heeju,Ritcey,Senior Staff,2001-01-08,9999-01-01
400465,Heeju,Ritcey,Staff,1993-01-08,2001-01-08
400486,Ortrun,Leivant,Senior Staff,1996-07-12,9999-01-01
400486,Ortrun,Leivant,Staff,1990-07-13,1996-07-12
400516,Shalesh,Thisen,Senior Engineer,1994-09-06,9999-01-01
400524,Morrie,Mandelberg,Engineer,1988-12-14,1995-12-15
400524,Morrie,Mandelberg,Senior Engineer,1995-12-15,9999-01-01
400537,Valeri,Bressoud,Senior Staff,1995-08-04,9999-01-01
400537,Valeri,Bressoud,Staff,1990-08-04,1995-08-04
400566,Munir,Gecsei,Senior Staff,1985-06-17,9999-01-01
400622,Yongqiao,Baaleh,Senior Staff,1988-09-10,1998-06-21
400630,Feiyu,Cappelletti,Senior Staff,1995-07-18,9999-01-01
400636,Xiadong,Gerlach,Staff,1992-07-02,1993-07-25
400643,Alois,Terlouw,Senior Engineer,1993-02-24,1999-04-18
400655,Shigeo,Orlowska,Engineer,1997-08-30,9999-01-01
400660,Sumant,Koblitz,Senior Staff,1992-04-10,9999-01-01
400684,Mihalis,Haldar,Engineer,1995-09-01,9999-01-01
400693,Niteen,Hutter,Senior Engineer,1987-11-05,9999-01-01
400719,Yuchang,Demri,Engineer,1985-06-26,1990-06-26
400719,Yuchang,Demri,Senior Engineer,1990-06-26,9999-01-01
400727,Janalee,Wursthorn,Assistant Engineer,1992-01-30,1995-08-18
400730,Jaana,Kaminger,Engineer,1986-12-10,1991-12-10
400730,Jaana,Kaminger,Senior Engineer,1991-12-10,9999-01-01
400736,Janalee,Menyhert,Senior Engineer,1989-02-16,9999-01-01
400742,Kristina,Ranst,Senior Staff,1993-04-16,9999-01-01
400742,Kristina,Ranst,Staff,1987-04-17,1993-04-16
400743,Bilhanan,Spelt,Senior Staff,1994-02-14,1999-08-22
400755,Shaunak,Isaak,Senior Staff,1998-06-02,9999-01-01
400755,Shaunak,Isaak,Staff,1993-06-02,1998-06-02
400758,Dinah,Candan,Engineer,1987-11-19,1989-11-04
400760,Uta,Suri,Staff,1996-11-25,9999-01-01
400762,Giri,Stille,Engineer,1991-02-03,1997-02-02
400762,Giri,Stille,Senior Engineer,1997-02-02,9999-01-01
400768,Fumino,Rettelbach,Senior Staff,1985-10-01,9999-01-01
400778,Mototsugu,Verhaegen,Senior Engineer,1987-05-03,9999-01-01
400782,Yuichiro,Kroha,Staff,1997-04-15,9999-01-01
400786,Demos,Babu,Engineer,1997-07-06,2002-07-06
400786,Demos,Babu,Senior Engineer,2002-07-06,9999-01-01
400792,Toshimitsu,DuCasse,Staff,1997-08-02,9999-01-01
400794,Greger,Bugrara,Engineer,1990-05-22,1996-05-21
400794,Greger,Bugrara,Senior Engineer,1996-05-21,9999-01-01
400798,Qunsheng,Bierbaum,Engineer,1989-02-01,1995-02-01
400798,Qunsheng,Bierbaum,Senior Engineer,1995-02-01,9999-01-01
400827,Dhritiman,Ullian,Engineer,1990-08-06,1995-08-06
400827,Dhritiman,Ullian,Senior Engineer,1995-08-06,9999-01-01
400867,Abdulah,Swick,Engineer,1995-02-19,2000-02-19
400867,Abdulah,Swick,Senior Engineer,2000-02-19,9999-01-01
400898,Naftali,Vigier,Engineer,1991-07-26,1998-07-26
400898,Naftali,Vigier,Senior Engineer,1998-07-26,9999-01-01
400916,Elzbieta,Chvatal,Staff,1999-04-29,9999-01-01
400924,Rance,Braccini,Senior Staff,1999-03-13,1999-06-01
400924,Rance,Braccini,Staff,1994-03-13,1999-03-13
400926,Arco,Denis,Engineer,1988-01-09,1993-01-08
400926,Arco,Denis,Senior Engineer,1993-01-08,9999-01-01
400935,Weidon,Chepyzhov,Senior Engineer,1996-08-22,1996-11-18
400954,Kolar,Kilgore,Senior Staff,1994-09-25,9999-01-01
400954,Kolar,Kilgore,Staff,1988-09-25,1994-09-25
400964,Shaowen,Kulisch,Staff,1998-08-30,9999-01-01
400971,Make,Isaac,Senior Staff,1988-09-26,9999-01-01
400979,Abdelaziz,Pocchiola,Engineer,1993-09-21,1998-09-21
400979,Abdelaziz,Pocchiola,Senior Engineer,1998-09-21,9999-01-01
400986,Kensei,Gist,Engineer,1986-12-17,1995-12-17
400986,Kensei,Gist,Senior Engineer,1995-12-17,9999-01-01
400995,Kazuhisa,Rotem,Engineer,1987-06-21,1993-06-20
400995,Kazuhisa,Rotem,Senior Engineer,1993-06-20,9999-01-01
401014,Masako,Farrel,Assistant Engineer,1992-05-06,1997-05-06
401014,Masako,Farrel,Engineer,1997-05-06,2002-05-06
401014,Masako,Farrel,Senior Engineer,2002-05-06,9999-01-01
401016,Yongmao,Tsukuda,Staff,1997-09-26,9999-01-01
401035,Arie,Waschkowski,Engineer,1993-08-25,9999-01-01
401038,Jaideep,Merlo,Engineer,1989-06-23,1998-06-23
401038,Jaideep,Merlo,Senior Engineer,1998-06-23,9999-01-01
401039,Jiang,Demos,Engineer,1993-08-15,2000-03-21
401048,Leon,Jumpertz,Engineer,1992-08-15,2000-08-15
401048,Leon,Jumpertz,Senior Engineer,2000-08-15,9999-01-01
401051,Shugo,Radhakrishnan,Engineer,1990-10-17,1999-10-17
401051,Shugo,Radhakrishnan,Senior Engineer,1999-10-17,9999-01-01
401103,Tokuyasu,Budinsky,Engineer,1995-02-05,2000-02-05
401103,Tokuyasu,Budinsky,Senior Engineer,2000-02-05,9999-01-01
401105,Manu,Borstler,Technique Leader,1999-09-16,9999-01-01
401121,Abdelkader,Chinal,Engineer,1997-04-11,9999-01-01
401155,Kendra,Ibel,Engineer,1989-04-29,1998-04-29
401155,Kendra,Ibel,Senior Engineer,1998-04-29,9999-01-01
401199,Tua,Rosar,Senior Staff,1987-05-13,9999-01-01
401234,Berto,Barbanera,Technique Leader,1996-06-08,9999-01-01
401251,Manibrata,Marquardt,Assistant Engineer,1998-11-18,2002-05-24
401252,Lein,Marsiglia,Engineer,1993-01-23,1998-01-23
401252,Lein,Marsiglia,Senior Engineer,1998-01-23,9999-01-01
401254,Hidefumi,Mitina,Assistant Engineer,1994-08-07,9999-01-01
401260,Jackson,Selvestrel,Engineer,1989-06-18,1997-06-18
401260,Jackson,Selvestrel,Senior Engineer,1997-06-18,2001-07-01
401291,Moni,Tempesti,Engineer,1987-11-02,1993-11-01
401291,Moni,Tempesti,Senior Engineer,1993-11-01,9999-01-01
401323,Demin,Krohn,Senior Engineer,1988-08-18,1997-09-23
401329,Jolita,Keustermans,Staff,1992-01-30,1992-07-07
401332,Foong,Perl,Senior Staff,1995-04-07,9999-01-01
401344,Sorina,Thebaut,Senior Staff,1998-10-11,9999-01-01
401344,Sorina,Thebaut,Staff,1993-10-11,1998-10-11
401351,Kasturi,Diderrich,Assistant Engineer,1988-02-24,1995-02-24
401351,Kasturi,Diderrich,Engineer,1995-02-24,2002-02-24
401351,Kasturi,Diderrich,Senior Engineer,2002-02-24,9999-01-01
401361,Kokou,Munawer,Engineer,1999-05-16,9999-01-01
401379,Sachin,Pettis,Engineer,1996-04-08,9999-01-01
401382,Mabry,Perfilyeva,Engineer,1995-06-10,9999-01-01
401402,Owen,DeMori,Staff,1999-01-24,9999-01-01
401407,Barton,Valiente,Staff,1998-05-20,9999-01-01
401408,Xiaoheng,Papastamatiou,Assistant Engineer,1987-06-29,1994-06-29
401408,Xiaoheng,Papastamatiou,Engineer,1994-06-29,2001-06-29
401408,Xiaoheng,Papastamatiou,Senior Engineer,2001-06-29,9999-01-01
401416,Kannan,Tsukune,Engineer,1998-06-05,2001-04-19
401422,Shietung,Nivat,Engineer,1991-01-24,1996-01-24
401422,Shietung,Nivat,Senior Engineer,1996-01-24,9999-01-01
401426,Maya,Lamparter,Senior Engineer,1995-01-01,9999-01-01
401429,Bedrich,Ressouche,Engineer,1990-01-19,1997-01-19
401429,Bedrich,Ressouche,Senior Engineer,1997-01-19,9999-01-01
401430,Kwok,Morrey,Senior Engineer,1988-10-24,9999-01-01
401434,Theirry,Heuser,Senior Staff,1998-04-25,9999-01-01
401436,Shakhar,Perz,Senior Staff,1994-11-07,9999-01-01
401496,Khalid,Marchesini,Engineer,1999-08-21,9999-01-01
401500,Navid,Comte,Technique Leader,1993-02-08,9999-01-01
401515,Mary,Kampfer,Staff,1998-07-09,9999-01-01
401541,Shin,Bratten,Engineer,1989-08-28,1994-08-28
401541,Shin,Bratten,Senior Engineer,1994-08-28,9999-01-01
401543,Avishai,Shimshoni,Senior Staff,1998-10-30,2002-02-12
401543,Avishai,Shimshoni,Staff,1992-10-30,1998-10-30
401559,Tommaso,Janocha,Assistant Engineer,1989-03-15,1998-03-15
401559,Tommaso,Janocha,Engineer,1998-03-15,9999-01-01
401560,Maja,Kading,Senior Engineer,1992-05-31,9999-01-01
401578,Mabhin,Puoti,Staff,1997-02-20,1997-11-27
401581,Becky,Stanfel,Engineer,1986-05-03,1995-05-03
401581,Becky,Stanfel,Senior Engineer,1995-05-03,9999-01-01
401585,Harngdar,Uhrik,Engineer,1991-11-27,1998-11-27
401585,Harngdar,Uhrik,Senior Engineer,1998-11-27,9999-01-01
401605,Lunjin,Levergood,Staff,1994-01-11,9999-01-01
401607,LiMin,Cromarty,Engineer,1995-12-11,2001-12-10
401607,LiMin,Cromarty,Senior Engineer,2001-12-10,9999-01-01
401611,Toong,Erman,Senior Staff,2001-11-29,9999-01-01
401611,Toong,Erman,Staff,1995-11-30,2001-11-29
401619,Berna,Marchegay,Staff,1990-02-27,1992-09-14
401643,Sudhanshu,Coors,Assistant Engineer,1987-06-10,1993-06-09
401643,Sudhanshu,Coors,Engineer,1993-06-09,1999-06-09
401643,Sudhanshu,Coors,Senior Engineer,1999-06-09,9999-01-01
401648,Behnaam,Lupu,Senior Staff,1999-02-12,9999-01-01
401648,Behnaam,Lupu,Staff,1992-02-12,1999-02-12
401707,Sreenivas,Rabehasaina,Engineer,1993-10-20,1999-10-20
401707,Sreenivas,Rabehasaina,Senior Engineer,1999-10-20,9999-01-01
401735,Gila,Shrader,Engineer,1992-12-13,1997-11-13
401741,Tsz,Marrakchi,Senior Staff,2002-02-17,9999-01-01
401741,Tsz,Marrakchi,Staff,1994-02-17,2002-02-17
401750,Niranjan,Kaiser,Engineer,1986-01-05,1990-07-25
401771,Mooi,Perez,Senior Staff,1995-04-21,2002-07-30
401771,Mooi,Perez,Staff,1986-04-21,1995-04-21
401790,Aruna,Brizzi,Staff,1997-05-07,9999-01-01
401792,Arun,Terkki,Assistant Engineer,1986-01-23,1995-01-23
401792,Arun,Terkki,Engineer,1995-01-23,9999-01-01
401794,Boaz,Borstler,Technique Leader,1991-07-29,9999-01-01
401819,Fumino,Dahlbom,Staff,1994-06-19,9999-01-01
401829,Waiman,Greibach,Senior Engineer,1993-04-29,9999-01-01
401835,Houman,Giarratana,Senior Engineer,1994-03-09,9999-01-01
401842,Tomoyuki,Rebaine,Engineer,1990-03-10,1997-03-10
401842,Tomoyuki,Rebaine,Senior Engineer,1997-03-10,9999-01-01
401856,Volkmar,Simmen,Senior Engineer,1993-03-26,1994-08-13
401857,Shuji,Zirintsis,Senior Staff,1996-03-25,9999-01-01
401857,Shuji,Zirintsis,Staff,1988-03-25,1996-03-25
401860,Shim,Brobst,Senior Staff,1987-04-25,1996-05-29
401902,Fumiyo,Potthoff,Senior Staff,1996-12-18,9999-01-01
401902,Fumiyo,Potthoff,Staff,1989-12-18,1996-12-18
401931,Yongmao,Rabehasaina,Staff,1995-02-10,1998-10-11
401937,Gina,Krychniak,Senior Engineer,1996-04-16,9999-01-01
401941,Ennio,Baek,Engineer,1998-10-16,9999-01-01
401979,Wojceich,Danlos,Engineer,1994-07-23,1999-07-23
401979,Wojceich,Danlos,Senior Engineer,1999-07-23,9999-01-01
401986,Yuping,Munawer,Senior Staff,1997-11-08,9999-01-01
401993,Kwok,Ozery,Staff,1998-11-25,9999-01-01
401998,Youssef,Anick,Engineer,1985-07-07,1993-07-07
401998,Youssef,Anick,Senior Engineer,1993-07-07,9999-01-01
402002,Woody,Trogemann,Assistant Engineer,1999-04-29,9999-01-01
402027,Goo,Schaad,Engineer,1993-09-03,1998-09-03
402027,Goo,Schaad,Senior Engineer,1998-09-03,9999-01-01
402029,Wojceich,Zaumen,Senior Engineer,1994-05-24,9999-01-01
402034,Gino,Peyn,Engineer,1993-06-14,2000-06-14
402034,Gino,Peyn,Senior Engineer,2000-06-14,2001-01-08
402049,Shahaf,Levasseur,Senior Staff,1994-04-28,9999-01-01
402049,Shahaf,Levasseur,Staff,1989-04-28,1994-04-28
402050,Adit,Thambidurai,Engineer,1988-03-18,1996-03-18
402050,Adit,Thambidurai,Senior Engineer,1996-03-18,9999-01-01
402053,Xinan,Schusler,Technique Leader,1994-01-12,2001-05-28
402054,Lenore,Duclos,Senior Staff,1987-06-24,9999-01-01
402058,Sadun,Schurmann,Assistant Engineer,1988-07-05,1993-07-05
402058,Sadun,Schurmann,Engineer,1993-07-05,1998-07-05
402058,Sadun,Schurmann,Senior Engineer,1998-07-05,9999-01-01
402063,Moie,Chiodo,Senior Engineer,1990-11-11,9999-01-01
402083,Sanjiv,Casperson,Senior Staff,1992-05-15,1997-11-09
402083,Sanjiv,Casperson,Staff,1987-05-16,1992-05-15
402089,Atreye,Lowrie,Engineer,1995-08-06,9999-01-01
402090,Serap,Kavraki,Senior Staff,2002-07-04,9999-01-01
402090,Serap,Kavraki,Staff,1996-07-04,2002-07-04
402093,Sudhanshu,Varker,Engineer,1990-09-25,1995-09-25
402093,Sudhanshu,Varker,Senior Engineer,1995-09-25,9999-01-01
402099,Ashish,Wossner,Senior Staff,1999-09-17,9999-01-01
402099,Ashish,Wossner,Staff,1992-09-16,1999-09-17
402137,Xianlong,Escriba,Engineer,1993-05-03,2002-05-03
402137,Xianlong,Escriba,Senior Engineer,2002-05-03,9999-01-01
402149,Akeno,Ibel,Engineer,1998-04-14,9999-01-01
402150,Tetsushi,Viele,Senior Staff,1992-09-16,9999-01-01
402150,Tetsushi,Viele,Staff,1987-09-17,1992-09-16
402173,Yannik,Stiles,Engineer,1991-09-03,1992-03-31
402206,Kristin,Gini,Staff,1988-11-25,1992-08-08
402227,Billie,Rusterholz,Senior Staff,1997-05-23,9999-01-01
402227,Billie,Rusterholz,Staff,1990-05-23,1997-05-23
402245,Yechiam,Hopewell,Senior Staff,2001-05-09,9999-01-01
402245,Yechiam,Hopewell,Staff,1995-05-10,2001-05-09
402248,Georgy,Thombley,Engineer,1986-09-19,1991-09-19
402248,Georgy,Thombley,Senior Engineer,1991-09-19,9999-01-01
402249,Ranga,Lamba,Staff,1996-05-04,9999-01-01
402260,Kellyn,Spataro,Staff,1987-01-02,1987-08-15
402284,Martina,Kamber,Engineer,1998-05-04,9999-01-01
402285,Insup,Emmart,Engineer,1985-11-06,1992-11-06
402285,Insup,Emmart,Senior Engineer,1992-11-06,9999-01-01
402297,Shuzo,Magalhaes,Assistant Engineer,1987-12-13,1992-12-12
402297,Shuzo,Magalhaes,Engineer,1992-12-12,1995-10-07
402298,Kamakshi,Beetstra,Senior Staff,1993-03-07,9999-01-01
402298,Kamakshi,Beetstra,Staff,1986-03-07,1993-03-07
402303,Henk,Falby,Assistant Engineer,1991-10-22,1999-10-22
402303,Henk,Falby,Engineer,1999-10-22,9999-01-01
402321,Guther,Farrel,Engineer,1986-05-31,1992-05-30
402321,Guther,Farrel,Senior Engineer,1992-05-30,9999-01-01
402334,Shahid,Duclos,Technique Leader,1996-04-28,9999-01-01
402373,Cullen,Rousseau,Senior Staff,1995-08-01,9999-01-01
402373,Cullen,Rousseau,Staff,1990-08-01,1995-08-01
402385,Randy,Falster,Senior Staff,1994-11-21,9999-01-01
402385,Randy,Falster,Staff,1986-11-21,1994-11-21
402390,Mabhin,Matzat,Engineer,1992-04-06,1997-04-05
402390,Mabhin,Matzat,Senior Engineer,1997-04-05,9999-01-01
402398,Rafols,Oxenboll,Senior Engineer,1989-10-06,9999-01-01
402407,Xiaocheng,Simkin,Engineer,1994-06-05,2002-06-05
402407,Xiaocheng,Simkin,Senior Engineer,2002-06-05,9999-01-01
402411,Vitali,Eastman,Senior Staff,1992-10-07,9999-01-01
402411,Vitali,Eastman,Staff,1987-10-08,1992-10-07
402412,Murthy,Lubachevsky,Technique Leader,1991-03-25,2000-02-26
402415,Huei,Gonthier,Senior Staff,1995-09-14,9999-01-01
402427,Shirish,Verhaegen,Assistant Engineer,1985-06-30,1993-06-30
402427,Shirish,Verhaegen,Engineer,1993-06-30,2001-06-30
402427,Shirish,Verhaegen,Senior Engineer,2001-06-30,9999-01-01
402431,Boaz,Ambroszkiewicz,Senior Engineer,1995-09-11,9999-01-01
402437,Udo,Benzmuller,Engineer,1996-06-16,9999-01-01
402448,Abdelkader,Hasenauer,Senior Engineer,1991-01-20,9999-01-01
402470,Rance,Kalafatis,Technique Leader,1991-02-22,9999-01-01
402480,Shunichi,Luks,Senior Engineer,1986-09-16,9999-01-01
402485,Kwangho,Swan,Senior Staff,1999-01-07,2000-10-09
402489,Adil,Maierhofer,Senior Staff,1994-03-16,9999-01-01
402489,Adil,Maierhofer,Staff,1989-03-16,1994-03-16
402494,Georgi,Muhlberg,Staff,1985-08-03,1989-05-30
402523,Sangeeta,Biran,Engineer,1991-02-08,1999-02-08
402523,Sangeeta,Biran,Senior Engineer,1999-02-08,9999-01-01
402543,Ayakannu,Goodrum,Engineer,1997-05-10,9999-01-01
402555,Chinya,Furudate,Staff,1999-08-08,9999-01-01
402575,Alain,Jeansoulin,Staff,1999-08-24,9999-01-01
402589,Mabhin,Siepmann,Engineer,2000-01-14,2000-03-08
402599,Peternela,Chorvat,Technique Leader,1996-07-08,9999-01-01
402621,Wojceich,Gadepally,Engineer,1989-10-07,1994-07-15
402640,Nirmal,Gluchowski,Senior Staff,2001-11-08,9999-01-01
402640,Nirmal,Gluchowski,Staff,1993-11-08,2001-11-08
402643,Tetsushi,Guerreiro,Senior Staff,2000-09-19,9999-01-01
402643,Tetsushi,Guerreiro,Staff,1995-09-20,2000-09-19
402651,Naftali,Brlek,Engineer,1985-12-29,1993-12-29
402651,Naftali,Brlek,Senior Engineer,1993-12-29,2002-03-13
402657,Inderjeet,Papastamatiou,Engineer,1986-07-19,1993-07-19
402657,Inderjeet,Papastamatiou,Senior Engineer,1993-07-19,9999-01-01
402668,Chinya,DeMori,Senior Staff,1991-04-19,9999-01-01
402668,Chinya,DeMori,Staff,1985-04-19,1991-04-19
402669,Poornachandra,Perly,Senior Staff,2000-07-29,9999-01-01
402669,Poornachandra,Perly,Staff,1992-07-29,2000-07-29
402671,Make,Iisaku,Engineer,1998-04-24,9999-01-01
402677,Youjian,Hooghiemstra,Engineer,1995-08-09,2001-08-08
402677,Youjian,Hooghiemstra,Senior Engineer,2001-08-08,9999-01-01
402685,Girolamo,DiGiano,Staff,1997-04-05,9999-01-01
402691,Kousuke,Lichtman,Senior Staff,1998-04-18,9999-01-01
402691,Kousuke,Lichtman,Staff,1990-04-18,1998-04-18
402725,Raimond,Rosti,Technique Leader,1994-11-14,9999-01-01
402738,Wanqing,Baaz,Senior Staff,1998-11-09,1999-02-23
402738,Wanqing,Baaz,Staff,1992-11-09,1998-11-09
402741,Bikash,Cmelik,Engineer,1997-08-23,9999-01-01
402749,Subir,Tzvieli,Senior Staff,1991-09-12,9999-01-01
402749,Subir,Tzvieli,Staff,1986-09-12,1991-09-12
402755,Nikolaus,Lunn,Senior Staff,1997-02-05,9999-01-01
402761,Weiye,Garigliano,Staff,1992-12-28,1996-07-17
402774,Byong,Luan,Engineer,1989-07-09,1994-07-09
402774,Byong,Luan,Senior Engineer,1994-07-09,9999-01-01
402787,Gil,Ladret,Senior Staff,2002-06-16,9999-01-01
402787,Gil,Ladret,Staff,1997-06-16,2002-06-16
402789,Mohan,Lampe,Staff,1998-09-04,9999-01-01
402798,Shay,Matteis,Senior Engineer,1991-01-19,9999-01-01
402816,Fatemeh,Luit,Senior Staff,1996-08-26,9999-01-01
402816,Fatemeh,Luit,Staff,1990-08-27,1996-08-26
402823,Mario,Serdy,Engineer,1998-02-18,2000-11-14
402837,Shugo,Debuse,Technique Leader,1994-09-24,9999-01-01
402855,Alselm,Birnbaum,Engineer,1990-05-31,1997-05-31
402855,Alselm,Birnbaum,Senior Engineer,1997-05-31,9999-01-01
402858,Shahar,Ladret,Senior Staff,1998-08-08,9999-01-01
402874,Bluma,Portugali,Engineer,1990-09-16,1996-09-15
402874,Bluma,Portugali,Senior Engineer,1996-09-15,9999-01-01
402881,Mantis,Guting,Engineer,1992-10-10,1997-10-10
402881,Mantis,Guting,Senior Engineer,1997-10-10,9999-01-01
402889,Guiseppe,Bratsberg,Technique Leader,1987-04-11,9999-01-01
402892,Xiaoheng,Champarnaud,Engineer,1992-05-17,2000-05-17
402892,Xiaoheng,Champarnaud,Senior Engineer,2000-05-17,9999-01-01
402894,Fumitake,Menyhert,Staff,1989-06-02,1996-04-15
402907,Goetz,Gecsel,Technique Leader,1997-05-03,2001-05-25
402910,Ashish,Maraist,Assistant Engineer,1998-01-24,9999-01-01
402913,Volkmar,Nourani,Senior Staff,1989-01-23,2001-02-12
402923,Boaz,Hofstetter,Engineer,1986-11-18,1994-11-18
402923,Boaz,Hofstetter,Senior Engineer,1994-11-18,9999-01-01
402925,Mari,Suomi,Senior Staff,1994-05-21,9999-01-01
402945,Martien,Rosiles,Staff,1998-08-15,9999-01-01
402955,Morris,Frolund,Staff,1996-11-15,9999-01-01
402961,Zhenbing,Krzyzanowski,Engineer,1998-02-19,2001-02-05
402963,Bokyung,Plump,Engineer,1991-05-28,2000-05-27
402963,Bokyung,Plump,Senior Engineer,2000-05-27,9999-01-01
402973,Marlo,Tanemo,Engineer,1999-05-02,2001-03-26
402974,Hideyuki,Marciano,Technique Leader,1985-11-04,9999-01-01
403042,Lunjin,Gubsky,Senior Staff,1996-12-17,9999-01-01
403042,Lunjin,Gubsky,Staff,1989-12-17,1996-12-17
403046,Tokuyasu,Bardell,Engineer,1991-07-20,1998-07-20
403046,Tokuyasu,Bardell,Senior Engineer,1998-07-20,9999-01-01
403058,Mohammed,Heering,Engineer,1985-07-20,1991-07-20
403058,Mohammed,Heering,Senior Engineer,1991-07-20,2002-01-17
403063,Sugwoo,Eugenio,Senior Staff,1998-06-18,9999-01-01
403063,Sugwoo,Eugenio,Staff,1993-06-18,1998-06-18
403066,Marl,Mapelli,Senior Staff,2001-02-08,9999-01-01
403066,Marl,Mapelli,Staff,1994-02-08,2001-02-08
403094,Tse,Jakobus,Engineer,1992-06-08,1997-06-08
403094,Tse,Jakobus,Senior Engineer,1997-06-08,9999-01-01
403110,Mayuko,Riexinger,Senior Staff,1994-03-10,9999-01-01
403121,Christ,Borstler,Engineer,1997-02-28,9999-01-01
403138,Juyoung,Paciorek,Senior Staff,2001-07-15,9999-01-01
403138,Juyoung,Paciorek,Staff,1992-07-15,2001-07-15
403143,Geoff,Angot,Engineer,1990-06-08,1998-06-08
403143,Geoff,Angot,Senior Engineer,1998-06-08,9999-01-01
403154,Giap,Szilard,Staff,1996-11-20,9999-01-01
403181,Marjo,Mateescu,Senior Staff,1999-08-15,9999-01-01
403181,Marjo,Mateescu,Staff,1990-08-15,1999-08-15
403217,Mandell,Bale,Engineer,1990-09-12,1996-09-11
403217,Mandell,Bale,Senior Engineer,1996-09-11,9999-01-01
403224,Maja,Krohm,Senior Staff,1993-04-25,9999-01-01
403240,Deborah,Brender,Engineer,1989-03-16,1996-03-16
403240,Deborah,Brender,Senior Engineer,1996-03-16,9999-01-01
403251,Deborah,Welham,Engineer,1993-05-06,2001-05-06
403251,Deborah,Welham,Senior Engineer,2001-05-06,9999-01-01
403263,Duangkaew,Templeman,Staff,1999-05-31,9999-01-01
403277,Hatsukazu,Ponthieu,Engineer,1990-02-20,1996-02-20
403277,Hatsukazu,Ponthieu,Senior Engineer,1996-02-20,9999-01-01
403308,Kwangyoen,Haraldson,Assistant Engineer,1996-09-08,9999-01-01
403326,Susumu,Kalorkoti,Staff,1997-09-04,9999-01-01
403337,Francesca,Chepyzhov,Senior Staff,1998-03-26,9999-01-01
403337,Francesca,Chepyzhov,Staff,1993-03-26,1998-03-26
403345,Debatosh,Azuma,Senior Staff,1995-08-09,9999-01-01
403345,Debatosh,Azuma,Staff,1988-08-08,1995-08-09
403346,Shin,Bauknecht,Technique Leader,1990-10-23,1996-01-22
403354,Carrsten,Schueller,Technique Leader,1986-10-08,9999-01-01
403365,Fumitaka,Limongiello,Staff,1999-12-22,9999-01-01
403366,Vojin,Merle,Engineer,1991-01-31,1997-01-30
403366,Vojin,Merle,Senior Engineer,1997-01-30,2000-09-06
403371,Marie,Bruckman,Engineer,1995-02-05,2001-02-04
403371,Marie,Bruckman,Senior Engineer,2001-02-04,9999-01-01
403374,Gianluca,Baranowski,Assistant Engineer,1997-09-19,9999-01-01
403375,Marlo,Gurbaxani,Engineer,1988-10-28,1996-10-27
403375,Marlo,Gurbaxani,Senior Engineer,1996-10-27,9999-01-01
403386,Renny,Bernardeschi,Senior Staff,1995-03-14,1997-09-22
403386,Renny,Bernardeschi,Staff,1987-03-14,1995-03-14
403419,Khatoun,Liedekerke,Engineer,1997-04-15,2002-04-15
403419,Khatoun,Liedekerke,Senior Engineer,2002-04-15,9999-01-01
403429,Taiji,Cullers,Staff,1997-03-23,9999-01-01
403435,Alejandra,Melton,Engineer,1991-08-24,1997-08-23
403435,Alejandra,Melton,Senior Engineer,1997-08-23,9999-01-01
403449,Kiyomitsu,Range,Engineer,1995-05-22,2002-05-22
403449,Kiyomitsu,Range,Senior Engineer,2002-05-22,9999-01-01
403451,Yongdong,Tsukuda,Senior Staff,1993-06-30,9999-01-01
403451,Yongdong,Tsukuda,Staff,1986-06-30,1993-06-30
403452,Anyuan,Nastansky,Staff,1995-10-17,9999-01-01
403511,Kristine,Fortenbacher,Senior Staff,1992-12-02,1995-02-21
403606,Shimshon,Czap,Engineer,1993-12-14,2000-12-14
403606,Shimshon,Czap,Senior Engineer,2000-12-14,9999-01-01
403619,Navin,Perna,Senior Engineer,1998-07-19,2000-03-12
403640,Shalesh,Benzaken,Senior Staff,1998-04-03,9999-01-01
403648,Adil,Fiutem,Senior Staff,1999-03-28,9999-01-01
403648,Adil,Fiutem,Staff,1992-03-27,1999-03-28
403649,Marek,Asrin,Engineer,1992-07-17,1997-07-17
403649,Marek,Asrin,Senior Engineer,1997-07-17,9999-01-01
403656,Hugo,Setia,Staff,1995-05-03,9999-01-01
403666,Susanne,Brattka,Senior Engineer,1993-08-01,9999-01-01
403671,Constantine,Gargeya,Senior Staff,2002-05-30,9999-01-01
403671,Constantine,Gargeya,Staff,1993-05-30,2002-05-30
403680,Heping,Anandan,Senior Engineer,1988-03-21,2000-10-07
403685,King,Munos,Senior Engineer,1987-07-08,9999-01-01
403694,Ulises,Braunmuhl,Engineer,1990-10-04,1996-10-03
403694,Ulises,Braunmuhl,Senior Engineer,1996-10-03,9999-01-01
403699,Mrinalini,Muntz,Technique Leader,1986-04-28,2001-04-08
403703,Miyeon,Rassart,Senior Engineer,1989-11-09,9999-01-01
403744,Giao,Turnbull,Senior Staff,1993-07-15,9999-01-01
403750,Danny,Pfau,Staff,1999-10-06,9999-01-01
403752,Mori,Rettelbach,Engineer,1992-04-18,2000-04-18
403752,Mori,Rettelbach,Senior Engineer,2000-04-18,9999-01-01
403780,Angel,Coorg,Engineer,1985-08-04,1990-08-04
403780,Angel,Coorg,Senior Engineer,1990-08-04,1991-03-04
403791,Gunilla,Setiz,Staff,1997-03-23,9999-01-01
403823,Jolita,Falco,Senior Staff,1999-05-06,2001-02-26
403828,Shuji,Syrotiuk,Engineer,1992-07-25,2001-07-25
403828,Shuji,Syrotiuk,Senior Engineer,2001-07-25,2001-12-24
403830,Padma,Cyne,Senior Staff,1996-04-16,9999-01-01
403830,Padma,Cyne,Staff,1990-04-17,1996-04-16
403848,Filipe,Kitsuregawa,Staff,1994-05-10,9999-01-01
403857,Srinidhi,Businaro,Senior Staff,1994-07-12,9999-01-01
403857,Srinidhi,Businaro,Staff,1989-07-12,1994-07-12
403858,Somnath,Huxford,Senior Staff,2001-01-25,9999-01-01
403858,Somnath,Huxford,Staff,1993-01-25,2001-01-25
403861,Stabislas,Nitta,Senior Staff,1994-04-24,9999-01-01
403861,Stabislas,Nitta,Staff,1986-04-24,1994-04-24
403874,Adamantios,McDermid,Technique Leader,1990-01-18,9999-01-01
403876,Youpyo,Riexinger,Senior Staff,1996-07-29,9999-01-01
403876,Youpyo,Riexinger,Staff,1987-07-30,1996-07-29
403902,Toong,Matteis,Senior Staff,1993-01-25,9999-01-01
403905,Soenke,Curless,Staff,1994-01-09,1997-03-21
403912,Arunachalam,Nicolson,Senior Staff,1995-07-21,9999-01-01
403924,Yonghong,Masand,Engineer,1992-12-04,1997-12-04
403924,Yonghong,Masand,Senior Engineer,1997-12-04,9999-01-01
403946,Huan,Comellas,Senior Engineer,1990-12-20,9999-01-01
403951,Yongqiao,Serov,Staff,1999-10-15,9999-01-01
403963,Dzung,Candan,Engineer,1997-03-16,9999-01-01
403966,Aiman,Vecchi,Senior Staff,2000-10-20,9999-01-01
403966,Aiman,Vecchi,Staff,1991-10-21,2000-10-20
403967,Francesca,Covnot,Engineer,1988-12-23,1995-12-24
403967,Francesca,Covnot,Senior Engineer,1995-12-24,9999-01-01
404028,Mantis,Peak,Engineer,1998-10-22,2000-11-20
404073,Katsuyuki,Kawashima,Assistant Engineer,1988-02-28,1994-02-27
404073,Katsuyuki,Kawashima,Engineer,1994-02-27,1996-05-14
404112,Fei,Pocchiola,Senior Staff,1996-08-09,9999-01-01
404112,Fei,Pocchiola,Staff,1989-08-09,1996-08-09
404124,Somnath,Morton,Engineer,1986-11-23,1995-11-23
404124,Somnath,Morton,Senior Engineer,1995-11-23,9999-01-01
404143,Chenye,Brodal,Staff,1996-05-22,9999-01-01
404145,Masako,Danley,Senior Staff,1995-06-06,1995-07-28
404145,Masako,Danley,Staff,1987-06-06,1995-06-06
404152,Angus,Swift,Staff,1996-01-18,9999-01-01
404155,Kankanahalli,Asrin,Engineer,1990-06-09,1998-06-09
404155,Kankanahalli,Asrin,Senior Engineer,1998-06-09,9999-01-01
404165,Cedric,Poujol,Engineer,1995-09-06,1998-10-10
404167,Qunsheng,Mitzlaff,Engineer,1985-11-03,1993-11-03
404167,Qunsheng,Mitzlaff,Senior Engineer,1993-11-03,9999-01-01
404170,Gaurav,Oppitz,Engineer,1993-03-07,2001-03-07
404170,Gaurav,Oppitz,Senior Engineer,2001-03-07,9999-01-01
404191,Prodip,Tetzlaff,Engineer,1998-08-29,1998-11-07
404192,Leandro,Petersohn,Senior Staff,1991-11-29,9999-01-01
404210,Alejandro,Noriega,Engineer,1993-12-23,9999-01-01
404220,Mohan,Baik,Engineer,1985-04-08,1994-04-08
404220,Mohan,Baik,Senior Engineer,1994-04-08,9999-01-01
404228,Kazuhiko,Lalonde,Senior Staff,1998-04-03,9999-01-01
404228,Kazuhiko,Lalonde,Staff,1989-04-04,1998-04-03
404237,Dietrich,Plessier,Staff,1995-12-22,9999-01-01
404247,Masali,Krzyzanowski,Senior Staff,1997-04-15,9999-01-01
404247,Masali,Krzyzanowski,Staff,1988-04-15,1997-04-15
404251,Yolla,Morrin,Senior Engineer,1987-06-11,9999-01-01
404255,Radoslaw,Steinauer,Staff,1999-12-30,9999-01-01
404272,Guadalupe,Manderick,Engineer,1999-12-23,9999-01-01
404277,Shunichi,Kalefeld,Senior Staff,2000-02-17,2001-04-22
404277,Shunichi,Kalefeld,Staff,1992-02-17,2000-02-17
404286,Ennio,Zykh,Senior Staff,1999-03-04,9999-01-01
404286,Ennio,Zykh,Staff,1991-03-04,1999-03-04
404301,Khun,Perri,Senior Engineer,1996-04-18,9999-01-01
404303,Kirk,Puppe,Engineer,1997-06-28,9999-01-01
404337,Hongzue,Kohling,Senior Staff,1997-09-18,9999-01-01
404349,Hyuckchul,Baba,Staff,1995-10-03,9999-01-01
404389,Frazer,Wuwongse,Staff,1999-07-24,9999-01-01
404390,Khoa,Gornas,Engineer,1994-09-01,2000-08-31
404390,Khoa,Gornas,Senior Engineer,2000-08-31,9999-01-01
404395,Gaetan,Reinhart,Engineer,1996-07-15,9999-01-01
404416,Wilmer,Fiebach,Senior Staff,1999-01-23,9999-01-01
404416,Wilmer,Fiebach,Staff,1994-01-23,1999-01-23
404421,Marie,Ulupinar,Staff,1995-04-03,9999-01-01
404422,Rimon,Papadias,Assistant Engineer,1989-12-22,1996-12-22
404422,Rimon,Papadias,Engineer,1996-12-22,9999-01-01
404426,Rosli,Soloway,Engineer,1998-01-17,9999-01-01
404431,Brigham,Rathonyi,Engineer,1993-09-03,9999-01-01
404438,Ramachenga,Peroz,Engineer,1990-01-22,1998-01-22
404438,Ramachenga,Peroz,Senior Engineer,1998-01-22,9999-01-01
404440,Gretta,Asmuth,Engineer,1986-11-20,1995-11-20
404440,Gretta,Asmuth,Senior Engineer,1995-11-20,9999-01-01
404456,Bouchung,Kamber,Technique Leader,1985-08-19,9999-01-01
404459,Utz,Peral,Engineer,1986-08-02,1993-08-02
404459,Utz,Peral,Senior Engineer,1993-08-02,9999-01-01
404473,Toshimi,Anily,Senior Staff,1993-03-14,9999-01-01
404473,Toshimi,Anily,Staff,1987-03-15,1993-03-14
404499,Jaewon,Spieker,Senior Engineer,1999-06-08,9999-01-01
404515,Yuuichi,Chachaty,Senior Engineer,1989-08-20,9999-01-01
404531,Ohad,Huxford,Assistant Engineer,1988-10-20,1997-10-20
404531,Ohad,Huxford,Engineer,1997-10-20,9999-01-01
404535,Almudena,Hemaspaandra,Senior Staff,1998-03-06,9999-01-01
404556,Giap,Denti,Staff,1994-12-01,9999-01-01
404559,Tremaine,Rabehasaina,Engineer,1994-11-25,2000-11-24
404559,Tremaine,Rabehasaina,Senior Engineer,2000-11-24,9999-01-01
404560,Peer,Luiz,Engineer,1987-02-16,1994-02-16
404560,Peer,Luiz,Senior Engineer,1994-02-16,9999-01-01
404579,Hiroyasu,Linnainmaa,Senior Staff,1994-05-09,1995-03-08
404599,Theirry,Matteis,Engineer,1992-04-06,1997-04-05
404599,Theirry,Matteis,Senior Engineer,1997-04-05,9999-01-01
404610,Uta,Markovitch,Senior Engineer,1994-09-09,9999-01-01
404625,Ingmar,Brandsma,Staff,1986-01-08,1990-02-26
404638,Youngkon,Alvarado,Engineer,1986-06-02,1992-06-01
404638,Youngkon,Alvarado,Senior Engineer,1992-06-01,9999-01-01
404663,Sanjit,Kobara,Assistant Engineer,1988-02-16,1991-12-13
404673,Fumino,Lamma,Engineer,1997-06-09,2000-03-01
404720,Chandrasekaran,Schach,Engineer,1994-09-22,2001-09-22
404720,Chandrasekaran,Schach,Senior Engineer,2001-09-22,9999-01-01
404728,Manu,Yetim,Technique Leader,1985-02-08,1993-09-23
404753,Adit,Domenig,Senior Engineer,1999-04-09,9999-01-01
404760,Howell,Rajala,Senior Staff,1994-01-22,9999-01-01
404760,Howell,Rajala,Staff,1989-01-22,1994-01-22
404776,Premsyl,Henders,Engineer,1994-07-24,2001-07-24
404776,Premsyl,Henders,Senior Engineer,2001-07-24,9999-01-01
404777,Radoslaw,Gubsky,Senior Staff,1996-03-21,9999-01-01
404777,Radoslaw,Gubsky,Staff,1989-03-21,1996-03-21
404780,Lobel,Bakhtari,Engineer,1995-12-23,9999-01-01
404799,Yongmao,Negoita,Senior Staff,1997-08-17,9999-01-01
404799,Yongmao,Negoita,Staff,1990-08-17,1997-08-17
404808,Tremaine,Otillio,Senior Staff,1997-06-14,9999-01-01
404817,DAIDA,Hofstetter,Assistant Engineer,1992-02-26,1997-02-25
404817,DAIDA,Hofstetter,Engineer,1997-02-25,2002-02-25
404817,DAIDA,Hofstetter,Senior Engineer,2002-02-25,9999-01-01
404830,Yagil,Ginesta,Senior Staff,1996-10-10,9999-01-01
404877,Kristin,Leppanen,Engineer,1998-11-03,9999-01-01
404893,Niclas,Veeraraghavan,Technique Leader,1996-12-14,9999-01-01
404913,Shem,Barvinok,Senior Staff,1994-03-09,1994-03-23
404913,Shem,Barvinok,Staff,1989-03-09,1994-03-09
404924,Wonhee,Vigier,Engineer,1995-03-13,2001-03-12
404924,Wonhee,Vigier,Senior Engineer,2001-03-12,9999-01-01
404926,Yuchang,Ouhyoung,Senior Staff,2001-01-09,9999-01-01
404926,Yuchang,Ouhyoung,Staff,1996-01-10,2001-01-09
404930,Jamaludin,Serdy,Staff,1999-03-27,9999-01-01
404954,Mong,Peyn,Engineer,1990-07-11,1995-07-11
404954,Mong,Peyn,Senior Engineer,1995-07-11,9999-01-01
404972,Hercules,Spinelli,Senior Staff,1989-12-14,9999-01-01
404977,Ennio,Bharadwaj,Engineer,1986-07-26,1994-07-26
404977,Ennio,Bharadwaj,Senior Engineer,1994-07-26,9999-01-01
405034,Venkatesan,Vadhan,Engineer,1986-07-29,1991-07-29
405034,Venkatesan,Vadhan,Senior Engineer,1991-07-29,9999-01-01
405036,Masoud,Erev,Staff,1997-07-15,9999-01-01
405037,Qunsheng,Unno,Staff,1997-02-27,9999-01-01
405041,Ekawit,Bain,Senior Staff,1991-05-15,9999-01-01
405045,Jayesh,Fraisse,Engineer,1997-11-10,9999-01-01
405065,Sadok,Barriga,Staff,1996-09-23,9999-01-01
405069,Ramzi,Tyugu,Staff,1998-04-12,1999-11-11
405088,Pohua,Quittner,Engineer,1986-03-31,1994-03-24
405101,Baoqiu,Perelgut,Engineer,1997-11-13,9999-01-01
405109,Tomoyuki,Pezzoli,Technique Leader,1987-10-03,9999-01-01
405118,Zhigen,Vecchio,Staff,1999-12-06,9999-01-01
405144,Alexius,Straney,Staff,1996-01-01,9999-01-01
405145,Claudi,Gimbel,Senior Staff,1997-11-30,9999-01-01
405145,Claudi,Gimbel,Staff,1990-11-30,1997-11-30
405148,Jasminko,Yurek,Staff,1998-12-07,9999-01-01
405202,Yishai,Brickell,Staff,1998-11-09,9999-01-01
405215,Lansing,Kading,Assistant Engineer,1991-05-02,1996-05-01
405215,Lansing,Kading,Engineer,1996-05-01,2001-05-01
405215,Lansing,Kading,Senior Engineer,2001-05-01,9999-01-01
405220,Pranjal,Atchley,Technique Leader,1999-04-20,9999-01-01
405222,Qingxiang,Marakhovsky,Senior Staff,2002-03-25,9999-01-01
405222,Qingxiang,Marakhovsky,Staff,1995-03-25,2002-03-25
405274,Genki,Woycyznski,Engineer,1986-04-29,1995-04-29
405274,Genki,Woycyznski,Senior Engineer,1995-04-29,9999-01-01
405278,Chenyi,Frijda,Senior Staff,2001-11-04,9999-01-01
405278,Chenyi,Frijda,Staff,1992-11-04,2001-11-04
405285,Kwok,Bernardeschi,Technique Leader,1990-01-02,9999-01-01
405287,Venkatesan,Syrzycki,Staff,1998-06-20,9999-01-01
405292,Kazuhiko,Teitelbaum,Staff,1997-11-13,9999-01-01
405302,Pohua,Heering,Engineer,1990-08-19,1994-04-12
405306,Hugh,Rissland,Engineer,1996-08-19,9999-01-01
405324,Conor,Siprelle,Senior Staff,1995-06-23,9999-01-01
405324,Conor,Siprelle,Staff,1990-06-23,1995-06-23
405338,Abdelghani,Rossi,Engineer,1997-06-28,1999-08-23
405340,Rosalie,Muchinsky,Engineer,1994-03-06,1999-03-06
405340,Rosalie,Muchinsky,Senior Engineer,1999-03-06,9999-01-01
405344,Kenton,Iisaka,Senior Engineer,1992-05-30,9999-01-01
405348,Henk,Barreiro,Senior Staff,2000-01-01,9999-01-01
405348,Henk,Barreiro,Staff,1992-01-01,2000-01-01
405355,Serap,Servi,Staff,1996-05-01,9999-01-01
405369,Shooichi,Masada,Staff,1996-09-26,9999-01-01
405374,Xiaocheng,Katzenelson,Senior Staff,1992-09-06,9999-01-01
405374,Xiaocheng,Katzenelson,Staff,1987-09-07,1992-09-06
405387,Marjo,Douceur,Senior Staff,1997-12-19,9999-01-01
405387,Marjo,Douceur,Staff,1990-12-19,1997-12-19
405407,Murthy,Chenney,Engineer,1985-05-02,1986-01-31
405413,Eirik,Schicker,Assistant Engineer,1988-11-08,1993-08-29
405433,Katsuo,Demke,Engineer,1994-09-27,9999-01-01
405459,Kristin,Gluchowski,Assistant Engineer,1998-02-04,1999-04-30
405488,Mayumi,Rusterholz,Senior Engineer,1998-09-16,2000-01-01
405502,Candido,Marchesini,Senior Staff,1998-01-24,9999-01-01
405502,Candido,Marchesini,Staff,1991-01-24,1998-01-24
405509,Maia,Bottner,Engineer,1993-09-29,2001-09-29
405509,Maia,Bottner,Senior Engineer,2001-09-29,9999-01-01
405549,Debaprosad,Pauthner,Senior Staff,1999-10-25,9999-01-01
405551,George,Jording,Senior Engineer,1994-01-12,9999-01-01
405586,Barna,Biros,Engineer,1997-01-25,2000-01-02
405587,Sudhanshu,Loncour,Senior Staff,1987-11-28,9999-01-01
405588,Yechiam,Harbusch,Staff,1999-10-10,9999-01-01
405614,Rutger,Irland,Technique Leader,1986-11-26,9999-01-01
405622,Janalee,Ramras,Engineer,1991-12-02,1999-12-02
405622,Janalee,Ramras,Senior Engineer,1999-12-02,9999-01-01
405633,Christophe,Caine,Senior Staff,1999-10-24,9999-01-01
405633,Christophe,Caine,Staff,1992-10-23,1999-10-24
405648,Kazuhito,Worfolk,Senior Staff,1996-09-13,9999-01-01
405648,Kazuhito,Worfolk,Staff,1989-09-13,1996-09-13
405679,Frazer,Besselaar,Senior Staff,1998-01-05,9999-01-01
405679,Frazer,Besselaar,Staff,1992-01-06,1998-01-05
405689,Khalid,Adachi,Staff,1998-07-05,9999-01-01
405695,Toshimi,Ranum,Engineer,1997-02-08,9999-01-01
405711,Zito,Oberman,Senior Staff,1994-08-02,9999-01-01
405717,Cathie,Perly,Staff,1987-03-10,1993-10-16
405741,Adib,Vasanthakumar,Senior Staff,1999-08-31,2001-11-24
405747,Shirish,Monkewich,Senior Staff,1993-01-27,9999-01-01
405759,Anyuan,Pluym,Engineer,1993-06-01,2000-06-01
405759,Anyuan,Pluym,Senior Engineer,2000-06-01,9999-01-01
405770,Elvis,Schiper,Engineer,1994-09-11,9999-01-01
405771,Badri,Schusler,Engineer,1988-01-03,1993-01-02
405771,Badri,Schusler,Senior Engineer,1993-01-02,9999-01-01
405776,Chaoyi,Ramsay,Engineer,1994-05-30,2001-04-30
405815,Miomir,Fiutem,Senior Engineer,1996-03-12,9999-01-01
405818,Barton,Selenyi,Staff,2000-01-01,9999-01-01
405821,Harngdar,Peot,Staff,1987-12-02,1994-08-26
405829,Ulises,Salverda,Senior Engineer,1992-09-18,9999-01-01
405835,Oddvar,Zastre,Engineer,1996-04-09,2002-04-09
405835,Oddvar,Zastre,Senior Engineer,2002-04-09,9999-01-01
405844,LiMin,Bierbaum,Senior Staff,1992-10-07,1995-08-05
405846,Fayez,Famili,Engineer,1990-02-14,1996-02-14
405846,Fayez,Famili,Senior Engineer,1996-02-14,9999-01-01
405853,Rosalyn,Baalen,Senior Engineer,1985-05-14,9999-01-01
405873,Shaleah,Zaumen,Senior Staff,1995-12-03,9999-01-01
405873,Shaleah,Zaumen,Staff,1989-12-03,1995-12-03
405881,Surveyors,Chiodo,Staff,1998-10-17,9999-01-01
405918,Serenella,Adachi,Engineer,1996-03-22,1998-02-08
405930,Leah,Zedlitz,Engineer,1997-01-02,9999-01-01
405946,Satyanarayana,Warwick,Staff,1995-05-21,1995-06-25
405979,Jovan,Penttonen,Engineer,1995-05-23,2000-05-22
405979,Jovan,Penttonen,Senior Engineer,2000-05-22,9999-01-01
405994,Gritta,Mapelli,Technique Leader,1999-05-13,9999-01-01
405998,Subhada,Aloia,Engineer,1993-12-07,9999-01-01
406020,Piyush,Tetzlaff,Technique Leader,1992-12-24,9999-01-01
406030,Zhaofang,Ventosa,Senior Engineer,1993-07-25,2001-02-28
406040,Shushma,Akaboshi,Engineer,1991-02-15,1997-02-14
406040,Shushma,Akaboshi,Senior Engineer,1997-02-14,9999-01-01
406042,Yongmin,Birrer,Engineer,1997-09-03,2001-07-14
406048,Abdelghani,Alpay,Technique Leader,1993-03-25,1996-11-14
406073,Ziva,Talmor,Engineer,1998-10-06,9999-01-01
406114,Akemi,Bratsberg,Engineer,1993-10-04,2000-10-04
406114,Akemi,Bratsberg,Senior Engineer,2000-10-04,9999-01-01
406123,Mark,Birjandi,Assistant Engineer,1986-08-20,1992-08-19
406123,Mark,Birjandi,Engineer,1992-08-19,1998-08-19
406123,Mark,Birjandi,Senior Engineer,1998-08-19,9999-01-01
406139,Nishit,Panangaden,Engineer,1996-11-30,9999-01-01
406140,Billur,Alameldin,Engineer,1995-02-12,2000-02-12
406140,Billur,Alameldin,Senior Engineer,2000-02-12,9999-01-01
406147,Shigeu,Poujol,Senior Staff,2002-04-04,9999-01-01
406147,Shigeu,Poujol,Staff,1995-04-05,2002-04-04
406168,Stabislas,Czap,Engineer,1988-02-17,1993-02-16
406168,Stabislas,Czap,Senior Engineer,1993-02-16,9999-01-01
406171,Heng,Shinomoto,Senior Engineer,1988-07-05,9999-01-01
406186,Christophe,Basart,Senior Staff,1993-04-14,1997-11-18
406190,Aloys,Eldridge,Senior Staff,1994-03-01,9999-01-01
406190,Aloys,Eldridge,Staff,1988-03-01,1994-03-01
406194,Hidde,Gerteisen,Senior Staff,1997-03-04,9999-01-01
406194,Hidde,Gerteisen,Staff,1991-03-05,1997-03-04
406208,Fan,Tramer,Senior Engineer,1998-10-30,9999-01-01
406213,Aluzio,Ramamoorthy,Engineer,1998-10-08,9999-01-01
406214,Divier,Bernatsky,Staff,1998-01-13,9999-01-01
406244,Constantino,Anily,Senior Staff,1994-05-10,9999-01-01
406252,Apostol,Boyle,Staff,1996-06-13,9999-01-01
406260,Mizuhito,Jeansoulin,Senior Staff,1994-11-30,9999-01-01
406260,Mizuhito,Jeansoulin,Staff,1989-11-30,1994-11-30
406273,Jinya,Bhattacharjee,Engineer,1985-09-11,1994-09-11
406273,Jinya,Bhattacharjee,Senior Engineer,1994-09-11,9999-01-01
406283,Shridhar,Katalagarianos,Engineer,1997-01-17,9999-01-01
406300,Muzhong,Smeets,Engineer,1991-03-31,1998-03-31
406300,Muzhong,Smeets,Senior Engineer,1998-03-31,9999-01-01
406314,Hiroyasu,Luga,Engineer,1994-08-30,1999-08-30
406314,Hiroyasu,Luga,Senior Engineer,1999-08-30,1999-10-11
406322,Ranga,Schurmann,Engineer,1990-11-05,1995-11-05
406322,Ranga,Schurmann,Senior Engineer,1995-11-05,1997-03-29
406339,Eishiro,Mungall,Engineer,1999-12-12,9999-01-01
406364,Phule,Litvinov,Senior Staff,1992-08-02,9999-01-01
406364,Phule,Litvinov,Staff,1985-08-02,1992-08-02
406365,Dulce,Alpay,Senior Staff,1998-05-30,9999-01-01
406365,Dulce,Alpay,Staff,1989-05-30,1998-05-30
406395,Elvis,Champarnaud,Staff,1997-12-12,9999-01-01
406413,Khalil,Suessmith,Staff,1999-06-18,9999-01-01
406435,Foong,Carrera,Engineer,1997-02-11,9999-01-01
406442,Giri,Chenney,Senior Staff,2000-10-14,9999-01-01
406442,Giri,Chenney,Staff,1994-10-15,2000-10-14
406462,Leaf,Iwayama,Staff,1997-05-05,2000-08-09
406463,Pranjal,Worfolk,Staff,1999-03-28,2001-11-19
406468,Kauko,Schapiro,Staff,1998-09-08,9999-01-01
406474,Manu,Hardjono,Engineer,1992-07-12,2001-07-12
406474,Manu,Hardjono,Senior Engineer,2001-07-12,9999-01-01
406492,Feiyu,Lung,Senior Staff,1995-12-02,9999-01-01
406527,Toshimo,Birsak,Engineer,1994-09-13,1999-09-13
406527,Toshimo,Birsak,Senior Engineer,1999-09-13,9999-01-01
406549,Sudhanshu,Pocchiola,Staff,1999-11-27,9999-01-01
406570,Kazuhiro,Barinka,Technique Leader,1995-10-15,2000-12-25
406575,Heping,Silva,Engineer,1989-12-09,1998-12-09
406575,Heping,Silva,Senior Engineer,1998-12-09,9999-01-01
406585,Make,Oxenboll,Senior Engineer,1987-03-30,9999-01-01
406591,Junsik,Weisert,Engineer,1997-12-03,2000-10-03
406601,Katsuo,Badache,Engineer,1987-10-26,1992-10-25
406601,Katsuo,Badache,Senior Engineer,1992-10-25,9999-01-01
406618,Radoslaw,Kalafatis,Staff,1994-04-28,1996-02-12
406619,Hidefumi,Shumilov,Senior Staff,2002-02-22,9999-01-01
406619,Hidefumi,Shumilov,Staff,1996-02-23,2002-02-22
406642,Yolla,Bade,Senior Staff,1998-07-19,9999-01-01
406642,Yolla,Bade,Staff,1993-07-19,1998-07-19
406651,Aksel,Brookner,Engineer,1986-03-29,1992-03-28
406651,Aksel,Brookner,Senior Engineer,1992-03-28,9999-01-01
406663,Kish,Larfeldt,Engineer,1999-11-05,2002-05-15
406699,Bangqing,Rassart,Senior Staff,2000-10-10,9999-01-01
406699,Bangqing,Rassart,Staff,1995-10-11,2000-10-10
406704,Weidon,Sewelson,Engineer,1999-02-28,9999-01-01
406710,Geoffry,Gihr,Senior Engineer,1991-07-23,9999-01-01
406759,Shen,Itschner,Engineer,1994-06-26,2002-06-26
406759,Shen,Itschner,Senior Engineer,2002-06-26,9999-01-01
406772,Lansing,Katiyar,Senior Staff,1997-03-10,9999-01-01
406772,Lansing,Katiyar,Staff,1991-03-11,1997-03-10
406783,Vidya,Rabejac,Senior Engineer,1991-10-25,9999-01-01
406788,Avishai,Simkin,Senior Staff,1997-03-11,9999-01-01
406788,Avishai,Simkin,Staff,1990-03-11,1997-03-11
406807,Miyeon,Malabarba,Senior Staff,1994-04-08,9999-01-01
406807,Miyeon,Malabarba,Staff,1986-04-08,1994-04-08
406828,Jagoda,Redmiles,Engineer,1989-12-28,1996-12-28
406828,Jagoda,Redmiles,Senior Engineer,1996-12-28,9999-01-01
406882,Rayond,Ghemri,Senior Staff,1995-12-12,9999-01-01
406882,Rayond,Ghemri,Staff,1987-12-12,1995-12-12
406898,Basil,Ibel,Senior Staff,1996-08-02,9999-01-01
406898,Basil,Ibel,Staff,1987-08-03,1996-08-02
406907,Heekeun,Benantar,Senior Staff,1991-03-06,9999-01-01
406908,Heng,Dratva,Staff,1997-12-13,2001-01-31
406913,Geoffry,Angel,Senior Staff,1995-07-07,9999-01-01
406913,Geoffry,Angel,Staff,1989-07-07,1995-07-07
406928,Clyde,Simmel,Engineer,1987-07-11,1993-07-10
406928,Clyde,Simmel,Senior Engineer,1993-07-10,9999-01-01
406938,Xiaopeng,Ouhyoung,Senior Staff,1993-07-26,1998-01-13
406939,Eirik,Peac,Senior Staff,1992-09-30,9999-01-01
406939,Eirik,Peac,Staff,1985-09-30,1992-09-30
406962,Chirstian,Cromarty,Staff,1997-08-22,9999-01-01
407005,Moss,Ambroszkiewicz,Senior Staff,1992-03-07,9999-01-01
407021,Keung,Hanabata,Senior Staff,1985-03-30,9999-01-01
407029,Lene,Erbe,Engineer,1985-10-19,1994-10-19
407029,Lene,Erbe,Senior Engineer,1994-10-19,9999-01-01
407032,Arto,Bodoff,Technique Leader,1998-11-04,9999-01-01
407040,Douadi,Remmele,Engineer,1998-07-19,2000-03-29
407056,Dung,Strandh,Staff,1998-11-18,9999-01-01
407058,Doohun,Tsukuda,Staff,1998-10-14,1999-11-14
407118,Brendon,Werthner,Engineer,1991-10-21,1996-10-20
407118,Brendon,Werthner,Senior Engineer,1996-10-20,9999-01-01
407124,Akhilish,Marshall,Staff,1987-12-29,1990-04-28
407126,Eirik,Horswill,Senior Staff,1986-04-25,9999-01-01
407135,Jenwei,McClurg,Senior Staff,1999-04-22,9999-01-01
407150,IEEE,Hoppenstand,Engineer,1985-07-08,1991-07-08
407150,IEEE,Hoppenstand,Senior Engineer,1991-07-08,1996-07-12
407159,Perla,Piveteau,Engineer,1993-09-23,1999-09-23
407159,Perla,Piveteau,Senior Engineer,1999-09-23,9999-01-01
407167,Gill,Perin,Engineer,1989-12-20,1992-05-20
407169,Xiadong,Ratnakar,Engineer,1996-07-30,2001-07-30
407169,Xiadong,Ratnakar,Senior Engineer,2001-07-30,9999-01-01
407175,Paraskevi,Thiria,Engineer,1985-11-22,1993-11-22
407175,Paraskevi,Thiria,Senior Engineer,1993-11-22,9999-01-01
407188,Nahum,Gonthier,Staff,1995-05-15,1999-07-17
407193,Guttorm,Standera,Engineer,1992-01-02,1997-01-01
407193,Guttorm,Standera,Senior Engineer,1997-01-01,9999-01-01
407211,Phillip,Plavsic,Technique Leader,1993-09-28,9999-01-01
407245,Keung,Shiratori,Senior Staff,1999-05-24,9999-01-01
407245,Keung,Shiratori,Staff,1992-05-23,1999-05-24
407257,Randy,Driscoll,Senior Staff,1997-02-22,9999-01-01
407267,Yishai,Khalid,Engineer,1991-06-09,1997-06-08
407267,Yishai,Khalid,Senior Engineer,1997-06-08,9999-01-01
407268,Stepehn,Capobianchi,Senior Staff,1997-10-17,9999-01-01
407268,Stepehn,Capobianchi,Staff,1990-10-17,1997-10-17
407276,Shen,Hiyoshi,Engineer,1990-12-19,1999-12-19
407276,Shen,Hiyoshi,Senior Engineer,1999-12-19,9999-01-01
407288,Zeydy,Schlenzig,Staff,1998-02-17,9999-01-01
407316,Basim,Flowers,Engineer,1989-02-09,1994-02-09
407316,Basim,Flowers,Senior Engineer,1994-02-09,9999-01-01
407332,Tomokazu,Goldhammer,Staff,1999-02-21,9999-01-01
407354,Toshiko,Linares,Senior Staff,2000-05-13,9999-01-01
407354,Toshiko,Linares,Staff,1993-05-13,2000-05-13
407355,Danco,Luan,Senior Engineer,1988-09-21,1989-04-26
407397,Brigham,Sankaranarayanan,Senior Staff,1987-10-09,9999-01-01
407432,Xiaoshan,Emmerich,Engineer,1986-08-12,1994-08-12
407432,Xiaoshan,Emmerich,Senior Engineer,1994-08-12,9999-01-01
407444,Xudong,Coorg,Engineer,1991-10-19,1997-10-18
407444,Xudong,Coorg,Senior Engineer,1997-10-18,9999-01-01
407470,Chaitali,Zlotek,Engineer,1991-08-06,1998-08-06
407470,Chaitali,Zlotek,Senior Engineer,1998-08-06,2000-05-25
407479,Xuejia,Salvesen,Engineer,1996-08-27,9999-01-01
407491,Michaela,Gargeya,Engineer,1994-05-26,9999-01-01
407500,Siddarth,Keohane,Staff,1996-02-13,9999-01-01
407523,Odinaldo,Cairo,Engineer,1988-11-17,1997-11-17
407523,Odinaldo,Cairo,Senior Engineer,1997-11-17,9999-01-01
407527,Leah,Chiodo,Senior Staff,1990-05-11,9999-01-01
407527,Leah,Chiodo,Staff,1985-05-11,1990-05-11
407533,Monique,Erbe,Senior Engineer,1998-07-08,9999-01-01
407536,Gila,Itzfeldt,Senior Staff,2001-01-10,9999-01-01
407536,Gila,Itzfeldt,Staff,1995-01-11,2001-01-10
407542,Lillian,Hiraishi,Staff,1997-07-31,2001-03-28
407543,Toshimori,Grospietsch,Engineer,1995-01-10,2002-01-10
407543,Toshimori,Grospietsch,Senior Engineer,2002-01-10,9999-01-01
407576,Sadun,Vieth,Senior Staff,1994-12-28,9999-01-01
407576,Sadun,Vieth,Staff,1985-12-28,1994-12-28
407586,Premsyl,Usery,Senior Staff,1997-12-25,2001-07-07
407586,Premsyl,Usery,Staff,1992-12-25,1997-12-25
407616,Shaowei,Stanger,Staff,1999-04-24,2002-03-01
407618,Utz,Benveniste,Engineer,1995-02-16,9999-01-01
407623,Aiichiro,Danecki,Engineer,1995-12-11,9999-01-01
407628,Anestis,Schiettecatte,Senior Staff,2001-09-07,9999-01-01
407628,Anestis,Schiettecatte,Staff,1992-09-07,2001-09-07
407639,Morrie,Mamelak,Engineer,1994-02-25,9999-01-01
407652,Kersti,Reghbati,Engineer,1996-12-17,1997-05-17
407686,Rimli,Beetstra,Senior Staff,1985-06-08,9999-01-01
407700,Vidya,Demeyer,Engineer,1993-05-23,2001-05-23
407700,Vidya,Demeyer,Senior Engineer,2001-05-23,9999-01-01
407720,Arnould,Krybus,Staff,1999-09-01,9999-01-01
407747,Chuanti,Rajaraman,Engineer,1993-10-29,1999-10-29
407747,Chuanti,Rajaraman,Senior Engineer,1999-10-29,9999-01-01
407767,Sahrah,Lukaszewicz,Senior Staff,1995-06-24,9999-01-01
407797,Martins,Lenart,Senior Staff,2000-09-19,9999-01-01
407797,Martins,Lenart,Staff,1994-09-20,2000-09-19
407800,Anestis,Piancastelli,Assistant Engineer,1997-06-20,1998-07-18
407813,Martina,Bennis,Engineer,1997-04-03,2000-12-15
407814,Dinah,Waymire,Senior Staff,1993-05-07,9999-01-01
407814,Dinah,Waymire,Staff,1987-05-08,1993-05-07
407825,Mari,Oxenboll,Technique Leader,1999-11-10,9999-01-01
407829,Xiong,Lyonns,Technique Leader,1993-03-17,9999-01-01
407839,Heeju,Hiraishi,Staff,1999-06-06,9999-01-01
407850,Adel,Lores,Engineer,1985-04-15,1989-10-18
407851,Peternela,Spieker,Senior Staff,1996-10-18,9999-01-01
407851,Peternela,Spieker,Staff,1991-10-19,1996-10-18
407857,Shuichi,Oehlmann,Senior Engineer,1986-07-27,1997-06-22
407871,Christfried,Wilfing,Staff,1999-09-21,9999-01-01
407944,Ewing,Angelopoulos,Engineer,1995-10-04,9999-01-01
407946,Lorien,Cools,Senior Engineer,1993-11-07,9999-01-01
407954,Gilbert,Hagimont,Senior Staff,1996-04-05,9999-01-01
407973,Yahiko,Cannata,Senior Engineer,1999-02-10,9999-01-01
408013,Candido,Conti,Senior Staff,2001-06-16,9999-01-01
408013,Candido,Conti,Staff,1993-06-16,2001-06-16
408070,Conor,Emmart,Engineer,1987-01-04,1995-01-04
408070,Conor,Emmart,Senior Engineer,1995-01-04,9999-01-01
408093,Satosi,Shokrollahi,Senior Staff,1993-08-15,9999-01-01
408102,Munehiko,Takkinen,Staff,1995-10-22,2001-11-30
408123,Selwyn,Wiegley,Staff,1995-10-05,9999-01-01
408145,Elliott,Morrey,Senior Staff,1986-11-28,2001-11-29
408149,Manibrata,Peak,Engineer,1997-10-12,9999-01-01
408154,Noritoshi,Bondorf,Engineer,1993-11-13,9999-01-01
408158,Gunilla,Bail,Engineer,1987-09-23,1993-09-22
408158,Gunilla,Bail,Senior Engineer,1993-09-22,9999-01-01
408171,Marin,Boudaillier,Staff,1999-03-08,9999-01-01
408180,Dipankar,Syang,Senior Engineer,1986-11-26,9999-01-01
408185,Fumitake,Birge,Senior Staff,1997-06-22,9999-01-01
408185,Fumitake,Birge,Staff,1992-06-22,1997-06-22
408198,Koichi,Radhakrishnan,Staff,1994-01-03,9999-01-01
408218,Shay,Melichar,Senior Staff,2000-07-14,9999-01-01
408218,Shay,Melichar,Staff,1994-07-15,2000-07-14
408233,Sachin,Erez,Engineer,1987-12-01,1996-11-30
408233,Sachin,Erez,Senior Engineer,1996-11-30,9999-01-01
408237,Marin,Massonet,Engineer,1987-02-21,1993-02-20
408237,Marin,Massonet,Senior Engineer,1993-02-20,9999-01-01
408242,Mabry,Lichtner,Engineer,1988-02-29,1993-02-28
408242,Mabry,Lichtner,Senior Engineer,1993-02-28,9999-01-01
408252,Perla,Garnick,Senior Staff,1995-04-28,9999-01-01
408252,Perla,Garnick,Staff,1990-04-28,1995-04-28
408260,Hsiangchu,Hofman,Senior Engineer,1997-04-06,9999-01-01
408262,Nevio,Boissier,Senior Staff,1988-06-07,9999-01-01
408316,Susanna,Peyn,Senior Staff,1997-02-26,9999-01-01
408316,Susanna,Peyn,Staff,1988-02-27,1997-02-26
408342,Cheong,Muchinsky,Engineer,1991-08-16,1995-03-20
408379,Kasidit,Erman,Senior Engineer,1991-02-22,9999-01-01
408380,Fabrizio,Herath,Staff,1995-07-10,9999-01-01
408426,Ishfaq,Alpin,Staff,1987-12-20,1989-11-02
408427,Barry,Luks,Senior Staff,1993-03-22,9999-01-01
408439,Ulises,Khasidashvili,Engineer,1994-10-14,9999-01-01
408442,Dmitri,Staylopatis,Senior Staff,1989-06-29,9999-01-01
408460,Ioana,Eiter,Senior Staff,1999-06-04,9999-01-01
408460,Ioana,Eiter,Staff,1994-06-04,1999-06-04
408509,Nirmal,Stavenow,Staff,1986-07-09,1987-08-06
408510,Dante,Erbe,Senior Staff,1997-10-30,9999-01-01
408535,Mabhin,Bernick,Senior Staff,1996-06-05,9999-01-01
408535,Mabhin,Bernick,Staff,1991-06-06,1996-06-05
408542,Adin,Conde,Senior Engineer,1985-10-18,9999-01-01
408547,Phule,Versino,Assistant Engineer,1990-06-10,1997-06-10
408547,Phule,Versino,Engineer,1997-06-10,9999-01-01
408555,Shih,Lanteri,Staff,1995-04-11,1997-07-31
408565,Thanasis,Kitsuregawa,Engineer,1996-08-27,2001-08-27
408565,Thanasis,Kitsuregawa,Senior Engineer,2001-08-27,9999-01-01
408580,Herb,Kading,Technique Leader,1996-11-23,9999-01-01
408584,Yuqun,Asser,Engineer,1991-01-25,1998-01-25
408584,Yuqun,Asser,Senior Engineer,1998-01-25,9999-01-01
408585,Freyja,Kropp,Engineer,1994-06-24,2000-06-23
408585,Freyja,Kropp,Senior Engineer,2000-06-23,9999-01-01
408606,Tsvetan,Soicher,Engineer,1996-10-11,1999-04-28
408622,Jamaludin,Cappello,Technique Leader,1999-06-05,9999-01-01
408630,Youngkon,Farrow,Technique Leader,1989-08-06,9999-01-01
408635,Tremaine,Bellmore,Senior Engineer,1993-07-06,9999-01-01
408652,Holgard,Byoun,Senior Staff,1990-08-26,9999-01-01
408655,Kristina,Koshino,Senior Staff,1993-08-10,9999-01-01
408659,Naftali,Redmiles,Senior Staff,1998-09-16,9999-01-01
408666,Jasminko,Liesche,Senior Staff,2001-04-13,9999-01-01
408666,Jasminko,Liesche,Staff,1992-04-13,2001-04-13
408674,Barun,Vasanthakumar,Senior Engineer,1989-07-04,9999-01-01
408698,Radhakrishnan,Attimonelli,Engineer,1998-09-08,2001-12-15
408705,Lorien,Verspoor,Engineer,1996-10-12,9999-01-01
408734,Sanjit,Matzke,Engineer,1988-12-06,1994-12-06
408734,Sanjit,Matzke,Senior Engineer,1994-12-06,2000-11-13
408746,Lubomir,Munos,Technique Leader,1987-07-21,9999-01-01
408751,Premal,Demeyer,Engineer,1994-11-03,1999-07-03
408768,Weiwu,Hooghiemstra,Senior Staff,2001-09-10,9999-01-01
408768,Weiwu,Hooghiemstra,Staff,1992-09-10,2001-09-10
408789,Huai,Gonthier,Engineer,1999-10-24,9999-01-01
408805,Marek,Przulj,Engineer,1991-03-03,1998-03-03
408805,Marek,Przulj,Senior Engineer,1998-03-03,9999-01-01
408812,Ferdinand,Kavraki,Engineer,1998-02-09,9999-01-01
408816,Lech,Katiyar,Technique Leader,1990-05-06,9999-01-01
408836,Hsiangchu,Senzako,Senior Staff,1996-05-27,9999-01-01
408836,Hsiangchu,Senzako,Staff,1991-05-28,1996-05-27
408839,Anwar,Feldmann,Engineer,1989-01-03,1997-01-03
408839,Anwar,Feldmann,Senior Engineer,1997-01-03,9999-01-01
408840,Seongbin,McClure,Senior Staff,1999-09-12,9999-01-01
408845,Yahiko,Olano,Senior Staff,1993-01-15,9999-01-01
408853,Tayeb,Wegerle,Staff,1993-11-04,1997-06-05
408860,Mingdong,Koblitz,Senior Staff,1995-12-30,9999-01-01
408860,Mingdong,Koblitz,Staff,1989-12-30,1995-12-30
408869,Duro,Kruskal,Senior Staff,1992-10-31,9999-01-01
408869,Duro,Kruskal,Staff,1986-11-01,1992-10-31
408873,Shugo,Denna,Senior Staff,1999-06-22,9999-01-01
408873,Shugo,Denna,Staff,1990-06-22,1999-06-22
408888,Rosita,Kropp,Engineer,1998-09-12,9999-01-01
408899,Berni,Azevdeo,Engineer,1993-04-12,1997-07-30
408911,Udo,Navazio,Senior Engineer,1988-07-10,1999-03-06
408923,Serap,Fordan,Engineer,1999-10-14,9999-01-01
408930,Akeel,Lorch,Senior Staff,1999-05-24,9999-01-01
408930,Akeel,Lorch,Staff,1993-05-24,1999-05-24
408937,Siddarth,Yetto,Senior Staff,2000-06-06,9999-01-01
408937,Siddarth,Yetto,Staff,1995-06-07,2000-06-06
408950,Subhrajyoti,Barriga,Senior Staff,1998-02-22,9999-01-01
408950,Subhrajyoti,Barriga,Staff,1991-02-22,1998-02-22
408960,Vishu,Kushnir,Assistant Engineer,1991-04-08,1998-04-08
408960,Vishu,Kushnir,Engineer,1998-04-08,9999-01-01
408993,Mohd,Gils,Engineer,1989-01-05,1995-01-05
408993,Mohd,Gils,Senior Engineer,1995-01-05,9999-01-01
409013,Ingemar,Malinowski,Senior Staff,1998-11-14,9999-01-01
409013,Ingemar,Malinowski,Staff,1993-11-14,1998-11-14
409030,Gaurav,Wossner,Senior Staff,1993-02-23,9999-01-01
409030,Gaurav,Wossner,Staff,1986-02-23,1993-02-23
409031,Masoud,Steinauer,Senior Engineer,1991-11-19,9999-01-01
409032,Marin,Foong,Engineer,1986-12-14,1993-12-14
409032,Marin,Foong,Senior Engineer,1993-12-14,1994-03-08
409043,Fatemeh,Lowrie,Senior Staff,1994-10-16,9999-01-01
409043,Fatemeh,Lowrie,Staff,1987-10-16,1994-10-16
409064,Heon,Jullig,Senior Staff,1992-03-31,9999-01-01
409083,Chaitali,Siprelle,Engineer,1999-08-04,9999-01-01
409116,Erzsebet,Kamble,Senior Staff,2000-06-17,9999-01-01
409116,Erzsebet,Kamble,Staff,1995-06-18,2000-06-17
409134,Stepehn,Felder,Engineer,1991-03-14,2000-03-13
409134,Stepehn,Felder,Senior Engineer,2000-03-13,9999-01-01
409135,Elliott,Christianini,Engineer,1993-11-20,2002-07-01
409170,Giri,Pero,Senior Staff,2001-01-30,9999-01-01
409170,Giri,Pero,Staff,1994-01-30,2001-01-30
409177,Sukumar,Rajcani,Senior Staff,1989-04-20,1997-02-13
409208,Zhanqiu,Landherr,Staff,1998-11-07,1999-10-07
409215,Heekeun,Wursthorn,Staff,1997-09-26,9999-01-01
409220,Abdelaziz,Ritzmann,Senior Staff,1990-11-04,9999-01-01
409223,Zhiguo,Kermarrec,Staff,1985-12-06,1987-11-23
409229,Kauko,Vecchio,Engineer,1988-11-30,1997-11-30
409229,Kauko,Vecchio,Senior Engineer,1997-11-30,9999-01-01
409234,Alper,Selvestrel,Senior Staff,1995-11-19,9999-01-01
409234,Alper,Selvestrel,Staff,1990-11-19,1995-11-19
409235,Hironoby,Vuskovic,Engineer,1996-04-29,2001-04-29
409235,Hironoby,Vuskovic,Senior Engineer,2001-04-29,9999-01-01
409243,Hairong,Luke,Engineer,1987-04-21,1995-04-21
409243,Hairong,Luke,Senior Engineer,1995-04-21,9999-01-01
409257,Randy,Janetzko,Senior Staff,1995-04-29,1999-05-27
409257,Randy,Janetzko,Staff,1988-04-28,1995-04-29
409268,Elvis,Pero,Engineer,1987-11-13,1992-11-12
409268,Elvis,Pero,Senior Engineer,1992-11-12,9999-01-01
409278,Kwun,Bednarek,Engineer,1992-11-27,1999-01-18
409295,Garnet,Verspoor,Senior Staff,1995-09-03,9999-01-01
409295,Garnet,Verspoor,Staff,1988-09-02,1995-09-03
409311,Kellyn,Levergood,Technique Leader,1992-10-08,9999-01-01
409337,Eran,Kaiser,Senior Staff,2001-10-16,9999-01-01
409337,Eran,Kaiser,Staff,1996-10-16,2001-10-16
409338,Shuji,Gunderson,Staff,1998-01-30,1999-07-04
409350,Heejo,Peron,Engineer,1988-01-26,1994-05-21
409353,Shem,Laventhal,Engineer,1988-03-28,1994-03-28
409353,Shem,Laventhal,Senior Engineer,1994-03-28,9999-01-01
409366,Atreyi,Guenter,Senior Staff,1997-01-08,9999-01-01
409370,Thanasis,Bisiani,Engineer,1998-03-13,9999-01-01
409378,Adil,Pileggi,Senior Engineer,1993-09-21,9999-01-01
409386,Jackson,Mattern,Senior Staff,1987-07-26,9999-01-01
409388,Udi,Tsukune,Engineer,1995-05-08,2001-05-07
409388,Udi,Tsukune,Senior Engineer,2001-05-07,9999-01-01
409390,Hugh,Plumb,Senior Staff,1996-11-04,9999-01-01
409390,Hugh,Plumb,Staff,1989-11-04,1996-11-04
409410,Anneli,Jiafu,Staff,1985-04-12,1990-03-07
409412,Pantung,Lupu,Senior Staff,1992-08-30,9999-01-01
409412,Pantung,Lupu,Staff,1985-08-30,1992-08-30
409420,Hausi,Zirintsis,Engineer,1988-04-26,1996-04-26
409420,Hausi,Zirintsis,Senior Engineer,1996-04-26,9999-01-01
409429,Shaunak,Baezner,Engineer,1990-03-27,1998-03-27
409429,Shaunak,Baezner,Senior Engineer,1998-03-27,2000-08-13
409467,Jordanka,Zaccaria,Engineer,1993-05-10,2000-05-10
409467,Jordanka,Zaccaria,Senior Engineer,2000-05-10,9999-01-01
409474,Bader,Lambe,Engineer,1995-08-09,9999-01-01
409475,Aloys,Plotkin,Senior Staff,2000-03-20,9999-01-01
409475,Aloys,Plotkin,Staff,1994-03-21,2000-03-20
409498,Bodh,Vingron,Staff,1996-03-09,1996-04-05
409511,Roded,Sridhar,Staff,1993-09-10,1998-02-02
409513,Ugo,Rosen,Engineer,1997-05-03,2002-05-03
409513,Ugo,Rosen,Senior Engineer,2002-05-03,9999-01-01
409542,Sedat,Lunn,Engineer,1990-01-26,1997-01-26
409542,Sedat,Lunn,Senior Engineer,1997-01-26,9999-01-01
409566,Aloys,Stafford,Senior Staff,1991-02-11,9999-01-01
409566,Aloys,Stafford,Staff,1986-02-11,1991-02-11
409572,Krister,Basart,Senior Staff,1994-10-11,9999-01-01
409572,Krister,Basart,Staff,1988-10-11,1994-10-11
409598,Cullen,Sherertz,Assistant Engineer,1991-09-10,1996-09-09
409598,Cullen,Sherertz,Engineer,1996-09-09,2001-09-09
409598,Cullen,Sherertz,Senior Engineer,2001-09-09,9999-01-01
409605,Vishu,Kroha,Engineer,1986-03-30,1994-03-30
409605,Vishu,Kroha,Senior Engineer,1994-03-30,9999-01-01
409617,Lijie,Auyong,Senior Staff,1994-04-04,9999-01-01
409617,Lijie,Auyong,Staff,1985-04-04,1994-04-04
409632,Haldon,Shanbhogue,Staff,1998-12-26,9999-01-01
409636,Heeju,Bruckman,Technique Leader,1994-10-30,9999-01-01
409663,Fuqing,Pillow,Engineer,1997-07-05,9999-01-01
409670,Hidde,Baer,Engineer,1993-01-20,2001-01-20
409670,Hidde,Baer,Senior Engineer,2001-01-20,2002-05-18
409672,Freyja,Vendrig,Staff,1998-04-09,9999-01-01
409701,Charlene,Mellouli,Staff,1995-07-04,9999-01-01
409708,Arumugam,Ressouche,Senior Engineer,1987-09-24,9999-01-01
409727,Masato,Beilner,Engineer,1990-10-29,1998-10-29
409727,Masato,Beilner,Senior Engineer,1998-10-29,9999-01-01
409734,Karlis,Openshaw,Engineer,1987-03-15,1996-03-14
409734,Karlis,Openshaw,Senior Engineer,1996-03-14,9999-01-01
409744,Almudena,Zweizig,Senior Staff,1996-07-26,9999-01-01
409744,Almudena,Zweizig,Staff,1991-07-27,1996-07-26
409747,Steen,Boreale,Senior Staff,2002-04-02,9999-01-01
409747,Steen,Boreale,Staff,1997-04-02,2002-04-02
409752,Marla,Rathonyi,Senior Staff,2001-01-02,9999-01-01
409752,Marla,Rathonyi,Staff,1992-01-03,2001-01-02
409772,Karoline,Erdmenger,Engineer,1995-04-21,2000-04-20
409772,Karoline,Erdmenger,Senior Engineer,2000-04-20,9999-01-01
409787,Zhigen,Hofstetter,Senior Staff,1996-03-07,1999-08-23
409787,Zhigen,Hofstetter,Staff,1991-03-08,1996-03-07
409800,Lokesh,Comellas,Engineer,1987-09-26,1990-09-09
409803,Berhard,Peron,Senior Staff,2000-12-16,9999-01-01
409803,Berhard,Peron,Staff,1991-12-17,2000-12-16
409824,Vitali,Navazio,Senior Staff,1995-03-12,9999-01-01
409824,Vitali,Navazio,Staff,1988-03-11,1995-03-12
409845,Yuichiro,Kalefeld,Senior Staff,1991-04-03,2000-10-21
409845,Yuichiro,Kalefeld,Staff,1985-04-03,1991-04-03
409883,Adit,Szemeredi,Senior Staff,1998-04-17,9999-01-01
409883,Adit,Szemeredi,Staff,1993-04-17,1998-04-17
409889,Felicidad,Gajiwala,Engineer,1990-11-29,1993-06-17
409931,Sasan,Kemmerer,Senior Staff,2000-04-30,9999-01-01
409931,Sasan,Kemmerer,Staff,1995-05-01,2000-04-30
409934,Youssef,Riefers,Senior Engineer,1991-03-31,9999-01-01
409936,Jordanka,Kaiser,Engineer,1995-07-18,9999-01-01
409940,Christoph,Reghbati,Staff,1995-05-17,9999-01-01
409949,Genta,Gewali,Senior Engineer,1986-12-21,9999-01-01
409974,Amabile,Chiola,Engineer,1996-01-11,9999-01-01
409997,Lalit,Salvesen,Senior Staff,1994-07-09,9999-01-01
410001,Boutros,Angelov,Senior Staff,2001-11-09,9999-01-01
410001,Boutros,Angelov,Staff,1995-11-10,2001-11-09
410016,Mandell,Mansanne,Staff,1994-12-02,9999-01-01
410026,Mohit,Jumpertz,Assistant Engineer,1990-05-27,1998-05-27
410026,Mohit,Jumpertz,Engineer,1998-05-27,9999-01-01
410053,Elvia,Debuse,Senior Engineer,1995-02-05,9999-01-01
410067,Muzhong,Plump,Staff,1989-10-07,1998-07-01
410074,Jungsoon,Takanami,Senior Staff,1999-07-16,9999-01-01
410077,Arunas,Polupanov,Senior Staff,1994-03-24,9999-01-01
410077,Arunas,Polupanov,Staff,1989-03-24,1994-03-24
410094,Uinam,Aumann,Engineer,1987-09-30,1994-09-30
410094,Uinam,Aumann,Senior Engineer,1994-09-30,9999-01-01
410121,Hsiangchu,Morrey,Engineer,1990-01-22,1992-04-14
410151,Jongsuk,Gecseg,Senior Staff,1999-04-11,9999-01-01
410151,Jongsuk,Gecseg,Staff,1990-04-11,1999-04-11
410190,Kendra,Peek,Technique Leader,1996-09-03,9999-01-01
410200,Rasiah,VanScheik,Senior Staff,1998-04-09,1998-10-24
410202,Irene,Karlin,Assistant Engineer,1997-09-18,9999-01-01
410223,Shuzo,Luks,Senior Engineer,1991-08-18,9999-01-01
410250,Hatim,Rodham,Senior Staff,1992-08-19,9999-01-01
410250,Hatim,Rodham,Staff,1987-08-20,1992-08-19
410254,Prodip,Tischendorf,Engineer,1986-08-05,1992-08-04
410254,Prodip,Tischendorf,Senior Engineer,1992-08-04,9999-01-01
410256,Nikolaus,Dulli,Senior Staff,1991-02-15,9999-01-01
410257,Vojin,Schaap,Senior Engineer,1993-09-12,9999-01-01
410261,Conal,Beeson,Engineer,1990-09-14,1995-02-14
410267,Jeanna,Reutenauer,Senior Staff,1991-10-20,9999-01-01
410267,Jeanna,Reutenauer,Staff,1986-10-20,1991-10-20
410274,Xiaoshan,Thorensen,Senior Engineer,1995-04-03,9999-01-01
410283,Kiyokazu,Melichar,Senior Staff,1993-11-18,9999-01-01
410300,Feixiong,Bressoud,Staff,1998-03-13,9999-01-01
410305,Ebru,Kavanagh,Senior Staff,2000-12-13,9999-01-01
410305,Ebru,Kavanagh,Staff,1995-12-14,2000-12-13
410337,DeForest,Schneeberger,Senior Staff,1987-10-21,9999-01-01
410364,Tran,Strehl,Engineer,1991-02-03,2000-02-03
410364,Tran,Strehl,Senior Engineer,2000-02-03,9999-01-01
410383,Remzi,Makrucki,Engineer,1988-11-27,1995-11-28
410383,Remzi,Makrucki,Senior Engineer,1995-11-28,9999-01-01
410416,Weiru,Nicolson,Engineer,1991-11-27,1999-11-27
410416,Weiru,Nicolson,Senior Engineer,1999-11-27,9999-01-01
410426,Christoper,Clemencon,Engineer,1996-10-29,9999-01-01
410440,Adit,Ligten,Senior Engineer,1988-04-17,1988-08-28
410458,Armond,Monkewich,Senior Staff,1989-05-13,9999-01-01
410464,Berto,Gopalakrishnan,Engineer,1990-01-29,1998-01-29
410464,Berto,Gopalakrishnan,Senior Engineer,1998-01-29,9999-01-01
410465,Tua,Schrift,Assistant Engineer,1994-02-28,9999-01-01
410466,Nalini,Bain,Senior Staff,1997-10-13,9999-01-01
410466,Nalini,Bain,Staff,1990-10-13,1997-10-13
410477,Baocai,Schusler,Engineer,1998-01-01,1998-06-22
410502,Tamiya,Baca,Senior Staff,1993-10-23,9999-01-01
410502,Tamiya,Baca,Staff,1985-10-23,1993-10-23
410506,Abdelwaheb,Stroustrup,Senior Engineer,1989-11-26,9999-01-01
410535,Baziley,Zockler,Engineer,1990-12-20,1999-12-20
410535,Baziley,Zockler,Senior Engineer,1999-12-20,9999-01-01
410537,Pascal,Atchley,Senior Engineer,1996-11-03,9999-01-01
410541,Ger,Bresenham,Senior Staff,1992-10-14,9999-01-01
410541,Ger,Bresenham,Staff,1985-10-14,1992-10-14
410549,Mandell,Cheshire,Senior Engineer,1990-08-19,2000-09-21
410564,Constantino,Penttonen,Senior Staff,1999-03-06,9999-01-01
410564,Constantino,Penttonen,Staff,1993-03-06,1999-03-06
410584,Djenana,Ramaiah,Staff,1985-12-02,1987-10-13
410615,Feipei,Siprelle,Engineer,1990-10-16,1995-10-16
410615,Feipei,Siprelle,Senior Engineer,1995-10-16,9999-01-01
410628,Conal,Harllee,Engineer,1990-09-08,1995-09-08
410628,Conal,Harllee,Senior Engineer,1995-09-08,9999-01-01
410630,Saeko,Hoogerwoord,Senior Staff,1989-03-16,9999-01-01
410633,Adit,Camurati,Senior Staff,2002-01-07,9999-01-01
410633,Adit,Camurati,Staff,1993-01-07,2002-01-07
410650,Zejun,Alpin,Senior Engineer,1987-08-25,9999-01-01
410673,Sivanarayana,Burnard,Technique Leader,1991-12-29,2001-04-28
410686,Kolar,Attimonelli,Senior Staff,1985-07-12,9999-01-01
410700,Kristian,Francisci,Engineer,1991-05-05,1996-05-04
410700,Kristian,Francisci,Senior Engineer,1996-05-04,9999-01-01
410716,Koldo,Beilner,Senior Staff,1998-12-06,9999-01-01
410716,Koldo,Beilner,Staff,1991-12-06,1998-12-06
410765,Niranjan,Quadeer,Engineer,1997-11-05,9999-01-01
410776,Muzhong,Underwood,Assistant Engineer,1990-04-11,1996-04-10
410776,Muzhong,Underwood,Engineer,1996-04-10,2002-04-10
410776,Muzhong,Underwood,Senior Engineer,2002-04-10,9999-01-01
410789,Marko,Danner,Engineer,1988-10-31,1996-10-31
410789,Marko,Danner,Senior Engineer,1996-10-31,9999-01-01
410806,Mostafa,Merlo,Staff,1990-02-01,1995-09-04
410808,Shaz,Danlos,Senior Engineer,1998-08-03,9999-01-01
410815,Goh,Heystek,Senior Staff,2001-01-05,9999-01-01
410815,Goh,Heystek,Staff,1995-01-06,2001-01-05
410827,Shim,Roccetti,Engineer,1992-01-11,1999-01-11
410827,Shim,Roccetti,Senior Engineer,1999-01-11,9999-01-01
410832,Alejandro,Ramsey,Engineer,1995-04-22,9999-01-01
410838,Marl,Improta,Engineer,1993-04-14,2002-04-14
410838,Marl,Improta,Senior Engineer,2002-04-14,9999-01-01
410884,Tonia,Przulj,Senior Staff,1998-06-22,9999-01-01
410894,Rafols,Gruenwald,Staff,1996-05-24,9999-01-01
410895,Vitaly,Stentiford,Senior Engineer,1986-10-13,1994-03-07
410906,LiMin,Gulik,Senior Staff,1999-11-13,2002-04-26
410917,Percy,Kulisch,Engineer,1997-04-19,1999-03-19
410928,Aamer,Erol,Engineer,1994-11-04,2000-11-03
410928,Aamer,Erol,Senior Engineer,2000-11-03,9999-01-01
410929,Baoqiu,Gips,Senior Staff,1988-02-23,9999-01-01
410961,Gregory,Nittel,Engineer,1985-03-03,1990-03-03
410961,Gregory,Nittel,Senior Engineer,1990-03-03,9999-01-01
410973,Valery,Shimshoni,Engineer,1992-06-13,2000-06-13
410973,Valery,Shimshoni,Senior Engineer,2000-06-13,9999-01-01
410978,Shin,Azadmanesh,Senior Staff,1999-02-08,9999-01-01
410985,Abdelghani,Erol,Senior Staff,1998-07-14,9999-01-01
410985,Abdelghani,Erol,Staff,1990-07-14,1998-07-14
410993,Maris,Rettelbach,Senior Staff,2002-07-25,9999-01-01
410993,Maris,Rettelbach,Staff,1995-07-25,2002-07-25
411004,Takahira,Hashii,Assistant Engineer,1985-09-04,1992-09-04
411004,Takahira,Hashii,Engineer,1992-09-04,1999-09-05
411004,Takahira,Hashii,Senior Engineer,1999-09-05,9999-01-01
411014,Shir,Rattan,Senior Staff,1993-07-04,9999-01-01
411014,Shir,Rattan,Staff,1986-07-04,1993-07-04
411018,Mostafa,Heijenga,Senior Staff,1997-06-04,9999-01-01
411018,Mostafa,Heijenga,Staff,1989-06-04,1997-06-04
411019,Gad,Angelopoulos,Engineer,1996-12-17,9999-01-01
411031,Bokyung,Adachi,Senior Staff,1985-05-18,1993-09-26
411042,Shigeu,Collavizza,Staff,1997-12-24,9999-01-01
411045,Christfried,Setia,Engineer,1994-05-27,2000-05-26
411045,Christfried,Setia,Senior Engineer,2000-05-26,9999-01-01
411046,Uno,Zhang,Engineer,1997-09-22,2002-03-13
411057,Chiranjit,Terwilliger,Senior Staff,1993-10-01,9999-01-01
411057,Chiranjit,Terwilliger,Staff,1985-10-01,1993-10-01
411060,Karoline,Furedi,Senior Staff,1998-03-25,9999-01-01
411060,Karoline,Furedi,Staff,1991-03-25,1998-03-25
411061,Kauko,Birjandi,Engineer,1986-06-23,1994-06-23
411061,Kauko,Birjandi,Senior Engineer,1994-06-23,9999-01-01
411071,KayLiang,Vrecion,Engineer,1990-08-27,1996-08-26
411071,KayLiang,Vrecion,Senior Engineer,1996-08-26,1997-01-29
411076,Serap,Pollacia,Engineer,1989-03-24,1995-03-24
411076,Serap,Pollacia,Senior Engineer,1995-03-24,9999-01-01
411079,Udaiprakash,Kuzuoka,Engineer,1989-06-30,1995-06-30
411079,Udaiprakash,Kuzuoka,Senior Engineer,1995-06-30,9999-01-01
411089,Aria,Menyhert,Senior Staff,1996-12-11,9999-01-01
411089,Aria,Menyhert,Staff,1989-12-11,1996-12-11
411090,Manton,Collavizza,Staff,1990-04-09,1990-12-27
411093,Neelam,Spieker,Engineer,1997-06-23,2002-06-23
411093,Neelam,Spieker,Senior Engineer,2002-06-23,9999-01-01
411094,Gina,Benaini,Staff,1996-12-09,9999-01-01
411101,Ottavia,Benzaken,Engineer,1985-12-18,1994-12-18
411101,Ottavia,Benzaken,Senior Engineer,1994-12-18,9999-01-01
411105,Yagil,Mitchem,Engineer,1991-07-16,1997-07-15
411105,Yagil,Mitchem,Senior Engineer,1997-07-15,9999-01-01
411116,Wuxu,Impagliazzo,Engineer,1998-07-11,9999-01-01
411130,Isaac,Stanfel,Engineer,1993-12-04,1998-12-04
411130,Isaac,Stanfel,Senior Engineer,1998-12-04,9999-01-01
411133,Jaewon,Poupard,Engineer,1988-12-15,1993-12-15
411133,Jaewon,Poupard,Senior Engineer,1993-12-15,9999-01-01
411156,Kasidit,Auria,Senior Staff,1992-07-02,1998-07-29
411175,Arnould,Krychniak,Engineer,1987-03-25,1994-03-25
411175,Arnould,Krychniak,Senior Engineer,1994-03-25,1999-05-03
411176,Thodoros,Swiler,Engineer,1998-08-08,9999-01-01
411186,Xinyu,Kisuki,Staff,1996-02-20,2000-11-17
411209,Sanjay,Ladret,Staff,1998-05-31,9999-01-01
411211,Lena,Papadias,Staff,1997-05-22,9999-01-01
411246,Karsten,Krychniak,Staff,1995-11-27,9999-01-01
411260,Padma,Marciano,Staff,1992-09-03,1994-08-20
411262,Fayez,Bernini,Engineer,1993-05-12,1998-05-12
411262,Fayez,Bernini,Senior Engineer,1998-05-12,9999-01-01
411266,Douadi,Schwaller,Staff,1998-02-08,9999-01-01
411280,Hitofumi,Validov,Senior Staff,1985-04-26,9999-01-01
411325,Jeane,Rusterholz,Senior Engineer,1985-04-28,9999-01-01
411344,Moheb,Lores,Engineer,1987-06-22,1995-06-22
411344,Moheb,Lores,Senior Engineer,1995-06-22,9999-01-01
411345,Saniya,Bakhtari,Senior Staff,2002-04-03,9999-01-01
411345,Saniya,Bakhtari,Staff,1993-04-03,2002-04-03
411360,Hilari,Pellegrinelli,Engineer,1994-03-20,1996-07-19
411363,Foong,Mullainathan,Engineer,1993-07-28,2002-07-28
411363,Foong,Mullainathan,Senior Engineer,2002-07-28,9999-01-01
411364,Ibibia,Kavanagh,Staff,1990-10-06,1991-03-24
411368,Magdalena,Atchley,Senior Engineer,1994-12-08,9999-01-01
411372,Nahid,Munch,Senior Staff,1993-05-08,9999-01-01
411372,Nahid,Munch,Staff,1986-05-08,1993-05-08
411373,Lunjin,McFarlan,Technique Leader,1997-09-20,1999-01-30
411374,Jeane,Aamodt,Engineer,1987-10-09,1994-10-09
411374,Jeane,Aamodt,Senior Engineer,1994-10-09,9999-01-01
411415,Shawna,Schaar,Assistant Engineer,1989-12-05,1995-12-05
411415,Shawna,Schaar,Engineer,1995-12-05,2001-12-04
411415,Shawna,Schaar,Senior Engineer,2001-12-04,9999-01-01
411426,Bartek,Meriste,Senior Staff,2001-12-29,9999-01-01
411426,Bartek,Meriste,Staff,1993-12-29,2001-12-29
411431,Xiaocheng,Uludag,Senior Staff,1992-07-03,9999-01-01
411431,Xiaocheng,Uludag,Staff,1985-07-03,1992-07-03
411454,Tse,Hanratty,Engineer,1991-10-09,1994-03-20
411468,Froduald,Willoner,Assistant Engineer,1996-12-15,9999-01-01
411472,Martien,Babb,Senior Engineer,1989-09-25,9999-01-01
411476,Zengping,Garnier,Senior Staff,2000-10-29,9999-01-01
411476,Zengping,Garnier,Staff,1994-10-30,2000-10-29
411480,Divine,Steenbeek,Engineer,1993-03-01,1997-08-15
411491,Ymte,Gustavson,Senior Staff,1987-10-30,9999-01-01
411500,Adhemar,Gimbel,Senior Staff,1998-06-20,9999-01-01
411500,Adhemar,Gimbel,Staff,1993-06-20,1998-06-20
411501,Fox,Gini,Senior Engineer,1995-04-24,1996-09-29
411503,Khun,Bugaenko,Assistant Engineer,1996-07-23,2000-03-27
411514,Bedir,Kalsbeek,Staff,1995-11-27,9999-01-01
411546,Leon,Mondadori,Senior Staff,1996-03-30,9999-01-01
411546,Leon,Mondadori,Staff,1991-03-31,1996-03-30
411564,Shuji,Mitzlaff,Engineer,1992-11-21,1998-11-21
411564,Shuji,Mitzlaff,Senior Engineer,1998-11-21,9999-01-01
411568,Kasidit,Bage,Engineer,1993-04-01,1998-04-01
411568,Kasidit,Bage,Senior Engineer,1998-04-01,9999-01-01
411574,Shounak,Kuhnemann,Engineer,1994-11-11,2000-11-10
411574,Shounak,Kuhnemann,Senior Engineer,2000-11-10,9999-01-01
411575,Kiyotoshi,Thisen,Assistant Engineer,1990-05-03,1997-05-03
411575,Kiyotoshi,Thisen,Engineer,1997-05-03,9999-01-01
411583,Tsz,Joslin,Senior Staff,1993-01-30,9999-01-01
411593,Debaprosad,Zongker,Senior Staff,2002-04-01,9999-01-01
411593,Debaprosad,Zongker,Staff,1997-04-01,2002-04-01
411594,Muneo,Munawer,Staff,1988-08-10,1991-12-10
411596,Richara,Cairo,Senior Staff,1999-03-28,9999-01-01
411596,Richara,Cairo,Staff,1994-03-28,1999-03-28
411613,Parto,Khamsi,Engineer,1989-12-19,1998-12-19
411613,Parto,Khamsi,Senior Engineer,1998-12-19,1999-08-28
411650,Youjian,Gyimothy,Engineer,1990-02-16,1995-02-16
411650,Youjian,Gyimothy,Senior Engineer,1995-02-16,9999-01-01
411673,Soenke,Gerlach,Senior Staff,1995-08-26,9999-01-01
411673,Soenke,Gerlach,Staff,1988-08-25,1995-08-26
411704,Kwan,Valtorta,Engineer,1988-06-08,1992-09-02
411708,Sumali,Spell,Engineer,1986-08-16,1993-08-16
411708,Sumali,Spell,Senior Engineer,1993-08-16,9999-01-01
411733,Prodip,Ghalwash,Engineer,1995-03-24,2001-03-23
411733,Prodip,Ghalwash,Senior Engineer,2001-03-23,9999-01-01
411735,Cordelia,Falster,Staff,1987-08-02,1989-05-19
411736,Pramod,Merlo,Engineer,1986-09-05,1993-09-05
411736,Pramod,Merlo,Senior Engineer,1993-09-05,9999-01-01
411760,Heekeun,Gischer,Staff,1997-09-19,1998-01-24
411776,Sugwoo,Pashtan,Senior Staff,1999-04-17,9999-01-01
411776,Sugwoo,Pashtan,Staff,1993-04-17,1999-04-17
411778,Fumiyo,Hegner,Engineer,1995-01-22,9999-01-01
411779,Marco,Pena,Engineer,1988-06-29,1996-06-29
411779,Marco,Pena,Senior Engineer,1996-06-29,9999-01-01
411783,Dayanand,Basawa,Assistant Engineer,1990-05-02,1998-05-02
411783,Dayanand,Basawa,Engineer,1998-05-02,9999-01-01
411785,Hisao,Camurati,Engineer,1992-06-13,1993-10-03
411808,Shridhar,Otillio,Engineer,1986-04-06,1993-04-06
411808,Shridhar,Otillio,Senior Engineer,1993-04-06,9999-01-01
411811,Breannda,Ratzlaff,Engineer,1999-08-11,2000-07-28
411812,Stepehn,Beerel,Senior Engineer,1991-10-07,9999-01-01
411822,Tonia,Zongker,Assistant Engineer,1999-11-25,2002-01-28
411825,Manton,Ghandeharizadeh,Engineer,1998-04-28,1999-11-28
411855,Prasadram,Piveteau,Engineer,1996-11-09,1999-03-06
411866,Ronghao,Bultermann,Senior Engineer,1989-10-29,1996-10-09
411873,Parviz,Valiente,Assistant Engineer,1991-09-06,2000-09-05
411873,Parviz,Valiente,Engineer,2000-09-05,9999-01-01
411889,Berni,Schade,Engineer,1988-04-17,1991-04-14
411895,Kwangjo,Magalhaes,Engineer,1987-10-09,1992-10-08
411895,Kwangjo,Magalhaes,Senior Engineer,1992-10-08,9999-01-01
411903,Ziya,Rikino,Staff,1998-04-15,2000-02-18
411924,Candida,Schmezko,Senior Staff,2000-12-18,9999-01-01
411924,Candida,Schmezko,Staff,1995-12-19,2000-12-18
411965,Youssef,Chinin,Staff,1998-02-22,9999-01-01
411966,Gor,Nitsche,Staff,1997-11-11,1999-08-24
412003,Hausi,Kambil,Senior Engineer,1986-07-03,9999-01-01
412013,Martien,Schrooten,Engineer,1997-11-06,2000-06-12
412032,Alper,Leonhardt,Senior Staff,1998-12-10,9999-01-01
412032,Alper,Leonhardt,Staff,1990-12-10,1998-12-10
412062,Erez,Rullman,Assistant Engineer,1991-11-06,1998-11-06
412062,Erez,Rullman,Engineer,1998-11-06,9999-01-01
412068,Herb,Pleszkun,Engineer,1999-12-23,9999-01-01
412069,Bojan,Norsworthy,Senior Engineer,1995-08-11,9999-01-01
412071,Naftaly,Glowinski,Engineer,2000-01-12,9999-01-01
412094,Krisda,Tiemann,Senior Staff,1990-12-30,1993-12-09
412121,Sadegh,Lieblein,Engineer,1996-07-20,9999-01-01
412131,Marsja,Navazio,Senior Staff,1991-01-03,9999-01-01
412132,Jenwei,Veevers,Engineer,1995-09-27,9999-01-01
412174,Yongqiao,Kumaresan,Staff,1997-03-06,9999-01-01
412181,Minghong,Thiria,Senior Staff,2000-01-25,9999-01-01
412181,Minghong,Thiria,Staff,1991-01-25,2000-01-25
412204,Yakichi,Parascandalo,Senior Staff,1986-09-27,9999-01-01
412217,Tiina,Delgrossi,Engineer,1989-01-23,1998-01-23
412217,Tiina,Delgrossi,Senior Engineer,1998-01-23,9999-01-01
412229,Bedir,Papsdorf,Staff,1996-07-19,9999-01-01
412233,Fumiko,Fritzsche,Staff,1996-03-12,9999-01-01
412253,Marsja,Gladwell,Staff,1998-06-12,1998-08-02
412258,Jianwen,Monkewich,Technique Leader,1994-01-19,9999-01-01
412268,Takushi,Erdi,Technique Leader,1998-11-17,9999-01-01
412272,Ziva,Eiter,Technique Leader,1990-07-16,9999-01-01
412306,Kagan,Baek,Assistant Engineer,1995-01-15,9999-01-01
412314,Serge,Milicic,Senior Staff,1994-02-20,1997-12-30
412318,Bernice,Kilgore,Engineer,1994-05-16,1999-05-16
412318,Bernice,Kilgore,Senior Engineer,1999-05-16,9999-01-01
412320,Gennady,Rajaraman,Staff,1994-05-26,9999-01-01
412329,Sanjiv,Kugler,Staff,1990-01-16,1994-08-13
412353,Xiong,Mapelli,Senior Staff,1995-03-22,1998-02-27
412359,Anyuan,Foong,Staff,1985-03-27,1993-01-30
412365,Tetsurou,Leppanen,Engineer,1994-10-25,1999-01-04
412369,Jamaludin,Huttel,Senior Staff,1988-06-20,9999-01-01
412389,Shigenori,Lueh,Engineer,1989-04-17,1997-04-17
412389,Shigenori,Lueh,Senior Engineer,1997-04-17,9999-01-01
412418,Duro,Auyong,Senior Staff,1995-02-12,9999-01-01
412418,Duro,Auyong,Staff,1987-02-12,1995-02-12
412430,Tsvetan,Pulkowski,Engineer,1997-08-13,9999-01-01
412470,Zhenbing,Provine,Senior Staff,1997-04-28,9999-01-01
412470,Zhenbing,Provine,Staff,1988-04-28,1997-04-28
412471,Itzchak,Caine,Senior Staff,1996-03-22,9999-01-01
412471,Itzchak,Caine,Staff,1991-03-23,1996-03-22
412478,Kerhong,Colorni,Senior Staff,1999-01-03,9999-01-01
412478,Kerhong,Colorni,Staff,1990-01-03,1999-01-03
412494,Greger,Reutenauer,Senior Staff,2000-08-23,9999-01-01
412494,Greger,Reutenauer,Staff,1991-08-24,2000-08-23
412500,Uri,Miake,Engineer,1997-06-18,2002-06-18
412500,Uri,Miake,Senior Engineer,2002-06-18,9999-01-01
412508,Roddy,Bresenham,Senior Staff,1993-04-20,9999-01-01
412508,Roddy,Bresenham,Staff,1986-04-20,1993-04-20
412509,Fai,Grabner,Engineer,1998-10-03,9999-01-01
412526,Sumant,Erol,Engineer,1999-04-28,9999-01-01
412530,Adly,Pargaonkar,Senior Staff,1997-05-14,9999-01-01
412530,Adly,Pargaonkar,Staff,1989-05-14,1997-05-14
412561,Shir,Tramer,Staff,1994-09-13,9999-01-01
412567,Kirk,Janocha,Senior Staff,1999-05-17,9999-01-01
412567,Kirk,Janocha,Staff,1991-05-17,1999-05-17
412620,Gen,Ertl,Senior Engineer,1991-06-18,9999-01-01
412623,Shen,Meriste,Staff,1999-06-17,9999-01-01
412636,Shakhar,Denti,Engineer,1986-06-28,1995-06-28
412636,Shakhar,Denti,Senior Engineer,1995-06-28,9999-01-01
412638,Piyawadee,Chvatal,Staff,1997-02-25,9999-01-01
412646,Tremaine,Hofting,Senior Staff,1996-06-06,9999-01-01
412646,Tremaine,Hofting,Staff,1990-06-07,1996-06-06
412659,Radhakrishnan,Comellas,Engineer,1997-10-24,9999-01-01
412678,Tayeb,Gaughan,Engineer,1990-03-02,1998-03-02
412678,Tayeb,Gaughan,Senior Engineer,1998-03-02,9999-01-01
412683,Youpyo,Lally,Engineer,1987-10-28,1995-10-28
412683,Youpyo,Lally,Senior Engineer,1995-10-28,2000-12-18
412688,Yonghoan,Baumann,Engineer,1995-03-26,2000-03-25
412688,Yonghoan,Baumann,Senior Engineer,2000-03-25,9999-01-01
412707,Takahira,Luan,Technique Leader,1998-06-25,9999-01-01
412714,Janche,Takkinen,Senior Staff,1998-03-28,9999-01-01
412714,Janche,Takkinen,Staff,1990-03-28,1998-03-28
412727,Kellie,Sherertz,Engineer,1986-12-16,1992-12-15
412727,Kellie,Sherertz,Senior Engineer,1992-12-15,9999-01-01
412735,Mitchel,Masand,Senior Staff,1992-09-23,9999-01-01
412735,Mitchel,Masand,Staff,1986-09-24,1992-09-23
412743,Heng,Diderrich,Engineer,1991-04-24,1996-04-23
412743,Heng,Diderrich,Senior Engineer,1996-04-23,9999-01-01
412744,Yucai,Panangaden,Engineer,1995-10-04,2000-08-31
412752,DeForest,Valiente,Staff,1997-08-27,9999-01-01
412765,Bedrich,Denis,Engineer,1987-04-05,1993-04-04
412765,Bedrich,Denis,Senior Engineer,1993-04-04,9999-01-01
412771,Khatoun,Wallrath,Engineer,1988-01-15,1997-01-14
412771,Khatoun,Wallrath,Senior Engineer,1997-01-14,9999-01-01
412779,Basil,Klassen,Senior Staff,1998-04-23,2001-12-28
412779,Basil,Klassen,Staff,1990-04-23,1998-04-23
412805,Krassimir,Chinal,Engineer,1996-08-24,9999-01-01
412809,Demos,Butterworth,Senior Engineer,1993-09-16,9999-01-01
412820,Zhigen,Wuwongse,Senior Staff,1987-12-14,9999-01-01
412822,Martina,Alpay,Engineer,1997-07-21,2002-07-21
412822,Martina,Alpay,Senior Engineer,2002-07-21,9999-01-01
412832,Tokuyasu,Bernatsky,Staff,1992-06-08,1993-07-13
412841,Vugranam,Chvatal,Engineer,1995-08-20,9999-01-01
412850,Stein,Masand,Staff,1999-08-24,9999-01-01
412870,Tetsushi,Maraist,Engineer,1987-04-21,1994-04-21
412870,Tetsushi,Maraist,Senior Engineer,1994-04-21,9999-01-01
412874,Premal,Azuma,Engineer,1987-04-20,1993-04-19
412874,Premal,Azuma,Senior Engineer,1993-04-19,9999-01-01
412875,Morrie,Zwicker,Staff,1994-03-29,9999-01-01
412878,Gurbir,Raoux,Engineer,1985-03-13,1993-03-13
412878,Gurbir,Raoux,Senior Engineer,1993-03-13,9999-01-01
412889,Marc,Stille,Assistant Engineer,1993-08-06,1998-08-06
412889,Marc,Stille,Engineer,1998-08-06,9999-01-01
412891,Troy,Ladret,Senior Staff,1995-07-18,9999-01-01
412891,Troy,Ladret,Staff,1988-07-17,1995-07-18
412899,Phuoc,Iwayama,Senior Engineer,1996-02-05,9999-01-01
412905,Radhakrishnan,Zucker,Staff,1994-07-23,9999-01-01
412909,Akeno,Ranst,Engineer,1990-01-24,1995-01-24
412909,Akeno,Ranst,Senior Engineer,1995-01-24,9999-01-01
412914,Chiranjit,Markovitch,Engineer,1991-04-12,1991-04-22
412928,Franziska,Servieres,Technique Leader,2000-01-13,2001-04-04
412938,Xuejun,Tempesti,Engineer,1992-09-08,2000-09-08
412938,Xuejun,Tempesti,Senior Engineer,2000-09-08,9999-01-01
412955,Manu,Raney,Technique Leader,1986-08-12,9999-01-01
412966,Percy,Hofmeyr,Engineer,1989-01-01,1995-01-01
412966,Percy,Hofmeyr,Senior Engineer,1995-01-01,9999-01-01
412968,Mechthild,Ushiama,Engineer,1992-05-23,2000-05-23
412968,Mechthild,Ushiama,Senior Engineer,2000-05-23,9999-01-01
413007,Claudi,Nannarelli,Engineer,1996-12-23,9999-01-01
413012,Xiaoshan,Kading,Technique Leader,1992-05-25,9999-01-01
413022,Prasadram,Budinsky,Engineer,1985-08-17,1993-08-17
413022,Prasadram,Budinsky,Senior Engineer,1993-08-17,9999-01-01
413024,Matk,Bernatsky,Technique Leader,1985-09-04,1986-03-30
413036,Lidong,Ghazalie,Engineer,1989-10-23,1995-10-23
413036,Lidong,Ghazalie,Senior Engineer,1995-10-23,9999-01-01
413068,Shahab,Ernst,Senior Staff,2000-07-22,9999-01-01
413068,Shahab,Ernst,Staff,1992-07-22,2000-07-22
413074,Gurbir,Varley,Staff,1999-08-24,9999-01-01
413090,Karlis,Heering,Assistant Engineer,1988-06-26,1993-06-26
413090,Karlis,Heering,Engineer,1993-06-26,1994-04-24
413095,Nakhoon,Iivonen,Senior Staff,1997-01-11,9999-01-01
413103,Becky,Pardalos,Senior Staff,1986-02-28,9999-01-01
413137,Lunjin,Swick,Senior Staff,1991-05-04,9999-01-01
413137,Lunjin,Swick,Staff,1985-05-04,1991-05-04
413138,Shigenori,Constantine,Engineer,1989-09-08,1998-09-08
413138,Shigenori,Constantine,Senior Engineer,1998-09-08,9999-01-01
413171,Waiman,Lodder,Engineer,1990-02-28,1998-02-28
413171,Waiman,Lodder,Senior Engineer,1998-02-28,1999-09-11
413174,Kwangsub,Kenevan,Assistant Engineer,1990-10-12,1992-08-24
413176,Koldo,Bednarek,Engineer,1992-12-11,1997-12-11
413176,Koldo,Bednarek,Senior Engineer,1997-12-11,9999-01-01
413177,Cedric,Brattka,Engineer,1987-03-18,1993-03-17
413177,Cedric,Brattka,Senior Engineer,1993-03-17,9999-01-01
413194,Leen,Falck,Senior Staff,1989-10-27,9999-01-01
413197,Howell,Bach,Senior Staff,1995-03-24,9999-01-01
413197,Howell,Bach,Staff,1988-03-23,1995-03-24
413203,Mario,Ghandeharizadeh,Engineer,1994-07-01,2002-07-01
413203,Mario,Ghandeharizadeh,Senior Engineer,2002-07-01,9999-01-01
413210,Shigenori,Scallan,Senior Engineer,1988-11-18,9999-01-01
413232,Ranan,Milicic,Assistant Engineer,1991-06-18,1994-08-24
413280,Radoslaw,Landherr,Staff,1986-12-24,1987-02-08
413282,Tomoyuki,Mukaidono,Senior Staff,2000-03-11,9999-01-01
413282,Tomoyuki,Mukaidono,Staff,1994-03-12,2000-03-11
413307,Yongmao,Azevdeo,Engineer,1986-03-17,1995-03-17
413307,Yongmao,Azevdeo,Senior Engineer,1995-03-17,9999-01-01
413309,Satoru,Passino,Engineer,1988-05-27,1991-04-22
413368,Piyush,Wrigley,Engineer,1992-10-18,1998-10-18
413368,Piyush,Wrigley,Senior Engineer,1998-10-18,9999-01-01
413388,Shigehiro,Murthy,Senior Staff,1994-11-23,9999-01-01
413401,Baoqiu,Cincotta,Staff,1995-11-04,9999-01-01
413404,Zhanqiu,Liesche,Senior Staff,1989-01-28,1992-11-07
413425,Rildo,Trogemann,Technique Leader,1998-04-12,9999-01-01
413466,Atreye,Schaft,Engineer,1991-10-04,1999-10-04
413466,Atreye,Schaft,Senior Engineer,1999-10-04,9999-01-01
413481,Khosrow,Langford,Senior Staff,1997-01-28,9999-01-01
413481,Khosrow,Langford,Staff,1988-01-29,1997-01-28
413484,Kerhong,Furedi,Senior Engineer,1997-01-07,9999-01-01
413498,Uli,Snedden,Engineer,1996-10-18,9999-01-01
413503,Abdulah,Luff,Engineer,1989-04-26,1995-04-26
413503,Abdulah,Luff,Senior Engineer,1995-04-26,1999-03-03
413528,Mandell,Schach,Staff,1994-09-04,9999-01-01
413536,Zhilian,Luby,Senior Engineer,1993-04-05,2001-02-27
413538,Torsten,Kaelbling,Senior Staff,1997-05-28,9999-01-01
413538,Torsten,Kaelbling,Staff,1989-05-28,1997-05-28
413559,Zito,Fiutem,Engineer,1987-10-14,1994-10-14
413559,Zito,Fiutem,Senior Engineer,1994-10-14,9999-01-01
413564,Jixiang,Stifter,Engineer,1986-10-31,1994-10-31
413564,Jixiang,Stifter,Senior Engineer,1994-10-31,9999-01-01
413596,Peternela,Olano,Senior Engineer,1995-09-11,9999-01-01
413630,Ohad,Dichev,Assistant Engineer,1997-02-23,2002-02-23
413630,Ohad,Dichev,Engineer,2002-02-23,9999-01-01
413692,Fumitaka,Ferriere,Senior Staff,1996-10-26,9999-01-01
413694,Hatem,Tanemo,Senior Staff,1998-01-12,9999-01-01
413694,Hatem,Tanemo,Staff,1993-01-12,1998-01-12
413703,Aran,Mullainathan,Assistant Engineer,1985-06-07,1994-06-07
413703,Aran,Mullainathan,Engineer,1994-06-07,9999-01-01
413707,JoAnne,Muhlberg,Senior Staff,1999-11-04,9999-01-01
413707,JoAnne,Muhlberg,Staff,1992-11-03,1999-11-04
413710,Bernd,Janetzko,Staff,1999-09-18,2002-05-31
413749,Oscar,Willoner,Engineer,1985-12-07,1988-08-25
413763,Munehiro,Laurillard,Senior Engineer,1998-05-14,9999-01-01
413771,Jingling,Siochi,Senior Staff,2002-07-17,9999-01-01
413771,Jingling,Siochi,Staff,1994-07-17,2002-07-17
413776,Dekang,Frolund,Senior Engineer,1996-10-30,9999-01-01
413778,Ramachenga,Ressouche,Engineer,1999-03-22,2000-10-28
413784,Duangkaew,Cusworth,Senior Staff,1997-05-16,9999-01-01
413784,Duangkaew,Cusworth,Staff,1988-05-16,1997-05-16
413788,Herbert,Jumpertz,Senior Staff,1988-07-12,9999-01-01
413804,Yahiko,Anick,Engineer,1994-06-02,2002-06-02
413804,Yahiko,Anick,Senior Engineer,2002-06-02,9999-01-01
413823,Jagoda,Angelov,Engineer,1995-10-16,9999-01-01
413875,Susumu,Yamaashi,Technique Leader,1998-10-09,2000-01-20
413877,Gal,Peek,Engineer,1989-07-19,1994-07-19
413877,Gal,Peek,Senior Engineer,1994-07-19,9999-01-01
413895,Rayond,Simmen,Engineer,1985-06-08,1993-06-08
413895,Rayond,Simmen,Senior Engineer,1993-06-08,9999-01-01
413929,Elzbieta,Ermel,Senior Staff,2001-09-11,9999-01-01
413929,Elzbieta,Ermel,Staff,1993-09-11,2001-09-11
413949,Aruna,Ranum,Engineer,1994-05-14,9999-01-01
413961,Adil,Gist,Assistant Engineer,1997-03-23,9999-01-01
413998,Akeno,Mahmud,Staff,1995-11-03,2002-03-09
414053,Falguni,Michaels,Engineer,1997-04-16,9999-01-01
414077,Tokuyasu,Impagliazzo,Senior Staff,1994-09-29,9999-01-01
414077,Tokuyasu,Impagliazzo,Staff,1985-09-29,1994-09-29
414096,Lucien,Birch,Engineer,1993-02-16,2002-02-16
414096,Lucien,Birch,Senior Engineer,2002-02-16,9999-01-01
414100,Troy,Radwan,Senior Engineer,1991-10-23,9999-01-01
414110,Boutros,Ishibashi,Engineer,1987-05-16,1992-05-15
414110,Boutros,Ishibashi,Senior Engineer,1992-05-15,9999-01-01
414133,Stafford,Ballarin,Engineer,1998-01-23,9999-01-01
414136,Aamod,Mandell,Assistant Engineer,1998-06-22,9999-01-01
414149,Shimshon,Duclos,Engineer,1987-05-14,1995-05-14
414149,Shimshon,Duclos,Senior Engineer,1995-05-14,9999-01-01
414152,Brendon,Oaver,Engineer,1997-04-07,9999-01-01
414169,Sanjeeva,Gammage,Staff,1991-11-13,1997-07-13
414170,Martial,Werthner,Engineer,1993-10-19,9999-01-01
414197,Genki,Trumbly,Senior Staff,1998-09-16,9999-01-01
414197,Genki,Trumbly,Staff,1993-09-16,1998-09-16
414215,Koichi,Wendorf,Senior Staff,2000-05-12,9999-01-01
414215,Koichi,Wendorf,Staff,1992-05-12,2000-05-12
414227,Kenton,Ramamoorthy,Engineer,1990-10-14,1999-10-14
414227,Kenton,Ramamoorthy,Senior Engineer,1999-10-14,9999-01-01
414234,Tamiya,Borovoy,Senior Staff,1999-03-10,9999-01-01
414243,Gita,Magalhaes,Technique Leader,1990-02-10,9999-01-01
414253,Fumiyo,Plotkin,Senior Staff,1996-04-11,9999-01-01
414253,Fumiyo,Plotkin,Staff,1988-04-11,1996-04-11
414281,Radoslaw,Schlumberger,Engineer,1988-10-21,1993-10-21
414281,Radoslaw,Schlumberger,Senior Engineer,1993-10-21,9999-01-01
414283,Hidekazu,Jiang,Staff,1989-07-06,1990-02-12
414289,Uma,Verhaegen,Senior Staff,2001-08-18,9999-01-01
414289,Uma,Verhaegen,Staff,1996-08-18,2001-08-18
414300,Aria,Syrotiuk,Staff,1994-08-26,9999-01-01
414310,Godehard,Stassinopoulos,Senior Engineer,1999-10-28,9999-01-01
414319,Zengping,Brendel,Senior Staff,1994-06-01,9999-01-01
414321,Vitali,Zielinski,Engineer,1987-09-30,1995-09-30
414321,Vitali,Zielinski,Senior Engineer,1995-09-30,9999-01-01
414349,Janalee,Rikino,Senior Staff,1998-10-23,9999-01-01
414349,Janalee,Rikino,Staff,1991-10-23,1998-10-23
414362,Tzvetan,Vakili,Senior Engineer,1996-01-03,9999-01-01
414363,Vesna,Douceur,Senior Staff,1992-01-27,9999-01-01
414366,Jeane,Menhoudj,Engineer,1988-11-29,1996-11-29
414366,Jeane,Menhoudj,Senior Engineer,1996-11-29,1997-03-20
414368,Jaideep,Emden,Staff,1998-04-28,9999-01-01
414384,Badri,Kolvik,Senior Engineer,1998-05-18,1998-07-15
414415,Maha,Erdmenger,Senior Staff,1993-08-26,9999-01-01
414433,Yuchang,Yetim,Senior Staff,1992-12-10,9999-01-01
414433,Yuchang,Yetim,Staff,1986-12-11,1992-12-10
414439,Seshu,Pintelas,Staff,1994-12-08,1995-12-18
414458,Weidon,Lorin,Staff,1999-11-03,9999-01-01
414477,Arif,Beidas,Engineer,1987-03-12,1993-03-11
414477,Arif,Beidas,Senior Engineer,1993-03-11,9999-01-01
414496,Zhensheng,Auria,Senior Staff,1997-02-13,9999-01-01
414496,Zhensheng,Auria,Staff,1992-02-14,1997-02-13
414500,Fox,Aseltine,Engineer,1991-11-28,1997-11-27
414500,Fox,Aseltine,Senior Engineer,1997-11-27,9999-01-01
414513,Eben,Ranst,Engineer,1999-02-16,9999-01-01
414525,Candido,Emmart,Senior Staff,1993-09-16,9999-01-01
414525,Candido,Emmart,Staff,1987-09-17,1993-09-16
414552,Sham,Kroon,Senior Engineer,1985-12-08,9999-01-01
414557,Branimir,Pleszkun,Senior Staff,1989-09-16,2000-12-06
414572,Yongmin,Karlin,Engineer,1986-09-20,1991-09-20
414572,Yongmin,Karlin,Senior Engineer,1991-09-20,9999-01-01
414576,Dipankar,Ariola,Senior Engineer,1991-07-29,2000-09-15
414586,Fay,McFarlan,Senior Staff,1995-03-10,9999-01-01
414603,Arnould,Stafford,Senior Staff,2001-09-29,9999-01-01
414603,Arnould,Stafford,Staff,1994-09-29,2001-09-29
414630,Shietung,Ullian,Engineer,1992-09-22,1999-09-23
414630,Shietung,Ullian,Senior Engineer,1999-09-23,9999-01-01
414651,Gen,Hofstetter,Senior Staff,1995-06-11,9999-01-01
414651,Gen,Hofstetter,Staff,1987-06-11,1995-06-11
414692,Masami,Lubachevsky,Staff,1998-12-26,9999-01-01
414711,Lihong,Garrabrants,Senior Staff,1996-12-26,9999-01-01
414711,Lihong,Garrabrants,Staff,1991-12-27,1996-12-26
414792,Munenori,Ermel,Assistant Engineer,1985-05-26,1993-05-26
414792,Munenori,Ermel,Engineer,1993-05-26,1997-04-20
414796,Kazuhira,Sinicrope,Engineer,1987-12-30,1992-11-28
414797,Nectarios,Cannard,Technique Leader,1988-09-26,9999-01-01
414804,Torsten,Verspoor,Senior Staff,1998-12-25,9999-01-01
414804,Torsten,Verspoor,Staff,1989-12-25,1998-12-25
414806,Aimee,Jumpertz,Engineer,1996-04-02,1998-08-18
414815,Wanqing,Katzenelson,Engineer,1988-08-04,1995-08-05
414815,Wanqing,Katzenelson,Senior Engineer,1995-08-05,9999-01-01
414826,Sudhanshu,Vernadat,Engineer,1987-03-13,1992-10-23
414830,Lubomir,Isard,Engineer,1994-09-05,2000-09-04
414830,Lubomir,Isard,Senior Engineer,2000-09-04,9999-01-01
414877,Peternela,Zucker,Engineer,1986-06-04,1994-06-04
414877,Peternela,Zucker,Senior Engineer,1994-06-04,9999-01-01
414905,Leif,Bernardeschi,Engineer,1999-08-22,2001-08-27
414907,Oddvar,Karcich,Engineer,1995-01-15,9999-01-01
414908,Jiann,Tagansky,Assistant Engineer,1986-01-18,1992-01-18
414908,Jiann,Tagansky,Engineer,1992-01-18,1998-01-17
414908,Jiann,Tagansky,Senior Engineer,1998-01-17,9999-01-01
414915,Danai,Ferriere,Senior Engineer,1996-12-14,9999-01-01
414928,Gay,Luft,Senior Staff,1988-02-22,9999-01-01
414939,Bedir,Marakhovsky,Engineer,1986-04-13,1992-04-12
414939,Bedir,Marakhovsky,Senior Engineer,1992-04-12,9999-01-01
414963,Guangming,Ohori,Assistant Engineer,1999-03-09,9999-01-01
414964,Florian,Stifter,Staff,1998-02-05,1999-07-12
414970,Kellie,Leaver,Senior Engineer,1986-04-04,9999-01-01
414994,Sushant,Srimani,Engineer,1997-04-07,2000-06-26
414997,Alassane,Kamble,Engineer,1995-07-16,2001-07-15
414997,Alassane,Kamble,Senior Engineer,2001-07-15,9999-01-01
415006,Fumino,Meszaros,Assistant Engineer,1987-10-10,1992-10-09
415006,Fumino,Meszaros,Engineer,1992-10-09,1997-10-09
415006,Fumino,Meszaros,Senior Engineer,1997-10-09,9999-01-01
415040,Mikhail,Encarnacion,Senior Staff,1996-08-06,9999-01-01
415040,Mikhail,Encarnacion,Staff,1989-08-06,1996-08-06
415064,Subir,Suwa,Staff,1999-08-21,9999-01-01
415065,Maya,Dayana,Senior Staff,1987-06-02,9999-01-01
415074,Aksel,Cooman,Engineer,1993-04-13,2001-04-13
415074,Aksel,Cooman,Senior Engineer,2001-04-13,9999-01-01
415112,Jamaludin,Kropf,Engineer,1988-03-19,1994-03-19
415112,Jamaludin,Kropf,Senior Engineer,1994-03-19,9999-01-01
415122,Fuqing,Berendt,Senior Staff,1999-07-07,9999-01-01
415136,Fumino,Pardalos,Engineer,1999-09-06,9999-01-01
415149,Eran,Erva,Senior Staff,1999-07-26,9999-01-01
415156,Rildo,Milicia,Senior Staff,2001-05-05,9999-01-01
415156,Rildo,Milicia,Staff,1995-05-06,2001-05-05
415165,Fabrizio,Goldhammer,Senior Staff,1994-08-12,9999-01-01
415171,Ghassan,Benzmuller,Technique Leader,1999-07-08,9999-01-01
415181,Geoffry,Ellozy,Senior Staff,1997-04-14,9999-01-01
415181,Geoffry,Ellozy,Staff,1991-04-15,1997-04-14
415184,Tiina,Valtorta,Senior Staff,2001-05-19,2002-04-25
415184,Tiina,Valtorta,Staff,1995-05-20,2001-05-19
415197,Lokesh,Nastansky,Senior Staff,1998-05-24,9999-01-01
415197,Lokesh,Nastansky,Staff,1992-05-24,1998-05-24
415211,Fuqing,Eugenio,Senior Engineer,1990-07-09,1995-08-08
415235,Tran,DuCasse,Staff,1996-03-18,9999-01-01
415262,Weicheng,Kalsbeek,Senior Staff,1998-11-08,9999-01-01
415262,Weicheng,Kalsbeek,Staff,1993-11-08,1998-11-08
415277,Emdad,Rusmann,Senior Staff,1985-12-02,9999-01-01
415292,Moheb,Cummings,Engineer,1990-11-21,1995-11-21
415292,Moheb,Cummings,Senior Engineer,1995-11-21,1996-01-15
415294,Mizuhito,Iacovou,Senior Engineer,1995-07-18,9999-01-01
415300,Ortrun,Gluchowski,Engineer,1999-11-12,9999-01-01
415311,Zeydy,Jahnichen,Staff,1998-12-13,9999-01-01
415325,Felicidad,Hutton,Engineer,1991-10-06,1992-12-10
415335,Nidapan,Segond,Staff,1999-11-21,2001-08-01
415339,Karsten,Krider,Staff,1997-03-09,9999-01-01
415350,Irene,Langford,Senior Staff,1997-10-06,9999-01-01
415350,Irene,Langford,Staff,1991-10-07,1997-10-06
415360,Khalil,Berendt,Technique Leader,1994-06-28,9999-01-01
415385,Brendon,Matzat,Engineer,1996-11-06,9999-01-01
415408,Shietung,Fontet,Engineer,1991-10-10,1998-10-10
415408,Shietung,Fontet,Senior Engineer,1998-10-10,9999-01-01
415409,Oguz,Staylopatis,Senior Staff,2001-07-28,9999-01-01
415409,Oguz,Staylopatis,Staff,1994-07-28,2001-07-28
415421,Gopalakrishnan,Birke,Engineer,1987-09-08,1996-09-07
415421,Gopalakrishnan,Birke,Senior Engineer,1996-09-07,9999-01-01
415443,Arco,Birjandi,Staff,1998-05-30,9999-01-01
415449,Toney,Staudhammer,Engineer,1995-12-08,2000-12-07
415449,Toney,Staudhammer,Senior Engineer,2000-12-07,9999-01-01
415484,Nakhoon,Aumann,Staff,2000-01-18,9999-01-01
415507,Youjian,Kolvik,Senior Staff,1999-12-25,9999-01-01
415516,Shen,Stafford,Assistant Engineer,1987-08-09,1994-08-09
415516,Shen,Stafford,Engineer,1994-08-09,2000-12-05
415522,Adam,Heuser,Staff,1993-08-29,1995-08-19
415553,Harjit,Hooghiemstra,Senior Staff,1995-03-03,1997-12-08
415553,Harjit,Hooghiemstra,Staff,1987-03-03,1995-03-03
415587,Marla,Molberg,Senior Staff,1995-02-15,2000-08-04
415587,Marla,Molberg,Staff,1989-02-15,1995-02-15
415590,Genki,Masand,Assistant Engineer,1996-07-08,9999-01-01
415597,Goa,Kushner,Senior Staff,1994-08-15,9999-01-01
415597,Goa,Kushner,Staff,1985-08-15,1994-08-15
415604,Ewing,Gladwell,Staff,1996-03-03,2001-06-23
415621,Richard,Jervis,Senior Staff,2001-05-31,9999-01-01
415621,Richard,Jervis,Staff,1995-06-01,2001-05-31
415629,Limsoon,Compeau,Engineer,1995-07-21,9999-01-01
415631,Rimli,Baumann,Senior Staff,2000-02-07,9999-01-01
415631,Rimli,Baumann,Staff,1991-02-07,2000-02-07
415632,Vojin,Birch,Staff,1997-12-17,9999-01-01
415654,Shigenori,Nannarelli,Staff,1991-10-25,1992-06-23
415660,Abdulla,Rebaine,Senior Staff,1998-12-02,9999-01-01
415660,Abdulla,Rebaine,Staff,1992-12-02,1998-12-02
415677,Paloma,Cardazo,Senior Staff,1998-07-10,9999-01-01
415677,Paloma,Cardazo,Staff,1990-07-10,1998-07-10
415705,Theron,Siepmann,Staff,1999-08-12,9999-01-01
415724,Hyuncheol,Plavsic,Senior Engineer,1997-07-24,2001-11-21
415730,Gadiel,Delgrossi,Senior Staff,1997-06-15,9999-01-01
415730,Gadiel,Delgrossi,Staff,1992-06-15,1997-06-15
415755,Francoise,Cronau,Engineer,1991-02-18,1999-02-18
415755,Francoise,Cronau,Senior Engineer,1999-02-18,9999-01-01
415757,Adib,Orlowska,Senior Staff,1995-05-08,9999-01-01
415757,Adib,Orlowska,Staff,1988-05-07,1995-05-08
415777,Suebskul,Rabehasaina,Staff,1996-04-17,9999-01-01
415784,Kerhong,Angelov,Engineer,1988-10-27,1995-10-27
415784,Kerhong,Angelov,Senior Engineer,1995-10-27,9999-01-01
415795,Rafail,Rosch,Engineer,1987-07-31,1993-07-30
415795,Rafail,Rosch,Senior Engineer,1993-07-30,1997-02-13
415802,Honesty,Rosti,Senior Staff,1997-07-12,9999-01-01
415802,Honesty,Rosti,Staff,1991-07-13,1997-07-12
415810,Emran,Furedi,Engineer,1992-06-23,1993-09-13
415816,Kazuhide,Stellhorn,Engineer,1985-02-17,1991-02-17
415816,Kazuhide,Stellhorn,Senior Engineer,1991-02-17,9999-01-01
415842,Jeanne,Mapelli,Senior Staff,1992-06-15,9999-01-01
415843,Sailaja,Pesch,Senior Engineer,1991-01-23,1999-10-24
415848,Atreye,Haldar,Assistant Engineer,1986-03-20,1991-03-20
415848,Atreye,Haldar,Engineer,1991-03-20,1996-03-19
415848,Atreye,Haldar,Senior Engineer,1996-03-19,9999-01-01
415852,Zhiwei,Usdin,Engineer,1990-02-22,1996-02-22
415852,Zhiwei,Usdin,Senior Engineer,1996-02-22,9999-01-01
415858,Tesuro,Dahlbom,Senior Staff,2000-09-26,2001-06-23
415858,Tesuro,Dahlbom,Staff,1991-09-27,2000-09-26
415901,Candido,Crabtree,Engineer,1994-08-28,2001-08-28
415901,Candido,Crabtree,Senior Engineer,2001-08-28,9999-01-01
415911,Mahendra,Mikschl,Engineer,1994-11-25,2000-11-24
415911,Mahendra,Mikschl,Senior Engineer,2000-11-24,9999-01-01
415919,Emdad,Nitta,Senior Staff,1996-07-16,9999-01-01
415919,Emdad,Nitta,Staff,1990-07-17,1996-07-16
415931,Mantis,Rosin,Engineer,1996-03-15,9999-01-01
415938,Martijn,Molenaar,Engineer,1988-12-07,1996-12-07
415938,Martijn,Molenaar,Senior Engineer,1996-12-07,9999-01-01
415940,Youngkon,Bharadwaj,Engineer,1997-06-28,9999-01-01
415951,Rajmohan,Bage,Engineer,1998-11-26,9999-01-01
415952,Divier,Chimia,Staff,1999-10-16,9999-01-01
415956,Jungsoon,Flowers,Engineer,1993-03-05,1998-03-05
415956,Jungsoon,Flowers,Senior Engineer,1998-03-05,9999-01-01
415959,Yechiam,Lamma,Senior Engineer,1987-12-30,9999-01-01
415964,Subhada,Steinauer,Staff,1997-06-09,9999-01-01
415982,Gretta,Iwayama,Senior Staff,1988-07-13,9999-01-01
415996,Kazuhisa,Thisen,Assistant Engineer,1999-10-15,2000-04-08
416023,Morrie,Perri,Senior Engineer,1992-07-26,1997-12-23
416029,Sachio,Gunderson,Senior Staff,1997-11-10,9999-01-01
416029,Sachio,Gunderson,Staff,1992-11-10,1997-11-10
416054,Arto,Bratsberg,Senior Staff,1998-06-27,9999-01-01
416054,Arto,Bratsberg,Staff,1993-06-27,1998-06-27
416058,Zita,Cromarty,Engineer,1990-11-06,1996-11-05
416058,Zita,Cromarty,Senior Engineer,1996-11-05,9999-01-01
416059,Bikash,Langford,Engineer,1999-07-11,9999-01-01
416068,Shawna,Basagni,Staff,1995-07-09,9999-01-01
416117,Radhika,Albarhamtoshy,Engineer,2000-01-10,9999-01-01
416121,Salvador,Cooke,Engineer,1994-09-25,2001-09-25
416121,Salvador,Cooke,Senior Engineer,2001-09-25,9999-01-01
416133,Fatemeh,Shinomoto,Staff,1998-09-25,2001-04-12
416137,Sanjai,Pagter,Senior Staff,1999-07-16,9999-01-01
416143,Amabile,Antonisse,Staff,1997-03-10,9999-01-01
416162,Arif,Farrag,Technique Leader,1998-11-25,9999-01-01
416215,Georg,Bojadziev,Engineer,1990-11-12,1997-11-12
416215,Georg,Bojadziev,Senior Engineer,1997-11-12,9999-01-01
416234,Tsuneo,Luks,Technique Leader,1994-04-20,9999-01-01
416242,Mark,Jayawardene,Senior Staff,1998-07-22,9999-01-01
416256,Berna,Ramamoorthy,Assistant Engineer,1992-08-29,1997-08-29
416256,Berna,Ramamoorthy,Engineer,1997-08-29,9999-01-01
416259,Shaunak,Cusworth,Engineer,1993-04-28,2001-04-28
416259,Shaunak,Cusworth,Senior Engineer,2001-04-28,9999-01-01
416304,Flemming,Jiafu,Engineer,2000-01-05,9999-01-01
416311,Bernd,Parascandalo,Senior Staff,1998-10-28,9999-01-01
416311,Bernd,Parascandalo,Staff,1989-10-29,1998-10-28
416321,Jasminko,Lanteri,Senior Staff,1997-12-08,9999-01-01
416321,Jasminko,Lanteri,Staff,1992-12-08,1997-12-08
416322,Maria,Danley,Senior Staff,1988-01-30,9999-01-01
416338,Kazuhisa,Zykh,Senior Engineer,1991-08-12,9999-01-01
416341,Adly,Hoppenstand,Engineer,1996-09-04,9999-01-01
416350,Subbu,Lueh,Senior Staff,1992-06-27,9999-01-01
416350,Subbu,Lueh,Staff,1986-06-28,1992-06-27
416351,Naraig,Kisuki,Senior Engineer,1988-01-01,9999-01-01
416368,Abdelaziz,Pelc,Senior Staff,1993-03-14,9999-01-01
416368,Abdelaziz,Pelc,Staff,1985-03-14,1993-03-14
416369,Kazuhito,Lyonns,Engineer,1991-05-21,1998-05-21
416369,Kazuhito,Lyonns,Senior Engineer,1998-05-21,9999-01-01
416371,Gunilla,Melton,Engineer,1994-02-20,2000-05-07
416378,Yishay,Bahi,Engineer,1989-12-17,1995-12-17
416378,Yishay,Bahi,Senior Engineer,1995-12-17,9999-01-01
416381,Shigehito,Irland,Senior Staff,2001-05-26,9999-01-01
416381,Shigehito,Irland,Staff,1996-05-26,2001-05-26
416384,Satoru,Porotnikoff,Assistant Engineer,1993-06-23,1996-09-08
416391,Rosalie,Gihr,Engineer,1994-01-12,2002-01-12
416391,Rosalie,Gihr,Senior Engineer,2002-01-12,9999-01-01
416409,Pascal,Uchoa,Engineer,1987-10-29,1987-11-13
416413,Vitali,Cannard,Senior Staff,1996-05-25,9999-01-01
416460,Hironobu,Szemeredi,Engineer,1985-11-30,1990-11-30
416460,Hironobu,Szemeredi,Senior Engineer,1990-11-30,9999-01-01
416480,Mayuri,Alpay,Engineer,1987-08-13,1992-08-12
416480,Mayuri,Alpay,Senior Engineer,1992-08-12,9999-01-01
416491,Mart,Griswold,Senior Staff,1996-11-21,9999-01-01
416507,Szabolcs,Demos,Staff,1991-01-31,1993-11-21
416532,Wonhee,Conte,Engineer,1991-09-15,2000-09-14
416532,Wonhee,Conte,Senior Engineer,2000-09-14,9999-01-01
416540,Roddy,Pargas,Engineer,1999-06-14,9999-01-01
416562,Torsten,Majewski,Senior Staff,1993-11-21,9999-01-01
416562,Torsten,Majewski,Staff,1986-11-21,1993-11-21
416590,Ger,Junet,Senior Staff,1993-07-12,9999-01-01
416590,Ger,Junet,Staff,1985-07-12,1993-07-12
416597,Zhiguo,Randt,Senior Staff,2000-12-12,9999-01-01
416597,Zhiguo,Randt,Staff,1995-12-13,2000-12-12
416607,Jaana,Kitai,Senior Staff,1995-09-18,9999-01-01
416608,Eishiro,Barreiro,Senior Staff,1986-07-01,9999-01-01
416611,Jaihie,Porotnikoff,Staff,1987-11-18,1993-02-20
416622,Ugo,Speel,Engineer,1985-11-17,1987-07-20
416636,Roded,Lorho,Technique Leader,1995-02-01,9999-01-01
416640,Aloke,DeMori,Engineer,1992-01-20,1998-01-19
416640,Aloke,DeMori,Senior Engineer,1998-01-19,2001-08-19
416649,Remzi,Petersohn,Staff,1996-07-19,9999-01-01
416653,Chuanyi,Ushiama,Engineer,1994-03-31,1999-03-31
416653,Chuanyi,Ushiama,Senior Engineer,1999-03-31,9999-01-01
416668,Barton,Portugali,Senior Staff,2001-04-29,9999-01-01
416668,Barton,Portugali,Staff,1992-04-29,2001-04-29
416669,Tomoyuki,Bultermann,Senior Staff,2000-11-02,9999-01-01
416669,Tomoyuki,Bultermann,Staff,1995-11-03,2000-11-02
416699,Houman,Mamelak,Engineer,1996-08-13,9999-01-01
416701,Jayson,Lamparter,Assistant Engineer,1999-07-27,1999-12-18
416715,Wilmer,Schiper,Assistant Engineer,1991-04-26,1997-04-25
416715,Wilmer,Schiper,Engineer,1997-04-25,9999-01-01
416749,Zhenbing,Pena,Staff,1994-04-09,9999-01-01
416764,Mitchel,Meszaros,Senior Staff,1991-12-28,9999-01-01
416764,Mitchel,Meszaros,Staff,1985-12-28,1991-12-28
416774,Vishu,Bugrara,Engineer,1991-12-10,1997-12-09
416774,Vishu,Bugrara,Senior Engineer,1997-12-09,9999-01-01
416779,Brewster,Vasanthakumar,Engineer,1996-12-26,9999-01-01
416787,Yakkov,Kowalchuk,Staff,1995-06-27,9999-01-01
416794,Susuma,Lodder,Engineer,1987-11-01,1994-11-01
416794,Susuma,Lodder,Senior Engineer,1994-11-01,9999-01-01
416803,Sasan,Ramaiah,Senior Staff,1993-01-29,9999-01-01
416803,Sasan,Ramaiah,Staff,1988-01-30,1993-01-29
416808,Hailing,Schlegelmilch,Technique Leader,1997-09-12,9999-01-01
416825,Khosrow,Chvatal,Assistant Engineer,1989-02-14,1995-02-14
416825,Khosrow,Chvatal,Engineer,1995-02-14,2001-02-13
416825,Khosrow,Chvatal,Senior Engineer,2001-02-13,9999-01-01
416829,Xumin,Pulkowski,Senior Staff,1993-10-26,1996-03-30
416829,Xumin,Pulkowski,Staff,1986-10-26,1993-10-26
416843,Abdelkader,Vural,Engineer,1990-06-20,1995-06-20
416843,Abdelkader,Vural,Senior Engineer,1995-06-20,9999-01-01
416845,Sastry,Vendrig,Engineer,1991-09-17,1996-09-16
416845,Sastry,Vendrig,Senior Engineer,1996-09-16,2000-06-30
416846,Sudhanshu,Heiserman,Engineer,1999-01-25,9999-01-01
416851,Abdelkader,Mawatari,Senior Staff,1991-01-13,2000-09-18
416868,Shaowen,Cools,Technique Leader,1995-10-17,1997-08-09
416882,Moss,Brendel,Engineer,1987-08-01,1994-08-01
416882,Moss,Brendel,Senior Engineer,1994-08-01,1996-11-16
416900,Hatsukazu,Giaccio,Engineer,1989-04-06,1994-04-06
416900,Hatsukazu,Giaccio,Senior Engineer,1994-04-06,9999-01-01
416947,Tooru,Chiodo,Senior Staff,1995-03-29,9999-01-01
416947,Tooru,Chiodo,Staff,1988-03-28,1995-03-29
416966,Kristof,Murtafg,Senior Staff,1997-03-04,1999-11-14
416966,Kristof,Murtafg,Staff,1989-03-04,1997-03-04
416968,Hatem,Spell,Engineer,1986-08-18,1995-08-18
416968,Hatem,Spell,Senior Engineer,1995-08-18,9999-01-01
416974,Elgin,Pellegrinelli,Senior Engineer,1986-08-06,9999-01-01
416993,Miquel,Parascandalo,Engineer,1993-05-23,2001-05-23
416993,Miquel,Parascandalo,Senior Engineer,2001-05-23,9999-01-01
417003,Goh,Koshiba,Senior Staff,1999-08-13,9999-01-01
417003,Goh,Koshiba,Staff,1991-08-13,1999-08-13
417008,Takahiro,Bridgland,Engineer,1991-06-30,1999-06-30
417008,Takahiro,Bridgland,Senior Engineer,1999-06-30,9999-01-01
417031,Ger,Jansch,Engineer,1998-02-21,1999-11-29
417033,Yongmin,Sooriamurthi,Engineer,1991-12-20,1998-12-20
417033,Yongmin,Sooriamurthi,Senior Engineer,1998-12-20,9999-01-01
417040,Baruch,Koblick,Engineer,1990-10-21,1999-10-21
417040,Baruch,Koblick,Senior Engineer,1999-10-21,9999-01-01
417054,Anoosh,Luke,Engineer,1991-10-25,1997-10-24
417054,Anoosh,Luke,Senior Engineer,1997-10-24,9999-01-01
417059,Keung,Serna,Staff,1997-07-09,9999-01-01
417061,Tomofumi,Ligten,Staff,1998-05-24,9999-01-01
417087,Masanao,Swen,Staff,1997-02-28,1997-03-15
417094,Goh,Fendler,Senior Staff,1996-10-08,1997-06-20
417094,Goh,Fendler,Staff,1988-10-08,1996-10-08
417098,Phule,Oaver,Engineer,1986-12-12,1991-12-12
417098,Phule,Oaver,Senior Engineer,1991-12-12,9999-01-01
417100,Uriel,McClurg,Senior Staff,1995-08-22,2000-12-30
417100,Uriel,McClurg,Staff,1986-08-22,1995-08-22
417102,Leszek,Jeansoulin,Engineer,1988-06-04,1997-06-04
417102,Leszek,Jeansoulin,Senior Engineer,1997-06-04,9999-01-01
417108,Collette,Cherinka,Staff,1989-11-09,1991-08-01
417119,Manton,Snedden,Staff,1993-06-12,1997-07-03
417121,Tzu,Merli,Assistant Engineer,1993-08-24,1998-08-24
417121,Tzu,Merli,Engineer,1998-08-24,9999-01-01
417131,Arunas,Adachi,Senior Staff,1994-05-15,9999-01-01
417148,Alagu,Peternell,Senior Staff,1998-06-11,9999-01-01
417148,Alagu,Peternell,Staff,1992-06-11,1998-06-11
417161,Macha,Pena,Engineer,1993-06-11,2002-06-11
417161,Macha,Pena,Senior Engineer,2002-06-11,9999-01-01
417172,Amalendu,Dulin,Senior Staff,1994-04-09,2001-06-14
417172,Amalendu,Dulin,Staff,1989-04-09,1994-04-09
417187,Doohun,Stasinski,Senior Staff,1985-06-10,9999-01-01
417211,Dmitry,Lally,Senior Engineer,1993-07-14,9999-01-01
417212,Jacqueline,Parfitt,Senior Staff,1995-01-17,9999-01-01
417212,Jacqueline,Parfitt,Staff,1987-01-17,1995-01-17
417226,Mohit,Leonhardt,Senior Staff,1997-07-05,9999-01-01
417226,Mohit,Leonhardt,Staff,1989-07-05,1997-07-05
417230,Masato,Kakkad,Engineer,1999-06-17,9999-01-01
417253,Rosalie,Brodal,Senior Staff,1992-10-27,9999-01-01
417253,Rosalie,Brodal,Staff,1986-10-28,1992-10-27
417269,Florian,Lund,Engineer,1991-05-26,1998-05-26
417269,Florian,Lund,Senior Engineer,1998-05-26,9999-01-01
417270,Sham,Sooriamurthi,Technique Leader,1990-03-06,9999-01-01
417289,Divine,Rosin,Engineer,1989-01-12,1994-01-12
417289,Divine,Rosin,Senior Engineer,1994-01-12,9999-01-01
417290,Dietrich,Parhami,Senior Staff,1991-07-28,9999-01-01
417290,Dietrich,Parhami,Staff,1986-07-28,1991-07-28
417303,Baoqiu,Leaver,Engineer,1993-12-28,9999-01-01
417311,Bangqing,Peha,Engineer,1988-12-11,1997-12-11
417311,Bangqing,Peha,Senior Engineer,1997-12-11,9999-01-01
417315,Uwe,Peres,Engineer,1993-10-22,1999-10-22
417315,Uwe,Peres,Senior Engineer,1999-10-22,9999-01-01
417316,Rayond,Hmelo,Engineer,1988-05-15,1996-05-15
417316,Rayond,Hmelo,Senior Engineer,1996-05-15,9999-01-01
417323,Tsuneo,Braunmuhl,Senior Staff,1998-02-28,9999-01-01
417323,Tsuneo,Braunmuhl,Staff,1993-02-28,1998-02-28
417351,Tetsurou,Litzler,Engineer,1986-05-22,1992-05-21
417351,Tetsurou,Litzler,Senior Engineer,1992-05-21,9999-01-01
417358,Pranjal,Lanzelotte,Assistant Engineer,1988-04-05,1997-04-04
417358,Pranjal,Lanzelotte,Engineer,1997-04-04,2001-10-17
417374,Collette,Rande,Senior Staff,1994-03-24,9999-01-01
417374,Collette,Rande,Staff,1989-03-24,1994-03-24
417377,Danco,Thorensen,Senior Staff,1995-06-23,2001-07-29
417377,Danco,Thorensen,Staff,1986-06-23,1995-06-23
417389,Tianruo,Marrakchi,Engineer,1996-10-02,9999-01-01
417414,Berry,Pramanik,Engineer,1993-12-21,1998-12-21
417414,Berry,Pramanik,Senior Engineer,1998-12-21,2000-08-02
417419,Bartek,Tagansky,Engineer,1989-12-28,1998-12-28
417419,Bartek,Tagansky,Senior Engineer,1998-12-28,9999-01-01
417422,Sachin,Rossi,Engineer,1999-08-27,9999-01-01
417425,Pranjal,Bala,Staff,1998-10-08,9999-01-01
417430,Dhritiman,Docker,Senior Staff,1994-12-13,9999-01-01
417444,Khun,Baek,Engineer,1985-12-11,1992-12-11
417444,Khun,Baek,Senior Engineer,1992-12-11,9999-01-01
417458,Hideyuki,Reeken,Engineer,1999-10-27,9999-01-01
417468,Demos,Yurov,Engineer,1993-04-17,1998-04-17
417468,Demos,Yurov,Senior Engineer,1998-04-17,9999-01-01
417474,Jeanna,Chenney,Senior Staff,1989-02-01,1992-08-13
417481,Mayuko,Brookman,Senior Staff,1994-10-27,9999-01-01
417481,Mayuko,Brookman,Staff,1987-10-27,1994-10-27
417517,Shir,Bashian,Senior Engineer,1992-03-09,9999-01-01
417538,Radhakrishnan,Reeken,Staff,1997-05-07,9999-01-01
417544,Adin,Mamelak,Senior Staff,1990-08-28,1997-09-11
417544,Adin,Mamelak,Staff,1985-08-28,1990-08-28
417547,Ohad,Sridhar,Assistant Engineer,1986-08-05,1991-08-05
417547,Ohad,Sridhar,Engineer,1991-08-05,1996-08-04
417547,Ohad,Sridhar,Senior Engineer,1996-08-04,9999-01-01
417565,Pranjal,Edelhoff,Senior Staff,1998-04-12,1998-07-17
417565,Pranjal,Edelhoff,Staff,1991-04-12,1998-04-12
417566,Marc,Diderrich,Engineer,1990-03-01,1992-10-08
417610,Shahab,Gire,Staff,1999-10-31,9999-01-01
417629,Geoffrey,Passafiume,Senior Staff,2000-08-28,9999-01-01
417629,Geoffrey,Passafiume,Staff,1995-08-29,2000-08-28
417636,Weiyi,Panienski,Senior Staff,1989-12-23,1997-07-11
417641,Shen,Barbanera,Engineer,1987-10-13,1996-10-12
417641,Shen,Barbanera,Senior Engineer,1996-10-12,2002-02-14
417675,Munenori,Manders,Engineer,1996-04-17,2002-04-17
417675,Munenori,Manders,Senior Engineer,2002-04-17,9999-01-01
417679,Kersti,Argence,Senior Staff,1997-05-11,9999-01-01
417679,Kersti,Argence,Staff,1989-05-11,1997-05-11
417686,Isamu,Hennings,Engineer,1989-02-12,1994-02-12
417686,Isamu,Hennings,Senior Engineer,1994-02-12,2002-05-09
417699,Zengping,Vuskovic,Senior Staff,1997-01-26,9999-01-01
417699,Zengping,Vuskovic,Staff,1989-01-26,1997-01-26
417716,Margareta,Kolinko,Senior Staff,1995-04-07,9999-01-01
417717,Gennady,Rosin,Staff,1994-08-22,9999-01-01
417724,Zissis,Laventhal,Senior Staff,1991-01-20,9999-01-01
417726,Tsuneo,Acton,Engineer,1989-09-18,1997-09-18
417726,Tsuneo,Acton,Senior Engineer,1997-09-18,9999-01-01
417749,Irena,Pavlopoulou,Engineer,1992-02-01,2000-02-01
417749,Irena,Pavlopoulou,Senior Engineer,2000-02-01,9999-01-01
417761,Ulf,Vecchi,Senior Engineer,1995-11-01,9999-01-01
417767,Mart,Chvatal,Senior Engineer,1997-05-17,9999-01-01
417773,Guangming,Pintelas,Staff,1987-12-23,1991-06-09
417798,Vishu,Strooper,Assistant Engineer,1992-11-07,2000-11-07
417798,Vishu,Strooper,Engineer,2000-11-07,9999-01-01
417817,Oddvar,Rassart,Engineer,1989-07-04,1992-01-21
417838,Marko,Kawashima,Staff,1999-06-04,2001-04-22
417856,Navid,Francisci,Technique Leader,1991-04-30,9999-01-01
417857,Dinkar,Maccarone,Senior Staff,1996-11-20,9999-01-01
417857,Dinkar,Maccarone,Staff,1988-11-20,1996-11-20
417870,Remzi,Champarnaud,Engineer,1999-11-05,2000-10-18
417877,Filipp,Yeung,Senior Staff,1988-07-19,9999-01-01
417891,Elvia,Gerteisen,Technique Leader,1999-11-26,9999-01-01
417895,Sajjan,Fadgyas,Engineer,1999-09-24,9999-01-01
417896,Uinam,Naudin,Engineer,1989-02-20,1996-02-21
417896,Uinam,Naudin,Senior Engineer,1996-02-21,9999-01-01
417899,Ung,Kumaresan,Staff,1998-04-05,9999-01-01
417908,Shooichi,Decleir,Engineer,1987-07-09,1992-07-08
417908,Shooichi,Decleir,Senior Engineer,1992-07-08,1999-05-09
417932,Remko,Meszaros,Senior Staff,1995-07-19,9999-01-01
417932,Remko,Meszaros,Staff,1989-07-19,1995-07-19
417942,Insup,Herath,Senior Staff,1999-07-27,9999-01-01
417942,Insup,Herath,Staff,1992-07-26,1999-07-27
417962,Zeljko,Sidhu,Technique Leader,1992-10-26,9999-01-01
417971,Ulf,Barriga,Senior Staff,2001-11-27,9999-01-01
417971,Ulf,Barriga,Staff,1992-11-27,2001-11-27
417982,Toney,Varker,Senior Staff,1999-11-25,9999-01-01
417982,Toney,Varker,Staff,1994-11-25,1999-11-25
417995,Izaskun,Trumbly,Senior Engineer,1990-07-06,9999-01-01
417996,Kerhong,Thibadeau,Engineer,1985-03-01,1994-03-01
417996,Kerhong,Thibadeau,Senior Engineer,1994-03-01,9999-01-01
417998,Shuichi,Bahk,Staff,1998-06-11,9999-01-01
418004,Uinam,Zaccaria,Assistant Engineer,1986-06-21,1991-06-21
418004,Uinam,Zaccaria,Engineer,1991-06-21,1996-06-20
418004,Uinam,Zaccaria,Senior Engineer,1996-06-20,9999-01-01
418014,Edwin,Langford,Engineer,1992-03-25,1993-01-20
418018,Kshitij,Boguraev,Engineer,1988-08-04,1997-08-04
418018,Kshitij,Boguraev,Senior Engineer,1997-08-04,9999-01-01
418040,Aluzio,Cannard,Senior Staff,2001-04-11,9999-01-01
418040,Aluzio,Cannard,Staff,1994-04-11,2001-04-11
418041,Surveyors,Monkewich,Senior Staff,1992-12-29,9999-01-01
418041,Surveyors,Monkewich,Staff,1987-12-30,1992-12-29
418042,Tayeb,Randi,Senior Engineer,1994-08-24,9999-01-01
418076,Mohamadou,Ballarin,Senior Staff,1997-09-02,9999-01-01
418080,Youjian,Piazza,Staff,1996-03-27,9999-01-01
418081,Toshimi,Kaiserswerth,Senior Staff,2000-08-28,9999-01-01
418081,Toshimi,Kaiserswerth,Staff,1992-08-28,2000-08-28
418085,Bedrich,Sewelson,Staff,1995-02-14,9999-01-01
418091,Elgin,Schmittgen,Assistant Engineer,1997-06-10,2001-03-23
418092,Wayne,Cheshire,Engineer,1998-12-12,9999-01-01
418097,Gadiel,Kandlur,Engineer,1992-09-10,1998-08-18
418100,Lenore,Hammerschmidt,Engineer,1996-01-25,2002-01-24
418100,Lenore,Hammerschmidt,Senior Engineer,2002-01-24,9999-01-01
418105,Charmane,Whittlesey,Engineer,1993-04-25,1998-04-25
418105,Charmane,Whittlesey,Senior Engineer,1998-04-25,9999-01-01
418107,Arfst,Simkin,Senior Staff,1998-11-07,9999-01-01
418107,Arfst,Simkin,Staff,1991-11-07,1998-11-07
418109,Kamran,Zyda,Senior Staff,1997-04-28,1997-05-31
418109,Kamran,Zyda,Staff,1992-04-28,1997-04-28
418111,Margo,Desikan,Senior Engineer,1996-03-01,1999-11-15
418115,Emdad,Stentiford,Senior Engineer,1994-09-22,9999-01-01
418141,Mitchel,Christ,Engineer,1998-06-20,9999-01-01
418154,Shichao,Lambe,Staff,1999-11-09,9999-01-01
418162,Lalit,Randt,Engineer,1998-11-07,9999-01-01
418166,Randi,Ossenbruggen,Senior Engineer,1990-07-27,9999-01-01
418175,Leen,Hellwagner,Engineer,1989-10-28,1998-10-27
418175,Leen,Hellwagner,Senior Engineer,1998-10-27,9999-01-01
418193,Along,Capobianchi,Assistant Engineer,1992-04-29,1995-05-17
418197,Subhada,Bodoff,Senior Engineer,1985-07-03,9999-01-01
418220,Munehiro,Herbst,Engineer,1990-02-16,1997-02-16
418220,Munehiro,Herbst,Senior Engineer,1997-02-16,9999-01-01
418232,Eberhardt,Erde,Staff,1995-01-10,9999-01-01
418238,Boaz,Lamba,Senior Engineer,1999-08-17,2000-01-08
418252,Hein,Fargier,Engineer,1986-03-14,1993-03-14
418252,Hein,Fargier,Senior Engineer,1993-03-14,9999-01-01
418267,Harjit,Valiente,Engineer,1998-11-16,9999-01-01
418275,Wojceich,Jeong,Assistant Engineer,1993-08-26,9999-01-01
418280,Marc,Stille,Engineer,1999-05-10,9999-01-01
418287,Mani,Pashtan,Technique Leader,1999-02-07,1999-10-19
418292,Mostafa,Pettit,Engineer,1992-09-26,1999-09-27
418292,Mostafa,Pettit,Senior Engineer,1999-09-27,9999-01-01
418294,Becky,Remmele,Engineer,1999-09-10,9999-01-01
418303,Sachem,Luby,Senior Staff,1998-12-23,9999-01-01
418303,Sachem,Luby,Staff,1991-12-23,1998-12-23
418315,Alain,Nyrup,Staff,1997-08-18,9999-01-01
418321,Kazuhisa,Kushner,Senior Staff,2001-06-28,9999-01-01
418321,Kazuhisa,Kushner,Staff,1996-06-28,2001-06-28
418353,Georgy,Granlund,Engineer,1995-11-21,2001-11-20
418353,Georgy,Granlund,Senior Engineer,2001-11-20,9999-01-01
418358,Shahar,Cronan,Senior Staff,2000-10-20,9999-01-01
418358,Shahar,Cronan,Staff,1991-10-21,2000-10-20
418369,Willard,Merli,Senior Engineer,1988-09-02,9999-01-01
418376,Dmitry,Gadepally,Engineer,1989-05-14,1994-05-14
418376,Dmitry,Gadepally,Senior Engineer,1994-05-14,9999-01-01
418378,Abdelaziz,Zwicker,Senior Staff,1986-03-14,9999-01-01
418395,Khoa,Lamparter,Senior Staff,1993-09-01,9999-01-01
418395,Khoa,Lamparter,Staff,1985-09-01,1993-09-01
418400,Gio,Schiettecatte,Senior Engineer,1994-03-08,9999-01-01
418401,Ioana,Unno,Assistant Engineer,1990-08-10,1998-08-10
418401,Ioana,Unno,Engineer,1998-08-10,9999-01-01
418408,Hugo,Gniady,Staff,1989-09-18,1994-04-23
418414,Zdislav,Barinka,Senior Staff,2001-02-18,9999-01-01
418414,Zdislav,Barinka,Staff,1992-02-19,2001-02-18
418416,Mitsuyuki,Szilard,Senior Staff,1986-01-22,9999-01-01
418430,Sanjai,Demizu,Senior Staff,1995-10-30,1998-02-26
418448,Apostol,Braccini,Engineer,1995-12-05,9999-01-01
418457,Masami,Alencar,Senior Staff,1996-05-25,9999-01-01
418457,Masami,Alencar,Staff,1989-05-25,1996-05-25
418473,Barna,Bharadwaj,Senior Staff,1987-01-02,9999-01-01
418484,Suebskul,Lodder,Engineer,1991-11-13,1999-11-13
418484,Suebskul,Lodder,Senior Engineer,1999-11-13,9999-01-01
418485,Fumiyo,Solovay,Staff,1997-09-20,1998-06-15
418518,Eldridge,Schlenzig,Engineer,1995-02-24,2002-02-24
418518,Eldridge,Schlenzig,Senior Engineer,2002-02-24,9999-01-01
418541,Ulises,Thibadeau,Assistant Engineer,1997-12-24,2001-10-04
418562,Owen,Khamsi,Senior Staff,1995-03-19,9999-01-01
418562,Owen,Khamsi,Staff,1986-03-19,1995-03-19
418588,Valery,Makrucki,Senior Staff,1995-02-20,9999-01-01
418588,Valery,Makrucki,Staff,1990-02-20,1995-02-20
418593,Marco,Parfitt,Senior Staff,1999-08-10,9999-01-01
418593,Marco,Parfitt,Staff,1991-08-10,1999-08-10
418601,Arunachalam,Uchoa,Staff,1993-11-02,2001-01-06
418602,Aron,Muniz,Senior Staff,1993-05-15,9999-01-01
418602,Aron,Muniz,Staff,1988-05-15,1993-05-15
418615,Jianwen,Mahnke,Engineer,1995-02-20,2001-02-19
418615,Jianwen,Mahnke,Senior Engineer,2001-02-19,9999-01-01
418618,Ortrud,Wrigley,Senior Staff,1993-08-13,9999-01-01
418618,Ortrud,Wrigley,Staff,1987-08-14,1993-08-13
418627,Insup,Perna,Staff,1997-04-09,9999-01-01
418637,Ronghao,Danlos,Engineer,1995-08-23,9999-01-01
418641,Yucel,Clouatre,Engineer,1999-02-06,9999-01-01
418663,Georg,Makrucki,Engineer,1991-08-30,1998-08-30
418663,Georg,Makrucki,Senior Engineer,1998-08-30,9999-01-01
418690,Chinhyun,Tempesti,Senior Engineer,1994-12-25,9999-01-01
418696,Lillian,Hegner,Staff,1996-06-05,2002-01-21
418709,Conrado,Shokrollahi,Senior Staff,1994-10-05,9999-01-01
418723,Pramod,Zolotykh,Senior Staff,1999-01-14,9999-01-01
418726,Berna,Highland,Engineer,1992-03-15,2000-03-15
418726,Berna,Highland,Senior Engineer,2000-03-15,9999-01-01
418745,Elrique,Ravishankar,Senior Staff,1995-05-22,9999-01-01
418748,Saeed,Marletta,Senior Staff,1994-12-07,9999-01-01
418748,Saeed,Marletta,Staff,1986-12-07,1994-12-07
418754,Susanta,Michaeli,Engineer,1998-09-05,9999-01-01
418770,Sivanarayana,Rahimi,Senior Engineer,1989-09-14,9999-01-01
418776,Roselyn,McClurg,Technique Leader,1997-04-09,9999-01-01
418782,Renee,Cherinka,Engineer,1997-06-18,2002-06-18
418782,Renee,Cherinka,Senior Engineer,2002-06-18,9999-01-01
418809,Morrie,Harllee,Technique Leader,1987-11-29,1998-09-15
418813,Sariel,Azulay,Staff,1995-05-14,9999-01-01
418861,Kamakshi,Schwaller,Senior Staff,1992-12-15,2001-07-29
418884,Kazuhiro,Hartvigsen,Staff,1994-04-21,9999-01-01
418897,Anyuan,Munro,Assistant Engineer,1991-10-21,1999-10-21
418897,Anyuan,Munro,Engineer,1999-10-21,2001-03-16
418903,Kellyn,Navazio,Engineer,1994-06-03,2001-06-03
418903,Kellyn,Navazio,Senior Engineer,2001-06-03,9999-01-01
418904,Denis,Hanratty,Staff,1995-05-17,9999-01-01
418907,Divier,Makinen,Staff,1997-09-15,9999-01-01
418913,Jaewon,Zhang,Senior Staff,1996-09-29,9999-01-01
418913,Jaewon,Zhang,Staff,1990-09-30,1996-09-29
418923,Danel,Asrin,Engineer,1996-12-02,9999-01-01
418926,Golgen,Ozeri,Engineer,1992-05-04,2000-05-04
418926,Golgen,Ozeri,Senior Engineer,2000-05-04,9999-01-01
418936,Shim,Standera,Engineer,1994-09-01,1996-10-29
418955,Jinya,Kinley,Engineer,1987-09-20,1994-09-20
418955,Jinya,Kinley,Senior Engineer,1994-09-20,9999-01-01
418967,Huiqun,Serra,Engineer,1994-12-04,1995-07-31
418999,Terresa,Vieth,Engineer,1995-09-10,1995-09-10
419039,Khosrow,Monkewich,Senior Staff,1995-11-04,9999-01-01
419039,Khosrow,Monkewich,Staff,1989-11-04,1995-11-04
419058,Ulf,Syrotiuk,Engineer,1989-11-14,1992-02-15
419067,Tommaso,Zhang,Engineer,1998-10-24,9999-01-01
419102,Jasminko,Ghandeharizadeh,Engineer,1988-08-30,1995-08-31
419102,Jasminko,Ghandeharizadeh,Senior Engineer,1995-08-31,9999-01-01
419117,Martine,Lorcy,Senior Staff,1994-12-01,1999-06-10
419129,Padma,Rusterholz,Engineer,1998-11-30,9999-01-01
419172,Parke,Morris,Senior Staff,1996-12-01,1999-06-13
419172,Parke,Morris,Staff,1988-12-01,1996-12-01
419189,Fei,Minakawa,Engineer,1990-03-26,1999-03-26
419189,Fei,Minakawa,Senior Engineer,1999-03-26,9999-01-01
419196,Katsuyuki,Giarratana,Senior Staff,1997-02-13,9999-01-01
419196,Katsuyuki,Giarratana,Staff,1990-02-13,1997-02-13
419204,Fox,Ligten,Senior Engineer,1996-05-12,9999-01-01
419213,Surveyors,Douceur,Staff,1988-06-07,1989-04-05
419218,Shigenori,Chenney,Engineer,1993-01-17,1997-03-27
419227,Atilio,Makrucki,Engineer,1998-04-16,9999-01-01
419246,Jamaludin,Speel,Staff,1994-12-11,9999-01-01
419254,Shigenori,Krider,Senior Staff,1999-04-24,2002-02-05
419257,Yannik,Ponthieu,Senior Staff,2000-02-22,9999-01-01
419257,Yannik,Ponthieu,Staff,1991-02-22,2000-02-22
419278,Jaewon,Ozeri,Staff,1995-03-29,9999-01-01
419281,Anestis,Turnbull,Engineer,1999-12-25,9999-01-01
419310,Yolla,Lowrie,Senior Staff,2000-06-04,9999-01-01
419310,Yolla,Lowrie,Staff,1992-06-04,2000-06-04
419329,Gianluca,Kaminger,Senior Staff,1999-07-04,9999-01-01
419329,Gianluca,Kaminger,Staff,1994-07-04,1999-07-04
419369,Zhigen,Hempstead,Engineer,1998-02-20,9999-01-01
419379,Kendra,Schaap,Technique Leader,1992-02-02,9999-01-01
419383,Richara,Seuren,Senior Staff,2002-06-02,9999-01-01
419383,Richara,Seuren,Staff,1997-06-02,2002-06-02
419394,Kien,Weedman,Engineer,1995-06-24,9999-01-01
419406,Ewing,Coney,Senior Engineer,1993-01-04,9999-01-01
419458,Arno,Lundstrom,Senior Staff,1993-02-07,9999-01-01
419458,Arno,Lundstrom,Staff,1988-02-08,1993-02-07
419464,Dante,Schiettecatte,Senior Engineer,1994-04-14,9999-01-01
419480,Chiradeep,Gubsky,Staff,1993-10-27,9999-01-01
419492,Arne,Thebaut,Senior Staff,1999-09-16,9999-01-01
419532,Djelloul,Penz,Technique Leader,1995-01-19,9999-01-01
419546,Zorica,Randi,Engineer,1991-05-25,1997-05-24
419546,Zorica,Randi,Senior Engineer,1997-05-24,9999-01-01
419549,Jiann,Reutenauer,Senior Staff,1998-05-28,9999-01-01
419549,Jiann,Reutenauer,Staff,1992-05-28,1998-05-28
419561,Xiaoshan,Soicher,Staff,1999-08-15,9999-01-01
419575,Etsuo,Huhdanpaa,Senior Staff,2000-09-19,9999-01-01
419575,Etsuo,Huhdanpaa,Staff,1992-09-19,2000-09-19
419587,Aron,Wynblatt,Staff,2000-01-16,9999-01-01
419604,Sumant,Huxford,Staff,1987-09-27,1994-01-12
419608,Poorav,Asrin,Engineer,1996-09-22,9999-01-01
419613,Mahendra,Middleton,Engineer,1999-05-31,1999-08-21
419633,Hyuncheol,Gire,Engineer,2000-01-16,9999-01-01
419635,Shridhar,Demian,Senior Staff,1998-01-10,9999-01-01
419635,Shridhar,Demian,Staff,1993-01-10,1998-01-10
419648,Sreekrishna,Chartres,Staff,1996-06-22,1997-02-05
419651,Taisook,Koblick,Engineer,1992-02-10,1998-02-09
419651,Taisook,Koblick,Senior Engineer,1998-02-09,9999-01-01
419664,Chuanyi,Peroz,Staff,1996-06-21,1997-09-04
419691,Kristof,Junot,Senior Engineer,1986-10-04,9999-01-01
419692,Mingsen,Sidhu,Senior Engineer,1989-04-11,9999-01-01
419709,Aloke,Farrow,Senior Staff,1992-05-29,9999-01-01
419709,Aloke,Farrow,Staff,1985-05-29,1992-05-29
419721,Jixiang,Wendorf,Engineer,1998-11-15,9999-01-01
419725,Masaki,Stavenow,Senior Staff,1998-10-14,2001-03-19
419732,Mitsuyuki,Standera,Senior Staff,1997-01-28,9999-01-01
419732,Mitsuyuki,Standera,Staff,1990-01-28,1997-01-28
419740,Kristen,Openshaw,Senior Staff,2002-06-03,9999-01-01
419740,Kristen,Openshaw,Staff,1993-06-03,2002-06-03
419762,Clyde,Rissanen,Engineer,1991-06-28,1993-04-13
419777,Mahendra,Sidou,Senior Staff,1996-11-01,9999-01-01
419777,Mahendra,Sidou,Staff,1990-11-02,1996-11-01
419785,Kendra,Sommen,Engineer,1993-09-12,2000-09-12
419785,Kendra,Sommen,Senior Engineer,2000-09-12,9999-01-01
419806,Adel,Klyachko,Staff,1994-06-16,9999-01-01
419813,Olivera,Erman,Assistant Engineer,1985-03-05,1992-03-05
419813,Olivera,Erman,Engineer,1992-03-05,1997-06-25
419815,Charlene,Lampe,Engineer,1994-05-22,9999-01-01
419816,Chikako,Huhdanpaa,Engineer,1985-05-09,1990-05-09
419816,Chikako,Huhdanpaa,Senior Engineer,1990-05-09,9999-01-01
419822,Sushant,Ritcey,Senior Staff,2000-01-16,9999-01-01
419822,Sushant,Ritcey,Staff,1992-01-16,2000-01-16
419829,Panayotis,Delgrande,Staff,1998-08-28,9999-01-01
419838,Rance,Ruther,Senior Staff,2002-02-16,9999-01-01
419838,Rance,Ruther,Staff,1997-02-16,2002-02-16
419849,Koichi,Akazan,Senior Engineer,1985-07-29,9999-01-01
419853,Rasikan,Fiebach,Senior Engineer,1989-01-06,9999-01-01
419859,Stevo,Underwood,Senior Engineer,1999-03-22,9999-01-01
419864,Utz,Egerstedt,Senior Staff,1994-09-11,9999-01-01
419864,Utz,Egerstedt,Staff,1989-09-11,1994-09-11
419869,Padma,Vitiello,Senior Engineer,1988-06-06,9999-01-01
419875,Kwangyoen,Macedo,Assistant Engineer,1994-06-27,9999-01-01
419901,Kyoichi,Monarch,Staff,1995-02-15,9999-01-01
419924,Kerhong,Argence,Engineer,1996-09-09,2000-03-23
419927,Barton,Msuda,Engineer,1988-10-30,1993-10-30
419927,Barton,Msuda,Senior Engineer,1993-10-30,9999-01-01
419947,Odinaldo,Camarinopoulos,Engineer,1986-05-30,1994-05-30
419947,Odinaldo,Camarinopoulos,Senior Engineer,1994-05-30,9999-01-01
419950,Divier,Papadias,Engineer,1990-09-23,1995-09-23
419950,Divier,Papadias,Senior Engineer,1995-09-23,2001-11-15
419967,Filipp,Candan,Assistant Engineer,1995-11-03,9999-01-01
419971,Kristina,Ciolek,Assistant Engineer,1991-09-28,1997-09-27
419971,Kristina,Ciolek,Engineer,1997-09-27,9999-01-01
419974,Kamran,Mahnke,Staff,1990-10-22,1991-12-20
419990,Parke,Talmor,Senior Staff,2001-05-16,9999-01-01
419990,Parke,Talmor,Staff,1993-05-16,2001-05-16
419999,Shahar,Bugaenko,Staff,1994-03-14,1998-01-14
420014,Jouni,Karner,Engineer,1993-12-06,2000-03-16
420035,Claudi,Heystek,Senior Engineer,1985-08-16,9999-01-01
420041,Mabo,Lyonns,Engineer,1990-05-28,1995-05-28
420041,Mabo,Lyonns,Senior Engineer,1995-05-28,9999-01-01
420044,Kokou,Bratsberg,Staff,1997-09-19,9999-01-01
420056,Toshimi,Krychniak,Assistant Engineer,1987-07-07,1996-07-06
420056,Toshimi,Krychniak,Engineer,1996-07-06,9999-01-01
420062,Somnath,Schahn,Technique Leader,1988-02-21,1994-02-13
420091,Jolita,Bahl,Senior Staff,1992-04-20,9999-01-01
420091,Jolita,Bahl,Staff,1985-04-20,1992-04-20
420093,Shem,Thummel,Senior Staff,1997-12-29,9999-01-01
420109,Vishwani,Waymire,Senior Staff,1993-09-18,9999-01-01
420109,Vishwani,Waymire,Staff,1985-09-18,1993-09-18
420136,Chaoyi,Breugel,Engineer,1997-09-12,9999-01-01
420138,Sajjad,Bala,Technique Leader,1992-03-10,9999-01-01
420144,Tzvetan,Bernini,Staff,1993-08-18,1994-04-18
420165,Surveyors,Siprelle,Engineer,1991-12-04,1999-12-04
420165,Surveyors,Siprelle,Senior Engineer,1999-12-04,9999-01-01
420174,Reinhold,Decaestecker,Engineer,1995-12-13,9999-01-01
420181,Nathan,Takanami,Senior Staff,2002-04-12,9999-01-01
420181,Nathan,Takanami,Staff,1996-04-12,2002-04-12
420224,Rimon,Bardell,Senior Staff,1996-07-03,9999-01-01
420224,Rimon,Bardell,Staff,1989-07-03,1996-07-03
420297,Shahar,Georgatos,Engineer,2000-01-07,9999-01-01
420322,Yoshimitsu,Shihab,Staff,1998-03-01,9999-01-01
420323,Willard,Msuda,Engineer,1996-08-18,9999-01-01
420324,Aris,Ravishankar,Staff,1997-06-09,9999-01-01
420326,Theirry,Schaar,Technique Leader,1989-01-14,9999-01-01
420338,Mabry,Compeau,Engineer,1986-07-03,1993-07-03
420338,Mabry,Compeau,Senior Engineer,1993-07-03,9999-01-01
420360,Bingning,Kilgour,Senior Engineer,1997-12-18,9999-01-01
420400,Eckart,Masand,Engineer,1989-10-17,1997-10-17
420400,Eckart,Masand,Senior Engineer,1997-10-17,9999-01-01
420421,Stepehn,Makinen,Senior Staff,2001-08-20,9999-01-01
420421,Stepehn,Makinen,Staff,1996-08-20,2001-08-20
420440,Sanjai,Neiman,Staff,1997-05-10,9999-01-01
420447,Chaosheng,DuCasse,Engineer,1999-03-07,9999-01-01
420461,Ottavia,Pepe,Senior Engineer,1992-07-31,9999-01-01
420466,Sanjay,Keirsey,Engineer,1986-04-24,1993-04-24
420466,Sanjay,Keirsey,Senior Engineer,1993-04-24,9999-01-01
420475,Bangqing,Usery,Technique Leader,1991-03-27,9999-01-01
420486,Emdad,Schiper,Senior Staff,2000-11-13,9999-01-01
420486,Emdad,Schiper,Staff,1992-11-13,2000-11-13
420487,Marlo,Vigier,Engineer,1997-08-17,9999-01-01
420488,Ronghao,Backhouse,Engineer,1995-08-28,1995-12-07
420491,Nectarios,Bellone,Staff,1998-08-23,2002-07-28
420497,Nahum,Hainaut,Engineer,1990-12-16,1996-12-15
420497,Nahum,Hainaut,Senior Engineer,1996-12-15,9999-01-01
420546,Serge,Berztiss,Engineer,1988-08-24,1995-08-25
420546,Serge,Berztiss,Senior Engineer,1995-08-25,9999-01-01
420559,Vincent,Baig,Senior Engineer,1988-11-14,9999-01-01
420564,Herb,Schrift,Senior Staff,1995-05-29,9999-01-01
420572,Moni,Woycyznski,Engineer,1995-02-26,2001-02-25
420572,Moni,Woycyznski,Senior Engineer,2001-02-25,9999-01-01
420573,Ger,Maliniak,Senior Staff,1999-12-19,2002-04-12
420573,Ger,Maliniak,Staff,1990-12-19,1999-12-19
420577,Moon,Kuzuoka,Senior Staff,1998-09-19,9999-01-01
420577,Moon,Kuzuoka,Staff,1993-09-19,1998-09-19
420585,Yechezkel,Tiemann,Engineer,1989-04-12,1994-04-12
420585,Yechezkel,Tiemann,Senior Engineer,1994-04-12,9999-01-01
420613,Godehard,Heystek,Senior Staff,1985-07-19,9999-01-01
420674,Takushi,Ariola,Senior Staff,1994-10-30,9999-01-01
420674,Takushi,Ariola,Staff,1987-10-30,1994-10-30
420678,Turgut,Iisaku,Engineer,1989-10-08,1998-10-08
420678,Turgut,Iisaku,Senior Engineer,1998-10-08,9999-01-01
420697,Phuoc,Ramsey,Assistant Engineer,1989-11-10,1996-11-10
420697,Phuoc,Ramsey,Engineer,1996-11-10,9999-01-01
420721,Hsiangchu,Munro,Senior Staff,1993-06-15,9999-01-01
420721,Hsiangchu,Munro,Staff,1987-06-16,1993-06-15
420725,Ronnie,Hambrick,Staff,1997-12-27,2000-01-11
420730,Poorav,Aloisi,Technique Leader,1986-06-14,9999-01-01
420777,Houman,Guenter,Engineer,1998-10-17,9999-01-01
420812,Leen,Bahk,Senior Staff,1996-01-29,9999-01-01
420827,Arumugam,Kakkar,Engineer,1985-03-05,1993-03-05
420827,Arumugam,Kakkar,Senior Engineer,1993-03-05,9999-01-01
420840,Leah,Maksimenko,Senior Staff,1995-10-05,2001-08-26
420840,Leah,Maksimenko,Staff,1987-10-05,1995-10-05
420845,Leandro,Michaels,Engineer,1985-11-09,1992-11-09
420845,Leandro,Michaels,Senior Engineer,1992-11-09,9999-01-01
420846,Lein,Shimshoni,Engineer,1995-11-09,9999-01-01
420848,Oscar,Mayerwieser,Senior Engineer,1998-09-13,9999-01-01
420850,Sanjit,Serna,Senior Staff,1993-04-18,9999-01-01
420850,Sanjit,Serna,Staff,1985-04-18,1993-04-18
420879,Gita,Fioravanti,Senior Staff,1995-02-27,9999-01-01
420879,Gita,Fioravanti,Staff,1986-02-27,1995-02-27
420883,Vugranam,Coorg,Senior Staff,1992-08-30,1996-01-18
420887,Subhrajyoti,Heping,Engineer,1995-11-10,9999-01-01
420894,Charmane,Preusig,Senior Engineer,1991-02-11,9999-01-01
420896,Arie,Condotta,Engineer,1989-06-03,1997-06-03
420896,Arie,Condotta,Senior Engineer,1997-06-03,9999-01-01
420900,Kwangsub,Ranum,Engineer,1988-08-12,1993-08-12
420900,Kwangsub,Ranum,Senior Engineer,1993-08-12,9999-01-01
420911,Ramzi,Perin,Senior Engineer,1998-03-01,9999-01-01
420936,Giap,Maliniak,Engineer,1998-03-08,9999-01-01
420937,Sandeepan,Suermann,Senior Staff,1996-05-27,9999-01-01
420937,Sandeepan,Suermann,Staff,1990-05-28,1996-05-27
420947,Yifei,Thombley,Engineer,1997-11-06,9999-01-01
420953,Jaideep,Hofting,Engineer,1991-09-06,1999-09-06
420953,Jaideep,Hofting,Senior Engineer,1999-09-06,9999-01-01
420976,Phuoc,Thiria,Staff,1999-01-25,2001-08-09
420980,Takahiro,Maquelin,Senior Engineer,1996-11-07,2000-08-31
420983,Alagu,Norsworthy,Senior Staff,1995-09-30,9999-01-01
420983,Alagu,Norsworthy,Staff,1986-09-30,1995-09-30
420998,Anoosh,Pena,Senior Staff,1996-10-26,9999-01-01
420998,Anoosh,Pena,Staff,1988-10-26,1996-10-26
421030,Yongqiao,Dulay,Engineer,1992-04-27,1998-04-27
421030,Yongqiao,Dulay,Senior Engineer,1998-04-27,9999-01-01
421048,Vojin,Lichtner,Engineer,1994-03-28,9999-01-01
421068,Martina,Litzler,Engineer,1988-11-17,1996-11-17
421068,Martina,Litzler,Senior Engineer,1996-11-17,9999-01-01
421073,Kish,Sullins,Senior Staff,1996-09-13,1997-06-19
421073,Kish,Sullins,Staff,1988-09-13,1996-09-13
421077,Roselyn,Templeman,Senior Staff,1996-01-31,9999-01-01
421077,Roselyn,Templeman,Staff,1987-01-31,1996-01-31
421082,Irena,Gammage,Engineer,1987-01-26,1994-01-26
421082,Irena,Gammage,Senior Engineer,1994-01-26,9999-01-01
421087,Yuichiro,Lorys,Staff,1998-01-04,9999-01-01
421090,Jeong,Tyugu,Staff,1993-08-15,9999-01-01
421131,Hercules,Oaver,Staff,1998-03-11,9999-01-01
421132,Fusako,Solovay,Assistant Engineer,1987-07-09,1992-07-08
421132,Fusako,Solovay,Engineer,1992-07-08,1997-07-08
421132,Fusako,Solovay,Senior Engineer,1997-07-08,9999-01-01
421136,Nalini,Cronau,Senior Staff,1995-05-07,9999-01-01
421146,Arco,Schiettecatte,Engineer,1986-01-22,1994-01-22
421146,Arco,Schiettecatte,Senior Engineer,1994-01-22,9999-01-01
421155,Garnet,Staelin,Engineer,1989-05-05,1994-05-05
421155,Garnet,Staelin,Senior Engineer,1994-05-05,9999-01-01
421206,Janche,Busillo,Engineer,1998-08-04,9999-01-01
421209,Kazunori,Ghandeharizadeh,Engineer,1996-03-30,2002-03-25
421212,Kristina,Gelosh,Engineer,1997-06-14,9999-01-01
421231,Moty,Rikino,Senior Staff,1995-05-12,9999-01-01
421257,Holgard,Iwayama,Assistant Engineer,1996-02-24,9999-01-01
421266,Valery,Penz,Engineer,1985-03-10,1990-03-10
421266,Valery,Penz,Senior Engineer,1990-03-10,9999-01-01
421278,Georgi,Keirsey,Engineer,1985-09-23,1990-09-23
421278,Georgi,Keirsey,Senior Engineer,1990-09-23,9999-01-01
421280,Mooi,Pramanik,Senior Staff,1993-08-03,9999-01-01
421280,Mooi,Pramanik,Staff,1987-08-04,1993-08-03
421286,Mikhail,DuBourdieux,Engineer,1987-05-22,1994-05-22
421286,Mikhail,DuBourdieux,Senior Engineer,1994-05-22,2001-03-06
421290,Sugwoo,Curless,Senior Staff,1986-05-30,1998-01-19
421305,Youjian,Farrar,Senior Staff,1989-04-30,9999-01-01
421329,Moty,Mawatari,Senior Staff,1994-07-03,9999-01-01
421329,Moty,Mawatari,Staff,1986-07-03,1994-07-03
421342,Suzette,Merel,Staff,1995-09-01,9999-01-01
421348,Hitofumi,Siksek,Staff,1995-08-11,1995-10-06
421370,Weiye,Lueh,Senior Engineer,1999-02-10,9999-01-01
421375,Toney,Chvatal,Engineer,1996-08-08,9999-01-01
421378,Erez,Picaronny,Staff,1994-03-12,2000-01-25
421380,Yolla,Plumb,Senior Engineer,1985-10-25,9999-01-01
421398,Malu,Birke,Engineer,1995-04-01,2002-04-01
421398,Malu,Birke,Senior Engineer,2002-04-01,9999-01-01
421400,Hugo,Hofmeyr,Staff,1998-01-26,9999-01-01
421403,Yuqun,Schach,Senior Staff,1995-06-27,9999-01-01
421403,Yuqun,Schach,Staff,1990-06-27,1995-06-27
421420,Susanne,Perin,Staff,1994-07-26,1999-09-12
421422,Alejandra,Fasbender,Engineer,1988-09-04,1993-09-04
421422,Alejandra,Fasbender,Senior Engineer,1993-09-04,9999-01-01
421437,Oddvar,Lunn,Engineer,1986-04-22,1991-04-22
421437,Oddvar,Lunn,Senior Engineer,1991-04-22,9999-01-01
421441,Pragnesh,Hartvigsen,Senior Staff,1990-11-13,9999-01-01
421457,Conor,Zweizig,Engineer,1985-12-26,1990-12-26
421457,Conor,Zweizig,Senior Engineer,1990-12-26,9999-01-01
421460,Sasan,Veldwijk,Engineer,1985-09-21,1990-09-21
421460,Sasan,Veldwijk,Senior Engineer,1990-09-21,9999-01-01
421468,Tsuneo,Radivojevic,Engineer,1987-04-23,1995-04-23
421468,Tsuneo,Radivojevic,Senior Engineer,1995-04-23,9999-01-01
421488,Utpal,Halevi,Technique Leader,1999-08-21,9999-01-01
421491,Lene,Mitzlaff,Senior Staff,2002-03-19,9999-01-01
421491,Lene,Mitzlaff,Staff,1994-03-19,2002-03-19
421507,Gina,Kitsuregawa,Assistant Engineer,1988-10-20,1994-01-27
421535,Serif,Marrevee,Engineer,1995-01-10,2002-01-10
421535,Serif,Marrevee,Senior Engineer,2002-01-10,9999-01-01
421555,Phuoc,Melichar,Technique Leader,1992-07-22,9999-01-01
421573,Hidefumi,DuBourdieux,Engineer,1997-05-09,1998-02-27
421576,Horward,Cardazo,Technique Leader,1989-04-23,2001-05-18
421582,Theron,Karnin,Assistant Engineer,1997-09-15,9999-01-01
421591,Udo,Eiter,Engineer,1989-03-25,1998-03-25
421591,Udo,Eiter,Senior Engineer,1998-03-25,9999-01-01
421594,Chanjung,Heiserman,Senior Engineer,1985-11-28,9999-01-01
421603,Shounak,Kolvik,Engineer,1991-11-05,1999-11-05
421603,Shounak,Kolvik,Senior Engineer,1999-11-05,9999-01-01
421612,Zijian,Heijenga,Senior Staff,1997-11-02,9999-01-01
421618,Chiradeep,Schach,Staff,1999-06-18,9999-01-01
421626,Dines,Savasere,Engineer,1985-10-27,1987-03-25
421653,Shigeu,Lindenbaum,Staff,1999-07-20,9999-01-01
421681,Conor,Radwan,Senior Staff,1997-09-30,9999-01-01
421681,Conor,Radwan,Staff,1991-10-01,1997-09-30
421684,Bodo,Srimani,Engineer,1986-11-27,1992-11-26
421684,Bodo,Srimani,Senior Engineer,1992-11-26,9999-01-01
421706,Noritoshi,Pouyioutas,Senior Staff,1997-08-05,9999-01-01
421727,Wuxu,Dehkordi,Engineer,1991-09-11,1999-09-11
421727,Wuxu,Dehkordi,Senior Engineer,1999-09-11,9999-01-01
421732,Zongyan,Bennet,Staff,1994-05-18,1996-12-20
421766,Aris,Gulik,Senior Staff,1996-01-07,2000-05-06
421766,Aris,Gulik,Staff,1988-01-07,1996-01-07
421779,Edwin,Rajaraman,Staff,1996-05-08,1999-03-24
421793,Maren,Angot,Staff,1994-08-08,9999-01-01
421804,Utpal,Harbusch,Senior Staff,1996-02-11,9999-01-01
421804,Utpal,Harbusch,Staff,1991-02-11,1996-02-11
421813,Petter,Falco,Senior Staff,2000-05-07,9999-01-01
421813,Petter,Falco,Staff,1992-05-07,2000-05-07
421814,Phuoc,Terlouw,Senior Engineer,1998-02-11,1998-08-21
421816,Sastry,Brender,Staff,1998-05-31,9999-01-01
421838,Manu,Henseler,Engineer,1994-01-22,2002-01-22
421838,Manu,Henseler,Senior Engineer,2002-01-22,9999-01-01
421842,Sachar,Anger,Staff,1996-03-15,9999-01-01
421858,Isaac,Murillo,Engineer,1992-01-05,1997-01-04
421858,Isaac,Murillo,Senior Engineer,1997-01-04,2000-05-18
421874,Barna,Besselaar,Senior Staff,1989-08-18,9999-01-01
421921,Hidekazu,Antonisse,Engineer,1994-12-22,9999-01-01
421923,Djelloul,Klerer,Engineer,1996-09-13,2000-03-31
421926,Zhiguo,Mandell,Engineer,1993-03-04,2000-03-04
421926,Zhiguo,Mandell,Senior Engineer,2000-03-04,9999-01-01
421932,Yishay,Panangaden,Senior Staff,1995-11-23,9999-01-01
421932,Yishay,Panangaden,Staff,1989-11-23,1995-11-23
421935,Macha,Malinowski,Engineer,1992-04-29,2001-04-29
421935,Macha,Malinowski,Senior Engineer,2001-04-29,9999-01-01
421951,Odoardo,Benaini,Staff,1998-07-31,9999-01-01
422000,Bouchung,Chandrasekhar,Engineer,1998-05-31,2000-08-05
422002,Jianhua,Birdsall,Engineer,1993-09-20,9999-01-01
422015,Moni,Bhattacharjee,Technique Leader,1989-09-17,9999-01-01
422016,Surveyors,Cherinka,Engineer,1987-12-04,1992-12-03
422016,Surveyors,Cherinka,Senior Engineer,1992-12-03,9999-01-01
422051,Mark,Baaz,Senior Staff,1997-10-20,9999-01-01
422051,Mark,Baaz,Staff,1988-10-20,1997-10-20
422074,Moss,Grabner,Engineer,1992-01-11,1999-01-11
422074,Moss,Grabner,Senior Engineer,1999-01-11,9999-01-01
422077,Elrique,Srimani,Staff,1997-08-13,9999-01-01
422082,Howell,Erbe,Senior Engineer,1998-08-29,9999-01-01
422095,Wuxu,Georg,Senior Engineer,1996-11-28,1999-01-29
422102,Sastry,Kranzdorf,Senior Staff,1998-12-16,9999-01-01
422102,Sastry,Kranzdorf,Staff,1990-12-16,1998-12-16
422103,Reinhold,Marchegay,Senior Engineer,1996-09-28,1998-07-05
422116,Tetsushi,Francisci,Engineer,1992-05-03,2000-05-03
422116,Tetsushi,Francisci,Senior Engineer,2000-05-03,9999-01-01
422142,Edwin,Gustavson,Technique Leader,1997-07-21,9999-01-01
422144,Xudong,Negoita,Engineer,1988-07-09,1989-01-09
422165,Feixiong,Theuretzbacher,Engineer,1993-07-30,1999-07-30
422165,Feixiong,Theuretzbacher,Senior Engineer,1999-07-30,9999-01-01
422183,Wilmer,Langford,Senior Staff,1996-10-12,1998-04-05
422183,Wilmer,Langford,Staff,1988-10-12,1996-10-12
422252,Uzi,Greibach,Engineer,1985-09-16,1985-09-18
422266,Susanna,Litzkow,Technique Leader,1987-06-05,9999-01-01
422314,Szabolcs,Ranum,Senior Staff,1996-01-12,9999-01-01
422314,Szabolcs,Ranum,Staff,1987-01-12,1996-01-12
422320,Fox,Weisert,Staff,1999-04-02,9999-01-01
422337,Rosita,Rijckaert,Engineer,1991-02-13,1997-02-12
422337,Rosita,Rijckaert,Senior Engineer,1997-02-12,9999-01-01
422343,Lubomir,Diderrich,Senior Staff,2000-07-25,9999-01-01
422343,Lubomir,Diderrich,Staff,1995-07-26,2000-07-25
422348,Angus,Anguita,Staff,1993-08-04,9999-01-01
422351,Supot,Sury,Engineer,1997-08-04,9999-01-01
422355,Stafford,Zwicker,Engineer,1986-04-01,1993-04-01
422355,Stafford,Zwicker,Senior Engineer,1993-04-01,9999-01-01
422365,Ishfaq,Vitiello,Engineer,1998-05-23,9999-01-01
422404,Sivanarayana,Halloran,Engineer,1997-02-16,9999-01-01
422407,Martien,Oppitz,Engineer,1998-06-06,9999-01-01
422408,Baruch,Demri,Senior Staff,2002-06-22,9999-01-01
422408,Baruch,Demri,Staff,1993-06-22,2002-06-22
422435,Sudharsan,Plotkin,Technique Leader,1990-10-27,1992-12-28
422444,Bogdan,Mahnke,Senior Staff,1997-07-28,9999-01-01
422453,Qingxiang,Percebois,Engineer,1990-07-29,1996-07-28
422453,Qingxiang,Percebois,Senior Engineer,1996-07-28,9999-01-01
422515,Kousuke,Picci,Engineer,1987-07-16,1995-07-16
422515,Kousuke,Picci,Senior Engineer,1995-07-16,9999-01-01
422526,Ult,Dalton,Senior Staff,1999-01-12,9999-01-01
422526,Ult,Dalton,Staff,1994-01-12,1999-01-12
422529,Steen,Murtha,Senior Staff,1994-10-02,9999-01-01
422535,Qiwen,Gunderson,Senior Staff,1996-07-21,9999-01-01
422535,Qiwen,Gunderson,Staff,1990-07-22,1996-07-21
422553,Shigenori,Monarch,Assistant Engineer,1996-05-26,9999-01-01
422575,Elliott,Gulla,Senior Staff,1990-08-22,9999-01-01
422590,Remmert,Rohrbach,Senior Staff,1998-03-11,9999-01-01
422599,Gererd,Luck,Engineer,1994-12-01,9999-01-01
422611,Amstein,Bach,Assistant Engineer,1998-09-27,9999-01-01
422633,Stepehn,Osgood,Staff,1999-03-27,2001-06-10
422645,Thanasis,Seghrouchni,Engineer,1991-08-26,2000-08-25
422645,Thanasis,Seghrouchni,Senior Engineer,2000-08-25,9999-01-01
422653,Gino,Schrift,Technique Leader,1994-05-29,9999-01-01
422656,Gio,Selenyi,Staff,1998-12-13,2001-05-21
422658,Edwin,Maquelin,Senior Staff,1998-07-20,9999-01-01
422658,Edwin,Maquelin,Staff,1989-07-20,1998-07-20
422678,Masadi,Emmerich,Engineer,1997-06-27,9999-01-01
422680,Masaki,Manderick,Senior Engineer,1996-04-02,1996-11-11
422686,Sreenivas,Butner,Engineer,1996-02-09,9999-01-01
422689,Greger,Snyers,Engineer,1990-08-23,1997-08-23
422689,Greger,Snyers,Senior Engineer,1997-08-23,9999-01-01
422693,Nobuyoshi,Beeson,Senior Staff,1997-08-26,9999-01-01
422693,Nobuyoshi,Beeson,Staff,1988-08-26,1997-08-26
422697,Karlis,Sessa,Staff,2000-01-21,9999-01-01
422702,Rosalyn,Candan,Senior Staff,2000-02-18,9999-01-01
422702,Rosalyn,Candan,Staff,1992-02-18,2000-02-18
422715,Rafail,Conde,Senior Staff,1997-02-17,9999-01-01
422715,Rafail,Conde,Staff,1991-02-18,1997-02-17
422722,Rance,Schauser,Senior Staff,2000-02-14,9999-01-01
422722,Rance,Schauser,Staff,1995-02-14,2000-02-14
422747,Leah,Angelov,Senior Staff,1993-07-05,9999-01-01
422747,Leah,Angelov,Staff,1987-07-06,1993-07-05
422755,Randy,Klassen,Engineer,1998-03-05,9999-01-01
422765,Kristian,Lamparter,Senior Staff,1993-10-28,9999-01-01
422765,Kristian,Lamparter,Staff,1988-10-28,1993-10-28
422808,Kousuke,Spieker,Senior Engineer,1985-12-03,9999-01-01
422809,Bilhanan,Penz,Senior Staff,1998-12-07,9999-01-01
422809,Bilhanan,Penz,Staff,1989-12-07,1998-12-07
422823,Zhiwei,Wendorf,Engineer,1996-03-18,9999-01-01
422833,Chirstian,Peltason,Technique Leader,1997-01-06,9999-01-01
422858,Oldrich,Decaestecker,Assistant Engineer,1996-09-14,9999-01-01
422870,Berto,Mamelak,Senior Staff,1987-03-22,9999-01-01
422885,Mrinalini,Birnbaum,Engineer,1988-05-18,1996-05-18
422885,Mrinalini,Birnbaum,Senior Engineer,1996-05-18,9999-01-01
422895,Yechezkel,Gargeya,Assistant Engineer,1999-09-05,9999-01-01
422901,Kannan,Ratnaker,Technique Leader,1996-08-20,9999-01-01
422908,Dietrich,Aloisi,Senior Engineer,1994-05-22,9999-01-01
422912,Pramod,Sinicrope,Senior Staff,1991-10-30,9999-01-01
422922,Valeska,Morris,Engineer,1992-05-29,1995-06-13
422928,Remzi,Hutton,Staff,1995-09-26,9999-01-01
422942,Chrisa,Merks,Staff,1992-06-11,1999-09-19
422980,Weiye,Ciolek,Assistant Engineer,1988-12-26,1994-12-26
422980,Weiye,Ciolek,Engineer,1994-12-26,2000-12-25
422980,Weiye,Ciolek,Senior Engineer,2000-12-25,9999-01-01
422986,Shooichi,Loncour,Engineer,1996-04-26,9999-01-01
422996,Mang,Kornyak,Senior Staff,1998-05-05,9999-01-01
422996,Mang,Kornyak,Staff,1989-05-05,1998-05-05
422997,King,Litzkow,Engineer,1998-05-08,1999-12-30
423014,Jaihie,Kobuchi,Staff,1998-04-16,9999-01-01
423041,Hirochika,Juneja,Engineer,1992-11-01,2000-11-01
423041,Hirochika,Juneja,Senior Engineer,2000-11-01,9999-01-01
423060,Ortrun,Bhattacharjee,Senior Staff,1993-03-30,1995-02-08
423090,Nechama,Badr,Engineer,1985-06-15,1992-06-15
423090,Nechama,Badr,Senior Engineer,1992-06-15,9999-01-01
423095,Mantis,Erni,Senior Staff,1998-08-27,9999-01-01
423095,Mantis,Erni,Staff,1990-08-27,1998-08-27
423097,Xiaoheng,Kopetz,Engineer,1994-07-02,1999-07-02
423097,Xiaoheng,Kopetz,Senior Engineer,1999-07-02,9999-01-01
423098,Akeel,Maquelin,Assistant Engineer,1996-06-30,1997-01-08
423127,Tuval,Quittner,Assistant Engineer,1998-12-28,9999-01-01
423138,Shunichi,Parascandalo,Senior Engineer,1990-03-04,1996-01-06
423147,Siddarth,Zallocco,Senior Staff,1993-03-01,9999-01-01
423147,Siddarth,Zallocco,Staff,1985-03-01,1993-03-01
423211,Kagan,Marciano,Senior Engineer,1989-08-03,1992-10-15
423221,Narain,Stanger,Staff,1989-01-16,1992-07-02
423244,Marsha,Siepmann,Staff,1999-01-31,9999-01-01
423274,Fox,Gornas,Senior Staff,1993-11-21,9999-01-01
423274,Fox,Gornas,Staff,1987-11-22,1993-11-21
423281,Ferdinand,Ecklund,Staff,1999-12-30,9999-01-01
423287,Ramalingam,Lorie,Senior Staff,1994-05-15,9999-01-01
423287,Ramalingam,Lorie,Staff,1987-05-15,1994-05-15
423288,Bodo,Perng,Assistant Engineer,1996-06-26,2001-06-26
423288,Bodo,Perng,Engineer,2001-06-26,9999-01-01
423296,Bouchung,Sgarro,Engineer,1994-11-23,9999-01-01
423301,Chikako,Coors,Engineer,1999-11-17,9999-01-01
423310,Serap,Selvestrel,Senior Staff,1997-01-24,9999-01-01
423318,Youngkon,Luff,Staff,1997-04-20,2002-05-21
423319,Xiadong,Rajala,Engineer,1997-05-02,9999-01-01
423334,Giordano,Panangaden,Engineer,1986-03-04,1994-03-04
423334,Giordano,Panangaden,Senior Engineer,1994-03-04,9999-01-01
423335,Ramya,Wissmann,Engineer,1985-09-17,1991-09-17
423335,Ramya,Wissmann,Senior Engineer,1991-09-17,9999-01-01
423341,Jiann,Terkki,Senior Staff,2000-02-05,9999-01-01
423341,Jiann,Terkki,Staff,1994-02-05,2000-02-05
423354,Aria,Picel,Senior Staff,1997-08-18,9999-01-01
423354,Aria,Picel,Staff,1991-08-19,1997-08-18
423360,Bangqing,Coorg,Senior Engineer,1998-09-03,9999-01-01
423361,Marke,Niizuma,Engineer,1999-06-10,9999-01-01
423367,Kwok,Stiles,Engineer,1996-06-15,9999-01-01
423375,Karsten,Pollacia,Engineer,1995-04-17,2002-04-17
423375,Karsten,Pollacia,Senior Engineer,2002-04-17,9999-01-01
423377,Maik,Suessmith,Engineer,1987-05-31,1992-05-30
423377,Maik,Suessmith,Senior Engineer,1992-05-30,9999-01-01
423394,Hairong,Holburn,Engineer,1988-03-01,1997-03-01
423394,Hairong,Holburn,Senior Engineer,1997-03-01,9999-01-01
423400,Bojan,Wixon,Engineer,1997-10-06,9999-01-01
423401,Aran,Heijenga,Staff,1997-12-16,2001-11-05
423407,Sanjay,Androutsos,Senior Staff,1988-04-07,9999-01-01
423417,Gully,Trachtenberg,Engineer,1991-09-05,1997-06-25
423425,Shuho,Stifter,Assistant Engineer,1994-10-05,1999-10-05
423425,Shuho,Stifter,Engineer,1999-10-05,9999-01-01
423430,Fatemeh,Poehlman,Engineer,1997-06-10,1997-07-23
423449,Minghong,Sridhar,Engineer,1993-01-08,1999-01-08
423449,Minghong,Sridhar,Senior Engineer,1999-01-08,9999-01-01
423451,Younwoo,Soicher,Staff,1993-05-10,1995-09-04
423471,Heather,Himler,Engineer,1994-05-03,1995-09-30
423485,Odysseas,Mikschl,Engineer,1987-02-14,1992-02-14
423485,Odysseas,Mikschl,Senior Engineer,1992-02-14,1994-03-25
423494,Sandeepan,Nitta,Senior Engineer,1992-01-02,9999-01-01
423512,Poornachandra,Bael,Technique Leader,1990-11-16,9999-01-01
423530,Zhigen,Walston,Senior Staff,1994-04-04,1999-02-27
423546,Mara,Scallan,Senior Staff,1996-08-24,9999-01-01
423546,Mara,Scallan,Staff,1987-08-25,1996-08-24
423551,Sakthirel,Schlegelmilch,Engineer,1992-04-15,1998-04-15
423551,Sakthirel,Schlegelmilch,Senior Engineer,1998-04-15,9999-01-01
423562,Charmane,Fadgyas,Senior Staff,1998-10-19,9999-01-01
423572,Chrisa,Rosin,Engineer,1988-10-17,1995-10-18
423572,Chrisa,Rosin,Senior Engineer,1995-10-18,9999-01-01
423597,Sushant,Terkki,Senior Engineer,1995-09-13,9999-01-01
423599,Ebbe,Escriba,Staff,1999-04-16,9999-01-01
423622,Toney,Fiutem,Staff,1999-11-07,9999-01-01
423626,Pramod,Ecklund,Engineer,1990-09-25,1993-07-21
423699,Lucien,Schaap,Engineer,1985-02-25,1993-02-25
423699,Lucien,Schaap,Senior Engineer,1993-02-25,2000-05-13
423713,Yongmao,Hiltgen,Senior Staff,1994-11-21,9999-01-01
423713,Yongmao,Hiltgen,Staff,1985-11-21,1994-11-21
423726,Gianluca,Gornas,Senior Engineer,1998-03-03,1999-02-12
423730,Akhilish,Koprowski,Engineer,1989-04-14,1995-04-14
423730,Akhilish,Koprowski,Senior Engineer,1995-04-14,9999-01-01
423733,Aran,Bale,Senior Engineer,1993-05-30,1993-12-23
423750,Randy,Ruther,Engineer,1996-06-29,2000-06-10
423765,Uri,Mullainathan,Senior Staff,1992-09-05,9999-01-01
423765,Uri,Mullainathan,Staff,1986-09-06,1992-09-05
423781,Sachin,Deville,Engineer,1996-06-03,1997-03-12
423806,Martina,Akazan,Engineer,1996-04-24,2002-04-24
423806,Martina,Akazan,Senior Engineer,2002-04-24,9999-01-01
423822,Weiye,Narlikar,Staff,1996-01-24,2001-04-01
423836,Jiakeng,Birjandi,Senior Staff,1990-12-25,9999-01-01
423836,Jiakeng,Birjandi,Staff,1985-12-25,1990-12-25
423838,Guther,Dichev,Engineer,1985-12-15,1991-12-15
423838,Guther,Dichev,Senior Engineer,1991-12-15,9999-01-01
423842,Rasikan,Pramanik,Senior Staff,1995-02-25,9999-01-01
423842,Rasikan,Pramanik,Staff,1989-02-25,1995-02-25
423853,Richard,Petersohn,Technique Leader,1991-09-15,9999-01-01
423861,Boriana,Babu,Engineer,1996-12-03,9999-01-01
423891,Mayuri,Stroustrup,Engineer,1998-04-06,9999-01-01
423898,Gina,Merkl,Staff,1998-12-13,2001-08-17
423900,Subhash,Manderick,Engineer,1993-04-14,2000-04-14
423900,Subhash,Manderick,Senior Engineer,2000-04-14,9999-01-01
423903,Conal,Facello,Senior Engineer,1988-11-30,9999-01-01
423905,Gadiel,Gniady,Engineer,1988-11-21,1996-11-21
423905,Gadiel,Gniady,Senior Engineer,1996-11-21,9999-01-01
423909,Hideyuki,Stasinski,Technique Leader,1988-10-06,9999-01-01
423922,Filipp,Penn,Senior Staff,1998-10-21,9999-01-01
423922,Filipp,Penn,Staff,1989-10-21,1998-10-21
423925,Yinlin,Botman,Senior Staff,2001-11-07,9999-01-01
423925,Yinlin,Botman,Staff,1993-11-07,2001-11-07
423932,Douadi,Beetstra,Staff,1998-12-26,9999-01-01
423961,Toshimi,Oppitz,Engineer,1985-10-19,1990-10-19
423961,Toshimi,Oppitz,Senior Engineer,1990-10-19,9999-01-01
423974,Kiam,Ebeling,Assistant Engineer,1995-08-31,9999-01-01
423975,Heather,Smeets,Senior Staff,2000-05-08,9999-01-01
423975,Heather,Smeets,Staff,1992-05-08,2000-05-08
423979,Ashish,Hutton,Senior Engineer,1997-09-18,9999-01-01
423996,Nathan,Kakkad,Senior Staff,1993-10-17,9999-01-01
423996,Nathan,Kakkad,Staff,1985-10-17,1993-10-17
424001,Xiong,Bernatsky,Senior Staff,1996-03-25,9999-01-01
424001,Xiong,Bernatsky,Staff,1991-03-26,1996-03-25
424011,Claude,Rothe,Engineer,1986-04-23,1993-04-23
424011,Claude,Rothe,Senior Engineer,1993-04-23,9999-01-01
424018,Bokyung,Meriste,Assistant Engineer,1999-02-05,9999-01-01
424020,Rance,Legleitner,Senior Staff,1990-01-01,9999-01-01
424032,Toshiki,Rattan,Engineer,1990-02-08,1999-02-08
424032,Toshiki,Rattan,Senior Engineer,1999-02-08,9999-01-01
424040,Barton,Sankaranarayanan,Engineer,1992-09-09,1997-09-09
424040,Barton,Sankaranarayanan,Senior Engineer,1997-09-09,2001-05-03
424047,Akhilish,Thiria,Senior Staff,1996-08-29,9999-01-01
424047,Akhilish,Thiria,Staff,1990-08-30,1996-08-29
424049,Sanjoy,Uhrik,Senior Staff,1994-10-30,1997-09-30
424071,Aram,Benantar,Engineer,1990-03-09,1995-03-09
424071,Aram,Benantar,Senior Engineer,1995-03-09,9999-01-01
424073,Yoshinari,Thimonier,Senior Staff,1999-02-26,2000-02-21
424074,Zine,Rosaz,Engineer,1989-03-14,1998-03-14
424074,Zine,Rosaz,Senior Engineer,1998-03-14,9999-01-01
424148,Xinyu,Brobst,Staff,1995-08-11,9999-01-01
424169,Kazunori,Kaelbling,Senior Staff,1992-09-23,2001-12-09
424176,Hitofumi,Schueller,Senior Staff,1996-04-27,9999-01-01
424176,Hitofumi,Schueller,Staff,1991-04-28,1996-04-27
424188,Mircea,Majewski,Senior Staff,1999-07-09,9999-01-01
424188,Mircea,Majewski,Staff,1994-07-09,1999-07-09
424223,Indrajit,Hedayat,Assistant Engineer,1991-06-19,1999-06-19
424223,Indrajit,Hedayat,Engineer,1999-06-19,9999-01-01
424225,Surveyors,Bernardinello,Staff,1996-06-21,9999-01-01
424253,Mark,Jarecki,Assistant Engineer,1989-09-22,1997-09-22
424253,Mark,Jarecki,Engineer,1997-09-22,9999-01-01
424256,Along,Back,Engineer,1995-04-02,2000-04-01
424256,Along,Back,Senior Engineer,2000-04-01,9999-01-01
424317,Adam,Ressouche,Senior Staff,2001-10-19,9999-01-01
424317,Adam,Ressouche,Staff,1994-10-19,2001-10-19
424322,Haldun,Zumaque,Engineer,1995-11-17,1999-07-01
424341,Rosella,Kaltofen,Senior Engineer,1989-04-30,9999-01-01
424357,Annemarie,Bernick,Senior Engineer,1994-06-28,1998-04-24
424362,Sven,Sidje,Engineer,1990-03-30,1994-03-08
424380,Patricio,Porenta,Senior Staff,1999-06-21,9999-01-01
424380,Patricio,Porenta,Staff,1991-06-21,1999-06-21
424381,Kwangyoen,Cappello,Senior Staff,1993-06-28,2000-06-11
424381,Kwangyoen,Cappello,Staff,1985-06-28,1993-06-28
424385,Shuji,Linares,Senior Staff,1993-04-30,9999-01-01
424385,Shuji,Linares,Staff,1987-05-01,1993-04-30
424390,Vitaly,Shihab,Assistant Engineer,1995-05-26,2001-05-25
424390,Vitaly,Shihab,Engineer,2001-05-25,9999-01-01
424398,Juichirou,Birch,Assistant Engineer,1999-12-31,9999-01-01
424412,Iara,Pollock,Engineer,1998-03-31,9999-01-01
424419,Garnik,Ginneken,Engineer,1992-09-23,1997-09-23
424419,Garnik,Ginneken,Senior Engineer,1997-09-23,9999-01-01
424424,Djenana,Munke,Assistant Engineer,1988-01-19,1996-01-19
424424,Djenana,Munke,Engineer,1996-01-19,9999-01-01
424428,Apostol,Roisin,Staff,1999-08-15,2000-09-10
424439,Murthy,Zielinski,Senior Staff,1996-08-10,9999-01-01
424439,Murthy,Zielinski,Staff,1989-08-10,1996-08-10
424448,Alagu,Kalsbeek,Engineer,1991-02-26,1997-02-25
424448,Alagu,Kalsbeek,Senior Engineer,1997-02-25,9999-01-01
424454,Eirik,Bellone,Staff,1989-04-17,1990-12-22
424456,Kristof,Jervis,Senior Staff,2001-06-16,9999-01-01
424456,Kristof,Jervis,Staff,1996-06-16,2001-06-16
424470,Subhash,Ossenbruggen,Senior Staff,1993-04-02,1999-02-28
424488,Mingsen,Isard,Engineer,1986-07-13,1991-07-13
424488,Mingsen,Isard,Senior Engineer,1991-07-13,9999-01-01
424489,Moie,Lunn,Senior Engineer,1990-03-18,9999-01-01
424502,Boutros,Flanders,Assistant Engineer,1997-04-27,2002-04-27
424502,Boutros,Flanders,Engineer,2002-04-27,9999-01-01
424504,Guenter,Lunn,Engineer,1996-06-22,9999-01-01
424520,Aiichiro,Cardazo,Senior Engineer,1986-09-28,9999-01-01
424523,Palash,Attimonelli,Staff,1997-05-08,9999-01-01
424546,Xiping,Azuma,Senior Staff,1990-12-04,9999-01-01
424549,Genevieve,Speer,Engineer,1999-04-22,2000-06-17
424608,Tesuya,Kushnir,Senior Staff,2000-11-04,9999-01-01
424608,Tesuya,Kushnir,Staff,1993-11-04,2000-11-04
424661,Aria,Bellmore,Engineer,1996-11-19,2001-08-31
424673,Stevo,Asser,Senior Staff,1995-08-21,9999-01-01
424673,Stevo,Asser,Staff,1988-08-20,1995-08-21
424679,Xiahua,Boudaillier,Engineer,1990-11-06,1996-11-05
424679,Xiahua,Boudaillier,Senior Engineer,1996-11-05,1998-06-15
424688,Zdislav,Peral,Engineer,1991-07-18,1997-07-17
424688,Zdislav,Peral,Senior Engineer,1997-07-17,9999-01-01
424693,Iara,Falby,Engineer,1987-12-26,1994-12-26
424693,Iara,Falby,Senior Engineer,1994-12-26,9999-01-01
424709,Moni,Heijenga,Senior Staff,1999-01-17,9999-01-01
424709,Moni,Heijenga,Staff,1992-01-17,1999-01-17
424711,Lokesh,Pietrzykowski,Engineer,1995-06-11,2000-06-10
424711,Lokesh,Pietrzykowski,Senior Engineer,2000-06-10,9999-01-01
424738,Aamod,Siprelle,Engineer,1999-03-21,9999-01-01
424750,Huiqun,Flanders,Senior Staff,2002-07-12,9999-01-01
424750,Huiqun,Flanders,Staff,1994-07-12,2002-07-12
424757,Eben,Saoudi,Engineer,1994-03-09,2002-03-09
424757,Eben,Saoudi,Senior Engineer,2002-03-09,9999-01-01
424792,Huican,Bruckman,Senior Staff,2001-08-23,9999-01-01
424792,Huican,Bruckman,Staff,1993-08-23,2001-08-23
424796,Nigel,Claffy,Senior Staff,1995-12-27,9999-01-01
424813,Florina,Haraldson,Engineer,1988-06-06,1993-06-06
424813,Florina,Haraldson,Senior Engineer,1993-06-06,9999-01-01
424823,Margo,Baaleh,Staff,1999-04-14,9999-01-01
424846,Chiranjit,Bojadziev,Staff,1999-07-06,9999-01-01
424848,Subhada,Braunmuhl,Senior Engineer,1999-11-17,9999-01-01
424853,Radhika,Lupu,Engineer,1994-05-04,2001-05-04
424853,Radhika,Lupu,Senior Engineer,2001-05-04,9999-01-01
424893,Khaled,Chiodo,Engineer,1994-05-23,1999-05-23
424893,Khaled,Chiodo,Senior Engineer,1999-05-23,9999-01-01
424917,Abdelkader,Thiran,Senior Staff,1986-03-05,9999-01-01
424922,Christoper,Streng,Senior Staff,1994-12-12,1995-06-11
424926,Youjian,Mitzlaff,Senior Staff,1989-05-31,9999-01-01
424931,Uta,Parveen,Senior Staff,1985-12-09,9999-01-01
424942,Woody,Hagimont,Staff,1995-11-13,2000-11-11
424952,Xiaoqiang,Cromarty,Senior Staff,1992-04-10,9999-01-01
424952,Xiaoqiang,Cromarty,Staff,1986-04-11,1992-04-10
424953,Shigeichiro,Lakshmanan,Engineer,1992-05-01,2001-05-01
424953,Shigeichiro,Lakshmanan,Senior Engineer,2001-05-01,9999-01-01
424968,Kazuhide,Gajiwala,Staff,1998-08-13,9999-01-01
424977,Kellyn,Nooteboom,Senior Engineer,1988-10-21,9999-01-01
424985,Gererd,Luiz,Engineer,1994-02-09,2001-02-09
424985,Gererd,Luiz,Senior Engineer,2001-02-09,9999-01-01
425001,Phuoc,Grabner,Staff,1986-02-09,1986-03-03
425004,Nishit,Flowers,Senior Staff,1994-03-25,9999-01-01
425004,Nishit,Flowers,Staff,1985-03-25,1994-03-25
425012,Mohamadou,Suermann,Staff,1998-11-14,9999-01-01
425024,Danny,Picco,Senior Engineer,1991-06-02,1995-12-20
425031,Yucai,Iwayama,Staff,1997-06-01,9999-01-01
425054,Manu,Bernardinello,Engineer,1993-01-30,1998-01-30
425054,Manu,Bernardinello,Senior Engineer,1998-01-30,9999-01-01
425056,Mayuri,Buchter,Technique Leader,1994-05-15,9999-01-01
425071,Yechezkel,Munch,Technique Leader,1989-08-08,1992-12-05
425076,Martien,Piancastelli,Senior Engineer,1996-02-03,9999-01-01
425082,Sanjit,Holburn,Engineer,1992-10-01,2001-10-01
425082,Sanjit,Holburn,Senior Engineer,2001-10-01,9999-01-01
425088,Uri,Zirintsis,Senior Staff,1999-09-01,9999-01-01
425088,Uri,Zirintsis,Staff,1993-09-01,1999-09-01
425105,Gennady,Ecklund,Senior Staff,1997-01-02,9999-01-01
425138,Kiam,Delgrange,Staff,1994-10-25,9999-01-01
425172,Sham,Litvinov,Senior Staff,1996-02-06,9999-01-01
425172,Sham,Litvinov,Staff,1987-02-06,1996-02-06
425195,Khaled,DuCasse,Engineer,1999-07-13,9999-01-01
425201,Gregory,Lortz,Senior Staff,1994-02-28,2000-10-11
425202,Jongsuk,Guardalben,Senior Staff,1997-11-25,9999-01-01
425202,Jongsuk,Guardalben,Staff,1989-11-25,1997-11-25
425206,Jessie,Kolinko,Engineer,1986-05-01,1991-05-01
425206,Jessie,Kolinko,Senior Engineer,1991-05-01,9999-01-01
425214,Adamantios,Schmiedel,Engineer,1997-01-01,9999-01-01
425236,Fayez,Zaumen,Senior Staff,1988-02-05,9999-01-01
425260,Leen,Irland,Engineer,1993-07-01,2002-07-01
425260,Leen,Irland,Senior Engineer,2002-07-01,9999-01-01
425274,Tremaine,Kandlur,Staff,1986-12-15,1989-10-23
425278,Lokesh,Thorensen,Senior Engineer,1985-05-29,2000-02-16
425330,Woody,Schlenzig,Engineer,1986-11-17,1995-11-17
425330,Woody,Schlenzig,Senior Engineer,1995-11-17,9999-01-01
425343,Zhensheng,Klassen,Engineer,1997-11-09,1998-04-05
425365,Zhanqiu,Gaughan,Staff,1996-01-18,9999-01-01
425411,Deniz,Milicia,Engineer,1987-12-03,1992-12-02
425411,Deniz,Milicia,Senior Engineer,1992-12-02,1997-03-29
425435,Kirk,Cheshire,Engineer,1988-11-01,1990-06-15
425471,Abdelaziz,Vieri,Engineer,1989-09-06,1996-09-06
425471,Abdelaziz,Vieri,Senior Engineer,1996-09-06,9999-01-01
425486,Edwin,Braunschweig,Staff,1999-02-11,9999-01-01
425509,Miomir,Pelz,Senior Staff,1987-09-26,9999-01-01
425542,Howell,Peres,Senior Engineer,1990-02-10,9999-01-01
425550,Idoia,Schreiter,Engineer,1985-09-20,1991-09-20
425550,Idoia,Schreiter,Senior Engineer,1991-09-20,9999-01-01
425554,Kiyomitsu,Homond,Staff,1999-10-19,9999-01-01
425557,Subir,Ramalingam,Engineer,1991-02-19,1997-02-18
425557,Subir,Ramalingam,Senior Engineer,1997-02-18,9999-01-01
425581,Achilleas,Ramsey,Staff,1999-12-29,9999-01-01
425593,Soenke,Bernardinello,Engineer,1985-04-19,1992-04-19
425593,Soenke,Bernardinello,Senior Engineer,1992-04-19,9999-01-01
425614,Kirk,Ritzmann,Senior Staff,1998-01-21,9999-01-01
425614,Kirk,Ritzmann,Staff,1992-01-22,1998-01-21
425623,Taisook,Bondorf,Senior Staff,1995-07-28,2000-09-10
425623,Taisook,Bondorf,Staff,1989-07-28,1995-07-28
425638,Tsz,Loncour,Senior Staff,1997-01-04,9999-01-01
425653,Chaitali,Schlumberger,Assistant Engineer,1996-09-20,9999-01-01
425657,Odysseas,Seghrouchni,Engineer,1986-07-19,1989-02-13
425674,Guoxiang,Paludetto,Senior Staff,1995-11-30,9999-01-01
425674,Guoxiang,Paludetto,Staff,1990-11-30,1995-11-30
425723,Duri,Baaz,Technique Leader,1992-09-25,9999-01-01
425728,Adhemar,Templeman,Senior Staff,1997-04-13,9999-01-01
425728,Adhemar,Templeman,Staff,1990-04-13,1997-04-13
425767,Rance,Munoz,Senior Engineer,1985-07-12,9999-01-01
425807,Chenxi,Perly,Senior Staff,1997-05-08,9999-01-01
425811,Souichi,Rouquie,Senior Staff,1995-02-18,9999-01-01
425811,Souichi,Rouquie,Staff,1987-02-18,1995-02-18
425814,Xiaoqiang,Thisen,Senior Staff,1997-02-26,9999-01-01
425814,Xiaoqiang,Thisen,Staff,1992-02-27,1997-02-26
425815,Heping,Stanfel,Technique Leader,1994-11-01,9999-01-01
425825,Anneke,Baezner,Assistant Engineer,1998-09-26,9999-01-01
425827,Macha,Ciolek,Staff,1997-05-27,1997-09-01
425832,Saddek,Spell,Staff,1997-05-01,1998-10-09
425862,Mingzeng,Alpay,Engineer,1988-11-27,1989-10-12
425874,Volkmar,Glinert,Senior Staff,1995-06-17,9999-01-01
425874,Volkmar,Glinert,Staff,1986-06-17,1995-06-17
425881,Goncalo,Boissier,Senior Engineer,1989-02-04,9999-01-01
425883,Tesuya,Kulisch,Technique Leader,1992-01-07,9999-01-01
425903,Demos,Reeken,Senior Staff,1997-09-04,9999-01-01
425909,Martina,Laurillard,Technique Leader,1998-09-03,2000-02-02
425915,Przemyslawa,Compeau,Engineer,1996-06-25,9999-01-01
425930,Lorien,Theuretzbacher,Engineer,1990-03-01,1999-03-01
425930,Lorien,Theuretzbacher,Senior Engineer,1999-03-01,9999-01-01
425941,Miyeon,Comellas,Engineer,1996-04-19,9999-01-01
425947,Hitomi,Cincotta,Engineer,1996-10-29,9999-01-01
425963,Udo,Pusterhofer,Senior Staff,1996-11-10,9999-01-01
425966,Seongbin,Muhlberg,Senior Engineer,1995-02-05,9999-01-01
425974,Eberhardt,Begiun,Senior Staff,1992-07-01,1993-06-12
425979,True,Perng,Senior Staff,1991-09-26,9999-01-01
425979,True,Perng,Staff,1985-09-26,1991-09-26
425981,Anneke,Cichocki,Engineer,1986-06-15,1994-06-15
425981,Anneke,Cichocki,Senior Engineer,1994-06-15,9999-01-01
425985,Heejo,Bael,Engineer,1992-07-13,1999-07-14
425985,Heejo,Bael,Senior Engineer,1999-07-14,9999-01-01
425989,Pranav,Champarnaud,Senior Engineer,1990-04-26,9999-01-01
425997,Elgin,Besselaar,Engineer,1986-01-02,1992-01-02
425997,Elgin,Besselaar,Senior Engineer,1992-01-02,9999-01-01
426003,Mara,Alvarado,Senior Staff,2002-07-19,9999-01-01
426003,Mara,Alvarado,Staff,1995-07-19,2002-07-19
426013,Marit,Reeker,Engineer,1994-02-18,2001-02-18
426013,Marit,Reeker,Senior Engineer,2001-02-18,9999-01-01
426046,Marko,Ramamoorthy,Engineer,1994-01-12,2002-01-12
426046,Marko,Ramamoorthy,Senior Engineer,2002-01-12,9999-01-01
426065,Mitsuyuki,Bierman,Engineer,1991-05-02,2000-05-01
426065,Mitsuyuki,Bierman,Senior Engineer,2000-05-01,9999-01-01
426066,Mahmut,Cools,Engineer,1988-08-01,1996-08-01
426066,Mahmut,Cools,Senior Engineer,1996-08-01,9999-01-01
426072,Sariel,Kitsuregawa,Engineer,1990-10-22,1999-10-22
426072,Sariel,Kitsuregawa,Senior Engineer,1999-10-22,9999-01-01
426079,Sadok,Granlund,Senior Engineer,1987-10-01,9999-01-01
426088,Bojan,Cangellaris,Engineer,1993-12-21,9999-01-01
426105,Jouko,Pehl,Staff,1996-11-22,9999-01-01
426132,Sachio,Orlowska,Senior Staff,1993-07-28,9999-01-01
426132,Sachio,Orlowska,Staff,1986-07-28,1993-07-28
426138,Sumali,Rotem,Senior Staff,1996-06-28,9999-01-01
426138,Sumali,Rotem,Staff,1991-06-29,1996-06-28
426140,Xudong,Oskamp,Technique Leader,1998-02-21,9999-01-01
426148,Fusako,Benzaken,Senior Staff,1986-03-11,9999-01-01
426157,Xiaoheng,Seuren,Engineer,1999-08-17,9999-01-01
426165,Abdelghani,Sommen,Staff,1995-05-29,1997-12-04
426173,Mara,Conde,Technique Leader,1991-01-13,9999-01-01
426197,Elgin,Denti,Engineer,1989-06-24,1996-06-24
426197,Elgin,Denti,Senior Engineer,1996-06-24,9999-01-01
426199,Erez,Demizu,Senior Engineer,1992-09-12,1994-06-26
426202,Amalendu,Bruckman,Engineer,1985-02-22,1990-02-22
426202,Amalendu,Bruckman,Senior Engineer,1990-02-22,9999-01-01
426259,Yonghoan,Foong,Staff,1993-12-26,2002-03-11
426268,Mechthild,Debuse,Staff,1995-12-15,9999-01-01
426281,KayLiang,Gelosh,Engineer,1993-08-07,2000-08-07
426281,KayLiang,Gelosh,Senior Engineer,2000-08-07,9999-01-01
426294,Zhenhua,Nitta,Senior Staff,1992-12-02,9999-01-01
426294,Zhenhua,Nitta,Staff,1985-12-02,1992-12-02
426307,Fumiya,Sundgren,Staff,1999-11-01,9999-01-01
426316,Xuejun,dAstous,Assistant Engineer,1997-09-06,2000-07-10
426324,Flemming,Bale,Senior Staff,2001-09-29,9999-01-01
426324,Flemming,Bale,Staff,1993-09-29,2001-09-29
426328,Tzu,Solares,Engineer,1992-06-05,1999-06-06
426328,Tzu,Solares,Senior Engineer,1999-06-06,9999-01-01
426336,Fumino,Leuchs,Engineer,1988-05-05,1993-05-05
426336,Fumino,Leuchs,Senior Engineer,1993-05-05,9999-01-01
426358,Cheong,Raoux,Engineer,1989-09-22,1992-07-13
426363,Genevieve,Ghalwash,Engineer,1995-05-18,2002-05-18
426363,Genevieve,Ghalwash,Senior Engineer,2002-05-18,9999-01-01
426368,Gor,Delgrange,Senior Engineer,1994-12-10,9999-01-01
426379,Susanne,Seiwald,Senior Staff,1987-04-27,9999-01-01
426397,Adil,Schwartzburd,Technique Leader,1999-04-17,9999-01-01
426414,Ger,Hanabata,Senior Staff,1995-08-06,9999-01-01
426414,Ger,Hanabata,Staff,1986-08-06,1995-08-06
426441,Khalil,Iacovou,Technique Leader,1987-02-03,9999-01-01
426445,Anwar,Turnbull,Staff,1998-07-01,9999-01-01
426461,Rosita,Nitsche,Engineer,1990-09-24,1995-09-24
426461,Rosita,Nitsche,Senior Engineer,1995-09-24,9999-01-01
426476,Guangming,Hutter,Technique Leader,1997-02-06,9999-01-01
426507,Aram,DiGiano,Staff,1988-11-20,1990-12-14
426509,Marek,Llado,Assistant Engineer,1988-12-04,1994-12-04
426509,Marek,Llado,Engineer,1994-12-04,2000-12-03
426509,Marek,Llado,Senior Engineer,2000-12-03,9999-01-01
426526,Supot,Genther,Senior Staff,1992-11-29,9999-01-01
426534,Geoffrey,Rijckaert,Technique Leader,1985-03-25,9999-01-01
426538,Roddy,Busillo,Engineer,1985-04-21,1990-04-21
426538,Roddy,Busillo,Senior Engineer,1990-04-21,9999-01-01
426555,Marie,Binding,Engineer,1990-03-27,1997-03-27
426555,Marie,Binding,Senior Engineer,1997-03-27,9999-01-01
426564,Ekawit,Conde,Engineer,1997-04-26,9999-01-01
426565,Laurentiu,Kopetz,Senior Engineer,1993-01-01,9999-01-01
426566,Radhakrishnan,Macedo,Senior Staff,1996-07-29,9999-01-01
426566,Radhakrishnan,Macedo,Staff,1987-07-30,1996-07-29
426580,Abdelwaheb,Krybus,Senior Staff,1997-11-25,9999-01-01
426581,Almudena,Danner,Assistant Engineer,1991-07-11,1996-07-10
426581,Almudena,Danner,Engineer,1996-07-10,2001-07-10
426581,Almudena,Danner,Senior Engineer,2001-07-10,9999-01-01
426585,Phillip,Ghazalie,Senior Staff,1997-11-16,9999-01-01
426585,Phillip,Ghazalie,Staff,1992-11-16,1997-11-16
426642,Remmert,Zlotek,Staff,1998-12-05,2000-12-31
426646,Krassimir,Setia,Senior Staff,1998-10-01,9999-01-01
426655,Along,Cannard,Staff,1993-05-15,1994-10-07
426658,Arch,Yamaashi,Staff,1999-02-11,9999-01-01
426680,Genevieve,Demri,Staff,1999-02-17,9999-01-01
426692,Munenori,Babb,Technique Leader,1987-09-05,9999-01-01
426693,Visit,Cairo,Senior Staff,2002-04-04,9999-01-01
426693,Visit,Cairo,Staff,1994-04-05,2002-04-04
426705,Michaela,Hedayat,Assistant Engineer,1990-12-16,1994-09-02
426754,Moon,Moehrke,Technique Leader,1989-12-06,9999-01-01
426757,Foong,Thimonier,Senior Staff,1998-05-06,9999-01-01
426757,Foong,Thimonier,Staff,1991-05-06,1998-05-06
426777,Ewing,Kalafatis,Senior Staff,1997-12-29,9999-01-01
426777,Ewing,Kalafatis,Staff,1991-12-30,1997-12-29
426789,Berry,Kragelund,Senior Staff,1992-11-23,9999-01-01
426812,Conal,Yavatkar,Senior Engineer,1986-07-11,2000-04-14
426826,Hitomi,Magalhaes,Assistant Engineer,1985-12-12,1991-12-12
426826,Hitomi,Magalhaes,Engineer,1991-12-12,1997-12-11
426826,Hitomi,Magalhaes,Senior Engineer,1997-12-11,9999-01-01
426842,Jaques,Matteis,Assistant Engineer,1993-02-03,1994-11-08
426845,Gully,Schurmann,Senior Staff,2000-07-27,9999-01-01
426845,Gully,Schurmann,Staff,1991-07-28,2000-07-27
426851,Ekawit,Marquardt,Senior Staff,1991-06-24,1996-06-30
426854,Diederik,Senzako,Engineer,1991-12-06,1996-12-05
426854,Diederik,Senzako,Senior Engineer,1996-12-05,9999-01-01
426872,Richard,Koprowski,Assistant Engineer,1994-06-04,1999-06-04
426872,Richard,Koprowski,Engineer,1999-06-04,9999-01-01
426906,Katsuyuki,Pesch,Senior Staff,1999-03-06,9999-01-01
426906,Katsuyuki,Pesch,Staff,1993-03-06,1999-03-06
426917,Subbu,Stassinopoulos,Senior Staff,1999-12-30,9999-01-01
426917,Subbu,Stassinopoulos,Staff,1990-12-30,1999-12-30
426929,Chuanti,Nanard,Technique Leader,1992-04-09,9999-01-01
426942,Toney,Munke,Senior Engineer,1998-10-17,9999-01-01
426953,Mrinalini,Rebaine,Engineer,1997-08-12,9999-01-01
426960,Aamod,Jansen,Staff,1999-10-19,9999-01-01
426961,Shakhar,Maraist,Technique Leader,1987-05-17,9999-01-01
426968,Youngkon,Bahi,Staff,1995-07-12,9999-01-01
426975,Ranga,Lunt,Staff,1999-12-07,9999-01-01
426977,Fumiko,McFarlan,Engineer,1997-09-28,9999-01-01
426986,Jixiang,Furudate,Staff,1998-02-13,9999-01-01
427038,Jasminko,Serov,Staff,1996-11-24,9999-01-01
427047,Sariel,Bazzichi,Engineer,1998-03-24,9999-01-01
427060,Shaunak,Coombs,Senior Engineer,1999-01-31,9999-01-01
427065,Harjit,Iivonen,Engineer,1992-04-19,1999-07-09
427070,Mohan,Hanratty,Engineer,1998-01-13,9999-01-01
427072,Marie,Flanders,Senior Staff,1999-12-25,9999-01-01
427072,Marie,Flanders,Staff,1994-12-25,1999-12-25
427078,Shigeichiro,Menhardt,Senior Staff,1996-06-24,9999-01-01
427078,Shigeichiro,Menhardt,Staff,1991-06-25,1996-06-24
427105,Adly,Kroon,Senior Staff,1989-04-14,9999-01-01
427107,Matk,Cichocki,Senior Engineer,1990-03-15,9999-01-01
427111,Satosi,Stellhorn,Senior Staff,2001-07-18,9999-01-01
427111,Satosi,Stellhorn,Staff,1994-07-18,2001-07-18
427130,Doowon,Petereit,Engineer,1993-09-27,1998-09-27
427130,Doowon,Petereit,Senior Engineer,1998-09-27,9999-01-01
427144,Rajmohan,Pesch,Engineer,1994-02-25,1998-03-16
427148,Baocai,Schach,Staff,1998-01-19,9999-01-01
427173,Renee,Alvarado,Senior Staff,2002-04-05,9999-01-01
427173,Renee,Alvarado,Staff,1995-04-06,2002-04-05
427193,Lokesh,Staudhammer,Senior Staff,1999-06-28,9999-01-01
427193,Lokesh,Staudhammer,Staff,1992-06-27,1999-06-28
427203,Xuedong,Aloisi,Senior Staff,1995-02-16,9999-01-01
427203,Xuedong,Aloisi,Staff,1989-02-16,1995-02-16
427216,Hugh,Androutsos,Senior Staff,2001-12-20,9999-01-01
427216,Hugh,Androutsos,Staff,1996-12-20,2001-12-20
427238,Sailaja,Middleton,Staff,1998-02-15,9999-01-01
427267,Mohit,Joslin,Engineer,1999-12-04,9999-01-01
427270,Arlette,Ozery,Engineer,1998-02-21,9999-01-01
427271,Aruna,Streng,Staff,1998-03-21,9999-01-01
427273,Marsha,Suermann,Engineer,1994-03-12,1999-03-12
427273,Marsha,Suermann,Senior Engineer,1999-03-12,9999-01-01
427282,Mads,Range,Staff,1998-08-13,9999-01-01
427305,Fumiya,Leonhardt,Staff,1991-01-10,1992-12-30
427315,Masami,Onuegbe,Staff,1987-10-19,1987-11-23
427324,Francoise,Isard,Technique Leader,1993-08-19,9999-01-01
427325,Claude,Krybus,Staff,1989-02-05,1990-01-27
427344,Fumino,Hambrick,Engineer,1990-04-03,1996-04-01
427344,Fumino,Hambrick,Senior Engineer,1996-04-01,9999-01-01
427379,Gritta,Danley,Senior Engineer,1995-09-13,9999-01-01
427408,Inderjeet,Crabtree,Engineer,1987-04-10,1996-04-09
427408,Inderjeet,Crabtree,Senior Engineer,1996-04-09,9999-01-01
427467,Mayumi,Papastamatiou,Engineer,1997-03-30,2002-03-30
427467,Mayumi,Papastamatiou,Senior Engineer,2002-03-30,9999-01-01
427468,Vesna,Wursthorn,Staff,1995-01-26,2000-01-02
427482,Stamatina,Pollacia,Senior Staff,2001-10-09,9999-01-01
427482,Stamatina,Pollacia,Staff,1996-10-09,2001-10-09
427497,Bodo,Quittner,Engineer,1991-03-17,1996-03-16
427497,Bodo,Quittner,Senior Engineer,1996-03-16,9999-01-01
427501,Conor,Gerlach,Staff,1985-05-23,1987-04-14
427511,Val,Knightly,Engineer,1992-04-01,2001-04-01
427511,Val,Knightly,Senior Engineer,2001-04-01,9999-01-01
427514,Khalid,Schiettecatte,Senior Staff,1998-03-27,9999-01-01
427514,Khalid,Schiettecatte,Staff,1990-03-27,1998-03-27
427532,Hairong,Tanemo,Senior Staff,1987-02-27,1995-12-26
427536,Herbert,Gonthier,Senior Staff,1998-09-19,9999-01-01
427536,Herbert,Gonthier,Staff,1990-09-19,1998-09-19
427542,Waiman,Demeyer,Senior Staff,1994-04-03,9999-01-01
427542,Waiman,Demeyer,Staff,1987-04-03,1994-04-03
427550,Renee,Mullainathan,Senior Staff,1997-12-18,9999-01-01
427550,Renee,Mullainathan,Staff,1990-12-18,1997-12-18
427564,Chinya,Baak,Senior Engineer,1990-10-29,9999-01-01
427565,Prasadram,Hardjono,Senior Staff,2001-10-08,9999-01-01
427565,Prasadram,Hardjono,Staff,1996-10-08,2001-10-08
427570,Hideo,Papadias,Senior Staff,1999-10-17,2002-06-24
427591,Berthier,Zeleznik,Senior Staff,1993-11-17,2001-10-18
427596,Utz,Ermel,Technique Leader,1989-09-06,9999-01-01
427612,Yuuichi,Basagni,Senior Engineer,1994-07-21,9999-01-01
427625,Chandrasekaran,Trogemann,Engineer,1989-06-13,1997-06-13
427625,Chandrasekaran,Trogemann,Senior Engineer,1997-06-13,9999-01-01
427671,Sreekrishna,Coombs,Senior Engineer,1989-03-22,9999-01-01
427676,Adam,Rosis,Engineer,1992-11-03,1997-11-03
427676,Adam,Rosis,Senior Engineer,1997-11-03,9999-01-01
427677,Parto,Strehl,Engineer,1997-11-21,9999-01-01
427702,Premsyl,Panienski,Senior Staff,1987-05-20,9999-01-01
427706,Yagil,Ulupinar,Staff,1994-01-18,9999-01-01
427733,Arfst,Pehl,Engineer,1993-03-24,2002-03-24
427733,Arfst,Pehl,Senior Engineer,2002-03-24,9999-01-01
427734,Lein,Stentiford,Assistant Engineer,1998-06-19,2000-09-10
427754,Hironobu,Vidal,Senior Staff,1995-04-06,1995-10-08
427754,Hironobu,Vidal,Staff,1988-04-05,1995-04-06
427757,Alair,Stanfel,Staff,1998-11-07,9999-01-01
427760,Teiji,Castellani,Staff,1995-10-04,2001-05-09
427811,Bernardo,Ishibashi,Senior Staff,1989-08-22,9999-01-01
427822,Guadalupe,Solares,Staff,1999-02-04,2001-07-05
427827,Suebskul,Merkl,Engineer,1996-02-23,9999-01-01
427844,Rosine,Boyle,Engineer,1997-02-26,9999-01-01
427846,Kazuhisa,Grabner,Engineer,1992-08-01,1996-04-26
427855,Tzvetan,Theuretzbacher,Senior Staff,1998-10-04,9999-01-01
427855,Tzvetan,Theuretzbacher,Staff,1992-10-04,1998-10-04
427871,Bernt,Kandlur,Engineer,1994-06-18,2000-06-17
427871,Bernt,Kandlur,Senior Engineer,2000-06-17,9999-01-01
427882,Kazuhiro,Conry,Engineer,1991-09-21,1997-09-20
427882,Kazuhiro,Conry,Senior Engineer,1997-09-20,9999-01-01
427889,Akhilish,Mitina,Staff,1995-09-02,9999-01-01
427901,Ayonca,Kavvadias,Senior Staff,1990-10-20,9999-01-01
427901,Ayonca,Kavvadias,Staff,1985-10-20,1990-10-20
427911,Berni,Perez,Engineer,1996-04-23,2002-04-23
427911,Berni,Perez,Senior Engineer,2002-04-23,9999-01-01
427914,Kristen,Schaaf,Senior Staff,1992-05-24,9999-01-01
427939,Gunilla,Perl,Engineer,1989-12-02,1997-12-02
427939,Gunilla,Perl,Senior Engineer,1997-12-02,9999-01-01
427943,Ewing,Suppi,Staff,1997-02-21,9999-01-01
427946,Kristof,Molenkamp,Senior Staff,1996-11-21,9999-01-01
427946,Kristof,Molenkamp,Staff,1991-11-22,1996-11-21
427956,Pranay,Panienski,Senior Staff,2000-03-07,9999-01-01
427956,Pranay,Panienski,Staff,1993-03-07,2000-03-07
427962,Maren,Picaronny,Engineer,1999-05-15,9999-01-01
427985,Adel,Warwick,Senior Staff,1986-02-15,9999-01-01
428001,Paloma,Compeau,Staff,1997-01-30,2001-08-25
428009,Xiaoqiang,Bage,Engineer,1999-04-07,9999-01-01
428032,Yahiko,Fiebach,Senior Engineer,1989-09-14,1989-10-02
428039,Gully,Emmart,Senior Staff,1995-09-15,9999-01-01
428039,Gully,Emmart,Staff,1986-09-15,1995-09-15
428041,Djelloul,Ratzlaff,Senior Engineer,1997-07-19,9999-01-01
428043,Rosella,Schauser,Senior Engineer,1999-05-02,9999-01-01
428055,Manohar,Jansen,Senior Staff,2001-10-25,9999-01-01
428055,Manohar,Jansen,Staff,1994-10-25,2001-10-25
428076,Sorina,Dredge,Engineer,1992-02-23,1997-02-22
428076,Sorina,Dredge,Senior Engineer,1997-02-22,9999-01-01
428077,Irene,Schaaf,Engineer,1992-06-09,1999-06-10
428077,Irene,Schaaf,Senior Engineer,1999-06-10,2000-01-17
428081,Mayuko,Koshiba,Senior Staff,1993-02-14,9999-01-01
428081,Mayuko,Koshiba,Staff,1985-02-14,1993-02-14
428111,Shaibal,Ossenbruggen,Engineer,1995-08-31,9999-01-01
428115,Xiping,Yemenis,Senior Engineer,1996-12-13,9999-01-01
428119,Kristina,Quittner,Engineer,1993-08-19,2000-08-19
428119,Kristina,Quittner,Senior Engineer,2000-08-19,9999-01-01
428152,Shigehito,Naudin,Senior Staff,2002-04-23,9999-01-01
428152,Shigehito,Naudin,Staff,1993-04-23,2002-04-23
428165,Samphel,Baer,Staff,1998-10-06,9999-01-01
428168,Arif,Ranta,Senior Staff,1988-12-26,9999-01-01
428176,Chikara,Hasham,Engineer,1987-04-09,1995-04-09
428176,Chikara,Hasham,Senior Engineer,1995-04-09,9999-01-01
428185,Garnik,Schlegelmilch,Engineer,1991-07-01,1997-06-30
428185,Garnik,Schlegelmilch,Senior Engineer,1997-06-30,9999-01-01
428208,Youngkon,Olano,Technique Leader,1986-02-03,9999-01-01
428223,Fumiko,McDermid,Staff,1997-11-29,9999-01-01
428225,Mong,Versino,Engineer,1995-12-16,2000-12-15
428225,Mong,Versino,Senior Engineer,2000-12-15,9999-01-01
428234,Shahid,Papadias,Senior Staff,1990-08-16,9999-01-01
428238,LiMin,Gire,Senior Staff,1998-12-13,9999-01-01
428251,Shaleah,Hellwagner,Engineer,1995-02-27,9999-01-01
428252,Gao,Heering,Staff,1998-02-17,9999-01-01
428254,Brigham,Rothe,Staff,1991-04-23,1996-01-15
428283,Rance,Cmelik,Engineer,1994-02-25,1998-06-13
428288,Ranga,Ginneken,Senior Engineer,1990-05-15,9999-01-01
428302,Sanjit,Engelmann,Engineer,1985-04-19,1991-04-19
428302,Sanjit,Engelmann,Senior Engineer,1991-04-19,9999-01-01
428309,Minghong,Siksek,Engineer,1988-08-17,1994-08-17
428309,Minghong,Siksek,Senior Engineer,1994-08-17,9999-01-01
428311,Juyoung,Eldridge,Senior Staff,1998-07-18,9999-01-01
428311,Juyoung,Eldridge,Staff,1993-07-18,1998-07-18
428317,Shigeichiro,Solares,Engineer,1987-08-22,1995-08-22
428317,Shigeichiro,Solares,Senior Engineer,1995-08-22,9999-01-01
428323,Xiaoqiang,Zastre,Senior Staff,2002-03-12,9999-01-01
428323,Xiaoqiang,Zastre,Staff,1996-03-12,2002-03-12
428347,Huican,Shigei,Senior Staff,1992-02-16,9999-01-01
428347,Huican,Shigei,Staff,1985-02-15,1992-02-16
428368,Jolita,Falco,Senior Engineer,1986-03-05,9999-01-01
428371,Vesna,Ducloy,Engineer,1989-06-30,1998-06-30
428371,Vesna,Ducloy,Senior Engineer,1998-06-30,9999-01-01
428379,Ronghao,Schapire,Senior Staff,1995-08-24,9999-01-01
428395,Xinglin,Uchoa,Senior Staff,1998-09-21,9999-01-01
428395,Xinglin,Uchoa,Staff,1991-09-21,1998-09-21
428401,Dinkar,Laurillard,Engineer,1986-04-14,1991-04-14
428401,Dinkar,Laurillard,Senior Engineer,1991-04-14,1997-01-05
428411,Toney,Steinauer,Engineer,1995-04-25,9999-01-01
428427,Hitofumi,Merli,Staff,1999-05-16,9999-01-01
428430,Basem,Hasham,Staff,1999-03-07,9999-01-01
428469,Goetz,Szmurlo,Staff,1994-09-30,1994-10-18
428479,Ronghao,Foong,Staff,1999-03-31,9999-01-01
428490,Sreenivas,DeMori,Staff,1997-10-23,2000-09-27
428501,Gino,Papadias,Engineer,1985-06-19,1986-02-14
428540,Kinh,Dredge,Engineer,1995-12-21,2001-12-20
428540,Kinh,Dredge,Senior Engineer,2001-12-20,9999-01-01
428546,Jiafu,Caine,Senior Staff,1993-09-10,9999-01-01
428546,Jiafu,Caine,Staff,1988-09-10,1993-09-10
428556,Jasminko,Nannarelli,Staff,1997-03-15,9999-01-01
428570,Navin,Krupka,Engineer,1997-09-29,9999-01-01
428591,Heekeun,Bernatsky,Staff,1993-02-07,1997-03-10
428597,Leni,Schreiter,Senior Staff,1992-05-15,9999-01-01
428597,Leni,Schreiter,Staff,1986-05-16,1992-05-15
428598,Gianluca,Eiron,Senior Staff,1997-09-23,2000-08-21
428600,Taiji,Desikan,Engineer,1986-10-15,1994-10-15
428600,Taiji,Desikan,Senior Engineer,1994-10-15,1999-02-18
428603,Tamiya,Casperson,Engineer,1994-11-10,1999-11-10
428603,Tamiya,Casperson,Senior Engineer,1999-11-10,9999-01-01
428635,Katsuo,Peltason,Staff,1996-04-22,1997-08-04
428671,Youjian,Swiss,Engineer,1995-12-02,2000-07-07
428713,Edwin,Schoegge,Senior Staff,1996-04-14,9999-01-01
428713,Edwin,Schoegge,Staff,1988-04-14,1996-04-14
428727,Owen,Kolvik,Senior Staff,1995-04-23,2000-07-17
428727,Owen,Kolvik,Staff,1990-04-23,1995-04-23
428746,Jiafu,Perin,Staff,1988-02-25,1994-04-02
428752,Ute,Iacovou,Staff,1999-08-17,9999-01-01
428753,Eric,Quaggetto,Engineer,1992-08-20,1997-08-20
428753,Eric,Quaggetto,Senior Engineer,1997-08-20,9999-01-01
428770,Gill,Pollock,Senior Staff,1994-05-16,9999-01-01
428774,Siddarth,Kampfer,Senior Staff,1999-08-25,9999-01-01
428774,Siddarth,Kampfer,Staff,1993-08-25,1999-08-25
428775,Vivian,Stentiford,Engineer,1990-02-14,1992-07-09
428776,Kshitij,Weedon,Senior Staff,1990-07-05,9999-01-01
428781,Kayoko,Melichar,Senior Staff,1993-12-21,9999-01-01
428783,Zhaofang,Baba,Engineer,1987-04-07,1994-04-07
428783,Zhaofang,Baba,Senior Engineer,1994-04-07,1995-05-21
428803,Poornachandra,Felcyn,Engineer,1998-05-04,9999-01-01
428813,Demos,Taneja,Engineer,1997-05-09,2002-02-27
428816,Berni,Belinskaya,Staff,1997-04-09,9999-01-01
428819,Sastry,Muntz,Senior Staff,1993-12-26,9999-01-01
428819,Sastry,Muntz,Staff,1985-12-26,1993-12-26
428822,Mohua,Beausoleil,Senior Engineer,1990-03-24,9999-01-01
428832,Peternela,Gulak,Staff,1989-12-31,1991-10-16
428835,Carrsten,Skafidas,Senior Staff,2000-03-02,9999-01-01
428835,Carrsten,Skafidas,Staff,1992-03-02,2000-03-02
428847,Lena,Feldhoffer,Senior Staff,1994-08-03,9999-01-01
428847,Lena,Feldhoffer,Staff,1985-08-03,1994-08-03
428849,Clyde,Wursthorn,Engineer,1996-09-17,2001-12-18
428857,Divine,Chaudhuri,Staff,1992-09-23,1995-07-19
428863,Lena,Wossner,Engineer,1986-08-20,1994-08-20
428863,Lena,Wossner,Senior Engineer,1994-08-20,2001-09-18
428867,Sailaja,Tasistro,Assistant Engineer,1997-10-05,9999-01-01
428899,Abdelaziz,Billingsley,Staff,1994-10-20,1997-11-18
428906,Sachio,Krohm,Staff,1985-05-22,1989-08-05
428920,Yucel,Billawala,Staff,1987-12-03,1994-09-27
428952,Sushant,Klyachko,Senior Staff,1997-03-14,9999-01-01
428952,Sushant,Klyachko,Staff,1988-03-14,1997-03-14
428962,Sanjiv,Leijenhorst,Engineer,1999-10-29,9999-01-01
428965,Hsiangchu,Bierman,Engineer,1992-10-02,1997-10-02
428965,Hsiangchu,Bierman,Senior Engineer,1997-10-02,9999-01-01
428999,Emdad,Ghandeharizadeh,Senior Staff,1993-03-24,9999-01-01
428999,Emdad,Ghandeharizadeh,Staff,1988-03-24,1993-03-24
429003,Shan,Gill,Senior Engineer,1995-03-25,1999-10-07
429024,Aral,Anandan,Senior Staff,1995-04-20,1997-09-30
429024,Aral,Anandan,Staff,1990-04-20,1995-04-20
429026,Kristine,Ratnaker,Senior Staff,1998-12-16,9999-01-01
429026,Kristine,Ratnaker,Staff,1992-12-16,1998-12-16
429027,Ayonca,Sabnani,Senior Engineer,1985-08-16,9999-01-01
429037,Doowon,Larfeldt,Engineer,1986-01-22,1993-01-22
429037,Doowon,Larfeldt,Senior Engineer,1993-01-22,9999-01-01
429041,Uta,Basart,Staff,1996-05-17,9999-01-01
429057,Neven,Serot,Staff,1995-04-15,9999-01-01
429062,Mostafa,Osgood,Senior Engineer,1986-04-07,9999-01-01
429066,Kristina,Baez,Senior Staff,1998-08-18,9999-01-01
429066,Kristina,Baez,Staff,1989-08-18,1998-08-18
429098,Reuven,Ghazalie,Engineer,1985-09-20,1994-09-20
429098,Reuven,Ghazalie,Senior Engineer,1994-09-20,9999-01-01
429099,Nagui,Marakhovsky,Senior Engineer,1990-08-05,9999-01-01
429129,Hilari,Segond,Staff,1999-07-08,9999-01-01
429132,Adib,Sidhu,Engineer,1993-11-24,9999-01-01
429148,Sreenivas,Conry,Senior Staff,1996-05-22,9999-01-01
429148,Sreenivas,Conry,Staff,1987-05-23,1996-05-22
429168,Taiji,Mahnke,Engineer,1989-11-06,1997-11-06
429168,Taiji,Mahnke,Senior Engineer,1997-11-06,9999-01-01
429196,Sanjeeva,Jansch,Senior Staff,2001-12-14,2002-04-17
429196,Sanjeeva,Jansch,Staff,1994-12-14,2001-12-14
429205,Huican,Ratnakar,Senior Staff,1998-06-20,9999-01-01
429205,Huican,Ratnakar,Staff,1993-06-20,1998-06-20
429209,Cristinel,Schueller,Senior Staff,1989-07-18,1994-05-09
429225,Susanta,Spataro,Assistant Engineer,1985-06-01,1989-08-11
429237,Ebbe,Melton,Technique Leader,1988-07-19,9999-01-01
429259,Xiahua,Rodham,Technique Leader,1999-08-23,1999-12-14
429262,Mabo,Leivant,Engineer,1986-04-30,1991-04-30
429262,Mabo,Leivant,Senior Engineer,1991-04-30,9999-01-01
429285,Aamod,Slutz,Staff,1999-09-25,9999-01-01
429286,Akeno,Kalefeld,Staff,1997-03-16,9999-01-01
429311,Mircea,Caine,Senior Staff,1988-09-01,9999-01-01
429317,Jeong,Pocchiola,Senior Staff,1996-09-01,9999-01-01
429317,Jeong,Pocchiola,Staff,1990-09-02,1996-09-01
429327,Surveyors,Wiegley,Engineer,1994-11-04,9999-01-01
429344,Marsal,Baranowski,Engineer,1993-03-21,1995-12-09
429371,Jacqueline,Erie,Engineer,1988-03-17,1994-03-17
429371,Jacqueline,Erie,Senior Engineer,1994-03-17,1999-10-18
429387,Uli,Cappelletti,Senior Staff,1998-03-06,9999-01-01
429387,Uli,Cappelletti,Staff,1993-03-06,1998-03-06
429401,Jackson,Felcyn,Assistant Engineer,1985-04-17,1991-04-17
429401,Jackson,Felcyn,Engineer,1991-04-17,1997-04-16
429401,Jackson,Felcyn,Senior Engineer,1997-04-16,9999-01-01
429421,Dipankar,Karlin,Staff,1995-05-15,2000-09-07
429480,Chrisa,Rajaraman,Engineer,1991-02-26,2000-02-26
429480,Chrisa,Rajaraman,Senior Engineer,2000-02-26,9999-01-01
429502,Florian,Rijsenbrij,Engineer,1992-11-14,1997-11-14
429502,Florian,Rijsenbrij,Senior Engineer,1997-11-14,9999-01-01
429525,Mrinalini,Oehlmann,Staff,1990-03-09,1991-12-22
429527,Amabile,Bellmore,Senior Staff,1991-06-12,9999-01-01
429636,Stella,Sambasivam,Senior Engineer,1997-05-15,9999-01-01
429641,Tze,Aamodt,Engineer,1987-01-12,1993-01-11
429641,Tze,Aamodt,Senior Engineer,1993-01-11,9999-01-01
429653,Yucel,Ossenbruggen,Senior Engineer,1994-02-01,9999-01-01
429658,Otilia,Nishimukai,Engineer,1989-06-15,1994-06-15
429658,Otilia,Nishimukai,Senior Engineer,1994-06-15,9999-01-01
429688,Rance,Willoner,Staff,1995-04-21,9999-01-01
429715,Izaskun,Frijda,Senior Staff,1995-07-21,9999-01-01
429715,Izaskun,Frijda,Staff,1988-07-20,1995-07-21
429732,Chriss,Danley,Senior Staff,1994-09-27,9999-01-01
429732,Chriss,Danley,Staff,1985-09-27,1994-09-27
429733,Gad,Aingworth,Engineer,1994-12-23,9999-01-01
429736,Adin,Callaway,Senior Engineer,1996-03-24,9999-01-01
429737,Tetsurou,Bernardeschi,Technique Leader,1997-12-31,9999-01-01
429744,Zhongwei,Verhoeff,Senior Staff,1999-04-12,9999-01-01
429744,Zhongwei,Verhoeff,Staff,1990-04-12,1999-04-12
429796,Raimond,Rahier,Senior Staff,1999-09-24,9999-01-01
429796,Raimond,Rahier,Staff,1990-09-24,1999-09-24
429809,Shin,Sundgren,Senior Engineer,1985-11-15,9999-01-01
429826,Yongmao,Zirintsis,Senior Staff,1998-07-29,9999-01-01
429826,Yongmao,Zirintsis,Staff,1992-07-29,1998-07-29
429842,Anestis,Ratnakar,Engineer,1986-09-03,1994-11-04
429852,Nagui,Kruskal,Technique Leader,1990-08-12,9999-01-01
429874,Aron,Pezzoli,Technique Leader,1997-01-20,9999-01-01
429875,Bernardo,Merks,Technique Leader,1986-02-15,9999-01-01
429878,Sachem,Falby,Staff,1989-02-04,1992-09-19
429905,Jouni,Narwekar,Staff,1998-12-08,9999-01-01
429935,Ger,Cesareni,Engineer,1995-12-02,9999-01-01
429946,Tayeb,Auyong,Engineer,1996-09-08,1999-05-19
429948,Fumitake,Hainaut,Senior Staff,2002-03-12,9999-01-01
429948,Fumitake,Hainaut,Staff,1995-03-12,2002-03-12
429971,Cordelia,Merlo,Engineer,1997-03-05,2000-02-02
429985,Moie,Stanfel,Engineer,1990-08-04,1996-08-03
429985,Moie,Stanfel,Senior Engineer,1996-08-03,9999-01-01
430009,Steve,Alpay,Staff,1994-11-23,1997-08-01
430025,Oldrich,Uhrig,Senior Engineer,1985-08-25,9999-01-01
430037,Ayonca,Fabrizio,Senior Staff,1992-11-22,9999-01-01
430037,Ayonca,Fabrizio,Staff,1987-11-23,1992-11-22
430047,Toong,Krohm,Engineer,1989-01-03,1998-01-03
430047,Toong,Krohm,Senior Engineer,1998-01-03,9999-01-01
430061,Juichirou,Iwayama,Senior Staff,2001-02-12,9999-01-01
430061,Juichirou,Iwayama,Staff,1993-02-12,2001-02-12
430065,Aloys,Jakobus,Engineer,1997-02-13,9999-01-01
430068,Dipankar,Nivat,Engineer,1992-05-25,1998-05-25
430068,Dipankar,Nivat,Senior Engineer,1998-05-25,9999-01-01
430088,Peternela,Cummings,Staff,1995-04-12,9999-01-01
430092,Lobel,Denis,Engineer,1985-03-03,1991-03-03
430092,Lobel,Denis,Senior Engineer,1991-03-03,9999-01-01
430112,Jackson,Whitcomb,Engineer,1997-10-23,9999-01-01
430113,Premsyl,Barvinok,Engineer,1991-05-11,1997-05-10
430113,Premsyl,Barvinok,Senior Engineer,1997-05-10,9999-01-01
430114,Mabhin,Tsukuda,Senior Engineer,1999-09-10,9999-01-01
430119,Marl,Zielinski,Engineer,1993-06-07,1999-06-07
430119,Marl,Zielinski,Senior Engineer,1999-06-07,9999-01-01
430127,Jayson,Ibel,Engineer,1988-07-27,1989-11-17
430129,Hugo,Suessmith,Senior Staff,1997-11-14,9999-01-01
430134,Tsutomu,Casley,Senior Staff,1989-09-02,9999-01-01
430154,Jackson,Angiulli,Engineer,1986-01-08,1988-01-24
430157,Shimshon,Genin,Engineer,1993-08-07,9999-01-01
430165,Genki,Busillo,Senior Staff,2002-07-15,9999-01-01
430165,Genki,Busillo,Staff,1996-07-15,2002-07-15
430169,Vivian,Zedlitz,Engineer,1992-09-25,1992-12-04
430293,Yinghua,Maccarone,Staff,1999-03-23,2001-09-17
430297,Val,Trogemann,Engineer,1996-06-28,9999-01-01
430318,Augustine,Huhdanpaa,Engineer,1992-04-09,1999-04-10
430318,Augustine,Huhdanpaa,Senior Engineer,1999-04-10,9999-01-01
430328,Roselyn,Pouyioutas,Senior Staff,1994-05-16,9999-01-01
430328,Roselyn,Pouyioutas,Staff,1986-05-16,1994-05-16
430337,Shugo,Besselaar,Engineer,1987-12-24,1995-12-24
430337,Shugo,Besselaar,Senior Engineer,1995-12-24,9999-01-01
430349,Alselm,Lambe,Technique Leader,1999-03-11,1999-05-20
430353,Rosella,Asser,Senior Staff,1997-09-21,9999-01-01
430353,Rosella,Asser,Staff,1989-09-21,1997-09-21
430397,Masaki,Benantar,Engineer,1994-08-19,9999-01-01
430420,Dhritiman,Ertl,Senior Staff,1994-11-08,9999-01-01
430420,Dhritiman,Ertl,Staff,1989-11-08,1994-11-08
430428,Felicidad,Slobodova,Senior Engineer,1998-10-31,9999-01-01
430445,Sangeeta,Papsdorf,Staff,1999-12-05,2002-05-24
430448,Reinhard,Benzaken,Senior Staff,1993-10-07,9999-01-01
430448,Reinhard,Benzaken,Staff,1988-10-07,1993-10-07
430451,JiYoung,Comte,Senior Engineer,1989-04-15,9999-01-01
430456,Gila,Seghrouchni,Assistant Engineer,1996-03-08,2001-03-08
430456,Gila,Seghrouchni,Engineer,2001-03-08,9999-01-01
430474,Yucai,Schnelling,Senior Staff,1992-03-11,9999-01-01
430474,Yucai,Schnelling,Staff,1987-03-12,1992-03-11
430494,Tokuyasu,Sadowski,Engineer,1997-07-26,9999-01-01
430507,Horward,Janetzko,Senior Staff,1995-11-23,9999-01-01
430507,Horward,Janetzko,Staff,1986-11-23,1995-11-23
430514,Tadahiko,Koshiba,Technique Leader,1985-03-30,9999-01-01
430517,Feixiong,Leslie,Engineer,1987-08-19,1992-08-18
430517,Feixiong,Leslie,Senior Engineer,1992-08-18,1997-08-27
430529,Yannik,Sgarro,Senior Staff,1997-07-23,9999-01-01
430529,Yannik,Sgarro,Staff,1992-07-23,1997-07-23
430539,Zdislav,Nitta,Staff,1993-08-02,9999-01-01
430569,Shuji,Akiyama,Technique Leader,1999-06-13,9999-01-01
430613,Nathan,Braunmuhl,Senior Staff,1997-06-09,9999-01-01
430613,Nathan,Braunmuhl,Staff,1988-06-09,1997-06-09
430620,Munenori,Itschner,Engineer,1991-01-25,1999-01-25
430620,Munenori,Itschner,Senior Engineer,1999-01-25,1999-08-22
430623,Yongmao,Lanzelotte,Senior Staff,1992-06-16,9999-01-01
430623,Yongmao,Lanzelotte,Staff,1986-06-17,1992-06-16
430640,Tremaine,Kalsbeek,Senior Staff,1993-07-08,9999-01-01
430640,Tremaine,Kalsbeek,Staff,1987-07-09,1993-07-08
430664,Conal,Geffroy,Engineer,1990-04-14,1996-04-13
430664,Conal,Geffroy,Senior Engineer,1996-04-13,2001-12-18
430673,Shmuel,Guting,Engineer,1990-08-07,1996-08-06
430673,Shmuel,Guting,Senior Engineer,1996-08-06,9999-01-01
430681,Valeri,Giveon,Senior Engineer,1991-08-08,2000-10-16
430687,Giao,Nitsche,Senior Staff,1987-11-27,9999-01-01
430699,Holgard,Mahnke,Staff,1996-06-24,1997-09-29
430705,Jixiang,Panienski,Senior Staff,1995-11-25,1998-02-03
430705,Jixiang,Panienski,Staff,1989-11-25,1995-11-25
430722,Sivanarayana,Speel,Staff,1994-06-16,9999-01-01
430734,Moni,Schiper,Assistant Engineer,1999-11-11,9999-01-01
430740,Tianruo,Conta,Senior Staff,1995-07-09,9999-01-01
430750,Chuanyi,Khamsi,Engineer,1994-05-14,2001-05-14
430750,Chuanyi,Khamsi,Senior Engineer,2001-05-14,9999-01-01
430794,Masaru,Gecseg,Staff,1994-11-23,9999-01-01
430808,Conal,Seghrouchni,Engineer,1996-09-26,2001-09-26
430808,Conal,Seghrouchni,Senior Engineer,2001-09-26,9999-01-01
430828,Kiyokazu,Scharstein,Senior Staff,1992-10-09,9999-01-01
430828,Kiyokazu,Scharstein,Staff,1985-10-09,1992-10-09
430834,Taisook,Peac,Senior Engineer,1985-08-09,1990-09-21
430842,Constantijn,Goodrum,Senior Staff,1999-04-22,9999-01-01
430842,Constantijn,Goodrum,Staff,1994-04-22,1999-04-22
430849,Marit,Usdin,Engineer,1998-07-19,2001-11-24
430858,Jaewoo,Shobatake,Engineer,1987-03-26,1990-11-22
430897,Mohan,Fargier,Senior Engineer,1992-01-08,9999-01-01
430909,Kazuhiro,Swick,Engineer,1994-08-28,2000-08-27
430909,Kazuhiro,Swick,Senior Engineer,2000-08-27,9999-01-01
430934,Henk,Merey,Senior Engineer,1997-04-02,9999-01-01
430935,Irene,Syrotiuk,Engineer,1996-12-29,1999-09-23
430946,Gianluca,Werthner,Staff,1996-05-13,9999-01-01
430959,Supot,Heuser,Staff,1999-05-29,9999-01-01
430968,Guttorm,Sgarro,Senior Staff,1998-12-28,9999-01-01
430968,Guttorm,Sgarro,Staff,1990-12-28,1998-12-28
430991,Magdalena,Serre,Technique Leader,1992-06-11,9999-01-01
431023,Baoqiu,Billingsley,Engineer,1986-11-06,1992-11-05
431023,Baoqiu,Billingsley,Senior Engineer,1992-11-05,9999-01-01
431026,Guiseppe,Jakobus,Senior Staff,2002-01-10,9999-01-01
431026,Guiseppe,Jakobus,Staff,1996-01-11,2002-01-10
431045,Make,Wuwongse,Engineer,1996-05-26,9999-01-01
431049,Gila,Fontan,Senior Staff,2001-05-08,9999-01-01
431049,Gila,Fontan,Staff,1996-05-08,2001-05-08
431092,Arunachalam,Monarch,Senior Engineer,1998-11-16,9999-01-01
431107,Valter,Kusakabe,Engineer,1990-09-08,1994-01-23
431123,Wanqing,Nitsch,Engineer,1990-02-02,1991-09-30
431129,Demin,Gien,Senior Staff,1990-01-12,9999-01-01
431131,Hein,Validov,Technique Leader,1999-03-31,9999-01-01
431138,Menkae,Gelosh,Engineer,1991-03-08,1998-03-08
431138,Menkae,Gelosh,Senior Engineer,1998-03-08,9999-01-01
431141,Arno,Pavlopoulou,Assistant Engineer,1990-11-09,1998-11-09
431141,Arno,Pavlopoulou,Engineer,1998-11-09,9999-01-01
431162,Vishu,Mundy,Staff,1989-03-23,1991-04-07
431211,Waiman,Madeira,Senior Staff,1994-08-09,9999-01-01
431211,Waiman,Madeira,Staff,1988-08-09,1994-08-09
431217,Yefim,Boyle,Staff,1998-09-07,9999-01-01
431246,Masasuke,Bashian,Engineer,1999-06-04,9999-01-01
431263,Xiaoshan,Heping,Senior Engineer,1992-09-19,1995-02-15
431265,Volkmar,Anick,Engineer,1996-09-18,9999-01-01
431274,Weijing,Schicker,Assistant Engineer,1998-07-20,9999-01-01
431275,Franziska,Chimia,Engineer,1995-09-27,9999-01-01
431283,Zengping,Walstra,Engineer,1996-03-22,2000-07-28
431290,Toshimori,Sambasivam,Senior Staff,1985-11-23,1999-06-06
431297,Shen,Muchinsky,Staff,1987-12-29,1988-09-07
431299,Miomir,Besancenot,Senior Staff,1997-05-01,9999-01-01
431299,Miomir,Besancenot,Staff,1991-05-02,1997-05-01
431308,Lunjin,Birge,Senior Staff,1995-06-30,9999-01-01
431308,Lunjin,Birge,Staff,1987-06-30,1995-06-30
431341,Tooru,Hedayat,Engineer,1991-10-26,1995-05-06
431356,Maik,Kalafatis,Engineer,1992-12-24,2001-12-24
431356,Maik,Kalafatis,Senior Engineer,2001-12-24,9999-01-01
431392,Persi,Roisin,Engineer,1989-05-19,1998-05-19
431392,Persi,Roisin,Senior Engineer,1998-05-19,9999-01-01
431417,Fumiyo,Ebeling,Technique Leader,1985-05-03,9999-01-01
431456,Kayoko,Swen,Staff,1995-06-06,1999-08-28
431462,Yishay,Prochazka,Engineer,2000-01-15,9999-01-01
431472,Qingxiang,Brookman,Senior Staff,1993-02-09,9999-01-01
431535,Qunsheng,Chaudhuri,Engineer,1997-05-25,9999-01-01
431546,Haldun,Bondorf,Staff,1995-09-15,1998-01-02
431605,Zhensheng,Rosch,Senior Staff,1997-03-20,9999-01-01
431605,Zhensheng,Rosch,Staff,1992-03-20,1997-03-20
431619,Mario,Socorro,Engineer,1999-02-08,9999-01-01
431623,Luigi,Carrera,Engineer,1989-12-01,1997-12-01
431623,Luigi,Carrera,Senior Engineer,1997-12-01,9999-01-01
431652,Tua,Gulla,Senior Staff,1986-09-28,9999-01-01
431683,Vivian,Khalil,Senior Staff,2001-04-14,9999-01-01
431683,Vivian,Khalil,Staff,1996-04-14,2001-04-14
431715,Boutros,Douceur,Assistant Engineer,1998-03-08,9999-01-01
431717,Josyula,Pargas,Engineer,1989-08-23,1997-08-23
431717,Josyula,Pargas,Senior Engineer,1997-08-23,9999-01-01
431719,Denis,Czaja,Engineer,1989-04-09,1996-04-09
431719,Denis,Czaja,Senior Engineer,1996-04-09,9999-01-01
431726,Tayeb,Slaats,Senior Staff,1997-11-02,9999-01-01
431726,Tayeb,Slaats,Staff,1988-11-02,1997-11-02
431733,Kazuhiko,Gecseg,Staff,1986-07-03,1989-04-08
431749,Gadiel,Frijda,Senior Staff,1998-07-21,9999-01-01
431749,Gadiel,Frijda,Staff,1989-07-21,1998-07-21
431763,Moni,Adachi,Senior Engineer,1996-05-24,9999-01-01
431783,Jaber,Sinitsyn,Engineer,1999-07-02,9999-01-01
431785,Stevo,Orsini,Engineer,1992-11-25,1998-11-25
431785,Stevo,Orsini,Senior Engineer,1998-11-25,9999-01-01
431788,Vishv,Rosay,Senior Staff,1995-02-27,9999-01-01
431788,Vishv,Rosay,Staff,1986-02-27,1995-02-27
431804,Hauke,Olivero,Staff,1996-07-22,9999-01-01
431835,Mantis,Berztiss,Senior Staff,2001-04-26,2001-08-06
431835,Mantis,Berztiss,Staff,1994-04-26,2001-04-26
431847,Oksana,Delgrange,Senior Engineer,1992-01-03,2000-03-07
431878,Emdad,Selvestrel,Senior Staff,1995-02-22,9999-01-01
431878,Emdad,Selvestrel,Staff,1986-02-22,1995-02-22
431905,Jinxi,Strooper,Engineer,1993-08-31,1993-11-06
431940,Krassimir,Demos,Engineer,1988-06-30,1997-06-30
431940,Krassimir,Demos,Senior Engineer,1997-06-30,9999-01-01
431977,Gil,Katiyar,Senior Engineer,1997-02-01,1998-05-02
431987,Jeanna,Picci,Engineer,1996-07-17,1998-03-24
431992,Aloys,Kugler,Senior Engineer,1998-02-28,9999-01-01
431998,Petter,Ranon,Senior Staff,1994-07-08,9999-01-01
431998,Petter,Ranon,Staff,1989-07-08,1994-07-08
431999,Georgy,Wolniewicz,Staff,1995-09-27,9999-01-01
432011,Perla,Neimat,Engineer,1986-04-19,1994-04-19
432011,Perla,Neimat,Senior Engineer,1994-04-19,9999-01-01
432057,Henk,Hellwagner,Staff,1998-05-31,9999-01-01
432067,Chuanti,Strandh,Engineer,1985-03-06,1992-03-06
432067,Chuanti,Strandh,Senior Engineer,1992-03-06,1994-10-17
432072,Wojceich,Taneja,Engineer,1992-08-31,1994-03-16
432095,Magdalena,Eppinger,Engineer,1990-09-18,1998-09-18
432095,Magdalena,Eppinger,Senior Engineer,1998-09-18,9999-01-01
432112,Kien,Riesenhuber,Engineer,1998-09-05,9999-01-01
432113,Hideo,Rassart,Senior Engineer,1993-03-29,9999-01-01
432166,Rosella,Gerlach,Senior Staff,1999-10-23,9999-01-01
432166,Rosella,Gerlach,Staff,1992-10-22,1999-10-23
432201,Xiaoheng,Swen,Senior Staff,1994-08-14,9999-01-01
432201,Xiaoheng,Swen,Staff,1986-08-14,1994-08-14
432231,Zhonghui,Cronin,Staff,1992-03-30,1996-08-11
432232,Gil,Nittel,Staff,1996-10-24,9999-01-01
432244,Rosita,Georgakopoulos,Senior Engineer,1993-04-24,9999-01-01
432249,Rimon,Kaiser,Staff,1998-11-22,9999-01-01
432251,Tsutomu,Valette,Engineer,1996-10-08,9999-01-01
432265,Guttorm,Kalafatis,Engineer,1993-02-10,2002-02-10
432265,Guttorm,Kalafatis,Senior Engineer,2002-02-10,9999-01-01
432285,Sajjan,Stamatiou,Senior Engineer,1996-02-07,9999-01-01
432309,Deborah,Meriste,Engineer,1999-02-12,9999-01-01
432343,Miquel,Hanratty,Staff,1995-12-14,9999-01-01
432368,Chinya,Rosca,Senior Staff,2001-05-22,9999-01-01
432368,Chinya,Rosca,Staff,1994-05-22,2001-05-22
432373,Kiyokazu,Casperson,Senior Staff,2000-11-09,9999-01-01
432373,Kiyokazu,Casperson,Staff,1995-11-10,2000-11-09
432379,Owen,Garnier,Engineer,1995-11-15,9999-01-01
432383,Tuval,Bashian,Engineer,1988-08-24,1995-08-25
432383,Tuval,Bashian,Senior Engineer,1995-08-25,9999-01-01
432403,Elrique,Schapire,Senior Staff,1997-02-21,9999-01-01
432403,Elrique,Schapire,Staff,1992-02-22,1997-02-21
432410,Gurbir,Tzvieli,Engineer,1996-05-09,9999-01-01
432415,Lidong,Suermann,Engineer,1998-07-09,9999-01-01
432416,Shuho,Litecky,Assistant Engineer,1994-01-09,2001-01-09
432416,Shuho,Litecky,Engineer,2001-01-09,9999-01-01
432430,Odoardo,Byoun,Senior Engineer,1993-12-26,9999-01-01
432438,Ugo,Jeansoulin,Staff,1996-07-07,9999-01-01
432456,Kiyokazu,Puppe,Engineer,1989-12-01,1995-12-01
432456,Kiyokazu,Puppe,Senior Engineer,1995-12-01,9999-01-01
432465,Van,Servi,Senior Staff,1998-12-24,9999-01-01
432465,Van,Servi,Staff,1989-12-24,1998-12-24
432480,Shaowei,Conti,Engineer,1993-06-01,2002-06-01
432480,Shaowei,Conti,Senior Engineer,2002-06-01,9999-01-01
432491,Luerbio,Asrin,Staff,1998-08-20,9999-01-01
432521,Shigenori,Lunt,Staff,1996-03-12,1999-09-16
432539,Adam,Krohn,Senior Engineer,1997-08-14,9999-01-01
432563,Keiichiro,Fabrizio,Engineer,1991-06-24,2000-06-23
432563,Keiichiro,Fabrizio,Senior Engineer,2000-06-23,9999-01-01
432569,Richard,Schapiro,Engineer,1989-07-27,1998-07-27
432569,Richard,Schapiro,Senior Engineer,1998-07-27,9999-01-01
432576,Lansing,Manderick,Assistant Engineer,1991-04-06,1996-04-05
432576,Lansing,Manderick,Engineer,1996-04-05,2001-04-05
432576,Lansing,Manderick,Senior Engineer,2001-04-05,9999-01-01
432615,Honesty,Meriste,Engineer,1989-06-11,1996-06-11
432615,Honesty,Meriste,Senior Engineer,1996-06-11,9999-01-01
432619,Ipke,Pews,Senior Staff,1991-03-02,9999-01-01
432619,Ipke,Pews,Staff,1986-03-02,1991-03-02
432638,Seshu,Zambonelli,Engineer,1996-04-29,9999-01-01
432677,Gift,Ventosa,Senior Staff,1996-03-11,1998-11-25
432677,Gift,Ventosa,Staff,1991-03-12,1996-03-11
432688,Boguslaw,Lanzelotte,Engineer,1996-09-29,9999-01-01
432690,Yurii,Swab,Engineer,1999-07-12,9999-01-01
432694,Satoru,Khalid,Senior Staff,1992-11-29,9999-01-01
432732,Khosrow,Kolvik,Technique Leader,1991-01-09,9999-01-01
432740,Nahid,Srimani,Engineer,1999-04-11,9999-01-01
432742,Jianhao,Rosar,Engineer,1996-06-02,2002-06-02
432742,Jianhao,Rosar,Senior Engineer,2002-06-02,9999-01-01
432768,Jiang,Flowers,Staff,1996-04-01,9999-01-01
432777,Paddy,Schlumberger,Engineer,1995-07-15,2001-07-14
432777,Paddy,Schlumberger,Senior Engineer,2001-07-14,9999-01-01
432778,Yuuichi,Serdy,Staff,1987-10-01,1990-01-24
432822,Unal,Speek,Senior Staff,1996-09-05,9999-01-01
432823,Percy,Marwedel,Assistant Engineer,1999-10-15,9999-01-01
432835,Yucel,Genther,Engineer,1999-04-19,9999-01-01
432843,Xiahua,Ciolek,Assistant Engineer,1989-03-25,1995-03-25
432843,Xiahua,Ciolek,Engineer,1995-03-25,2001-03-24
432843,Xiahua,Ciolek,Senior Engineer,2001-03-24,9999-01-01
432844,Arnd,Matzel,Senior Staff,1995-08-11,9999-01-01
432864,Achilleas,Bernardeschi,Senior Staff,1998-03-31,9999-01-01
432867,Udo,Wegerle,Engineer,1999-11-17,2002-02-02
432889,Danae,Beznosov,Staff,1990-10-15,1992-01-04
432902,Bedir,Trelles,Staff,1996-07-18,9999-01-01
432905,Gad,Streng,Senior Staff,2001-02-21,9999-01-01
432905,Gad,Streng,Staff,1996-02-22,2001-02-21
432911,Djenana,Soloway,Engineer,1997-09-24,9999-01-01
432917,Sumali,Bressoud,Engineer,1987-07-24,1995-07-24
432917,Sumali,Bressoud,Senior Engineer,1995-07-24,9999-01-01
432927,Basil,Gopalakrishnan,Senior Engineer,1989-12-26,9999-01-01
432932,Tayeb,Koyama,Engineer,1997-06-03,9999-01-01
432936,Youjian,Lamma,Technique Leader,1986-09-29,9999-01-01
432938,Sugwoo,Maierhofer,Senior Engineer,1990-09-27,9999-01-01
432951,Aruna,Rosenbaum,Engineer,1991-09-28,1996-09-27
432951,Aruna,Rosenbaum,Senior Engineer,1996-09-27,9999-01-01
432964,Padma,Burnard,Staff,1997-08-14,9999-01-01
432993,Abdelghani,Matzen,Senior Staff,1996-09-07,9999-01-01
432993,Abdelghani,Matzen,Staff,1990-09-08,1996-09-07
433019,Aron,Borovoy,Staff,1999-03-29,9999-01-01
433037,Anyuan,Peak,Engineer,1989-05-23,1995-05-23
433037,Anyuan,Peak,Senior Engineer,1995-05-23,9999-01-01
433048,Pragnesh,Puoti,Engineer,1993-01-29,2001-01-29
433048,Pragnesh,Puoti,Senior Engineer,2001-01-29,9999-01-01
433092,Akeno,Norsworthy,Engineer,1985-06-27,1992-06-27
433092,Akeno,Norsworthy,Senior Engineer,1992-06-27,9999-01-01
433097,Jouni,Sambasivam,Engineer,1992-06-19,2001-06-19
433097,Jouni,Sambasivam,Senior Engineer,2001-06-19,9999-01-01
433108,Van,Thibadeau,Assistant Engineer,1992-09-03,2000-09-03
433108,Van,Thibadeau,Engineer,2000-09-03,9999-01-01
433114,Mechthild,Senzako,Engineer,1989-09-28,1996-09-28
433114,Mechthild,Senzako,Senior Engineer,1996-09-28,9999-01-01
433125,Florina,Comellas,Staff,1996-02-29,9999-01-01
433164,Masato,Ernst,Staff,1994-02-18,1999-09-24
433181,Kotesh,Verhaegen,Staff,1997-09-15,9999-01-01
433183,Lalit,Wolniewicz,Engineer,1986-06-07,1992-06-06
433183,Lalit,Wolniewicz,Senior Engineer,1992-06-06,9999-01-01
433206,Conor,Flowers,Senior Staff,1996-05-26,9999-01-01
433206,Conor,Flowers,Staff,1989-05-26,1996-05-26
433212,Gererd,Bierman,Senior Staff,1998-04-06,9999-01-01
433234,Unal,Showalter,Senior Engineer,1992-07-10,9999-01-01
433236,Shietung,Jayawardene,Staff,1999-11-27,9999-01-01
433272,Ymte,Randi,Engineer,1986-10-29,1992-10-28
433272,Ymte,Randi,Senior Engineer,1992-10-28,9999-01-01
433288,Yuping,Michaeli,Engineer,1990-04-12,1996-04-11
433288,Yuping,Michaeli,Senior Engineer,1996-04-11,9999-01-01
433291,Gor,Randi,Staff,1999-07-05,9999-01-01
433330,Nahla,Trumbly,Assistant Engineer,1997-07-16,9999-01-01
433335,Bernd,Shackel,Senior Staff,2001-11-19,9999-01-01
433335,Bernd,Shackel,Staff,1993-11-19,2001-11-19
433354,Kamakshi,Zambonelli,Senior Staff,1988-06-21,9999-01-01
433361,Yoshinari,Atrawala,Senior Staff,1997-03-06,1999-01-13
433361,Yoshinari,Atrawala,Staff,1991-03-07,1997-03-06
433461,Dipankar,Kornatzky,Engineer,1995-12-21,9999-01-01
433489,Pranjal,Bahi,Senior Staff,1993-11-15,9999-01-01
433517,Anestis,Gips,Engineer,1997-11-06,9999-01-01
433518,Emdad,Erie,Engineer,1989-11-10,1998-11-10
433518,Emdad,Erie,Senior Engineer,1998-11-10,9999-01-01
433527,Marit,Collette,Engineer,1993-05-17,1998-05-17
433527,Marit,Collette,Senior Engineer,1998-05-17,9999-01-01
433545,Gen,Perfilyeva,Senior Staff,1993-01-22,9999-01-01
433548,Morris,Bale,Senior Engineer,1996-08-16,1999-07-14
433549,Ashish,Fontan,Engineer,1986-06-30,1995-06-30
433549,Ashish,Fontan,Senior Engineer,1995-06-30,9999-01-01
433554,Saddek,Jumpertz,Staff,1997-10-21,9999-01-01
433565,Erez,Kranzdorf,Senior Engineer,1998-03-05,9999-01-01
433568,Oscal,Knightly,Technique Leader,1993-02-09,9999-01-01
433574,Selwyn,Chleq,Engineer,1985-07-25,1993-07-25
433574,Selwyn,Chleq,Senior Engineer,1993-07-25,1997-03-21
433580,Gritta,Percebois,Staff,1999-03-28,9999-01-01
433582,Mandell,Sidje,Technique Leader,1988-01-11,9999-01-01
433609,Mayumi,Crooks,Senior Staff,2001-10-30,9999-01-01
433609,Mayumi,Crooks,Staff,1993-10-31,2001-10-30
433610,Jinpo,Schmittgen,Senior Staff,1997-09-06,9999-01-01
433610,Jinpo,Schmittgen,Staff,1988-09-06,1997-09-06
433612,Otilia,Denos,Technique Leader,1988-04-21,9999-01-01
433620,Yishay,Menhardt,Technique Leader,1986-06-05,9999-01-01
433622,Maik,Zedlitz,Senior Staff,1985-03-17,9999-01-01
433642,Zhiguo,Kaminger,Senior Staff,1998-04-13,9999-01-01
433642,Zhiguo,Kaminger,Staff,1989-04-13,1998-04-13
433653,Ottavia,Gustavson,Engineer,1987-03-13,1996-03-12
433653,Ottavia,Gustavson,Senior Engineer,1996-03-12,9999-01-01
433655,Xiadong,Comellas,Engineer,1987-06-05,1995-06-05
433655,Xiadong,Comellas,Senior Engineer,1995-06-05,1995-07-16
433686,Kwangyoen,Katalagarianos,Staff,1997-01-08,1998-08-07
433703,Guenter,Halloran,Engineer,1986-01-07,1992-01-07
433703,Guenter,Halloran,Senior Engineer,1992-01-07,9999-01-01
433712,Hideyuki,DiGiano,Engineer,1998-11-04,2002-06-23
433731,Serif,Salvesen,Staff,1998-12-25,9999-01-01
433739,Sadun,Pena,Senior Staff,1994-03-18,9999-01-01
433739,Sadun,Pena,Staff,1989-03-18,1994-03-18
433751,Gao,Ermel,Engineer,1997-11-24,9999-01-01
433771,Navid,Kisuki,Senior Staff,2002-04-21,9999-01-01
433771,Navid,Kisuki,Staff,1994-04-21,2002-04-21
433793,Kwun,Restivo,Engineer,1999-01-22,9999-01-01
433797,Aris,Slutz,Engineer,1985-06-19,1991-06-19
433797,Aris,Slutz,Senior Engineer,1991-06-19,9999-01-01
433806,Conor,Hmelo,Senior Staff,1992-01-04,9999-01-01
433806,Conor,Hmelo,Staff,1986-01-04,1992-01-04
433836,Satyanarayana,Xiaoshan,Engineer,1985-05-30,1994-05-30
433836,Satyanarayana,Xiaoshan,Senior Engineer,1994-05-30,9999-01-01
433851,Rimli,Peot,Senior Staff,1988-07-27,9999-01-01
433856,Hugo,Gaughan,Engineer,1994-10-11,9999-01-01
433864,Jenwei,Murthy,Senior Staff,2000-05-24,9999-01-01
433864,Jenwei,Murthy,Staff,1991-05-25,2000-05-24
433894,Zongyan,Perelgut,Staff,1990-01-15,1991-09-08
433909,Sham,Gladwell,Senior Staff,2002-04-08,9999-01-01
433909,Sham,Gladwell,Staff,1997-04-08,2002-04-08
433933,Abdelkader,Asrin,Senior Staff,1993-09-17,9999-01-01
433933,Abdelkader,Asrin,Staff,1986-09-17,1993-09-17
433935,Shih,Kalloufi,Senior Staff,1996-08-15,9999-01-01
433935,Shih,Kalloufi,Staff,1989-08-15,1996-08-15
433942,Jasminko,Prenel,Senior Staff,1997-02-06,9999-01-01
433942,Jasminko,Prenel,Staff,1992-02-07,1997-02-06
433960,Utpal,Kruskal,Engineer,1986-02-17,1992-02-17
433960,Utpal,Kruskal,Senior Engineer,1992-02-17,9999-01-01
433974,Hilari,Lichtner,Engineer,1986-06-19,1991-06-19
433974,Hilari,Lichtner,Senior Engineer,1991-06-19,1994-09-15
433988,Stein,Noriega,Engineer,2000-01-20,9999-01-01
434005,Gaetan,Guerreiro,Senior Staff,1996-12-13,9999-01-01
434005,Gaetan,Guerreiro,Staff,1988-12-13,1996-12-13
434015,Mohamadou,Koshiba,Engineer,1998-04-25,9999-01-01
434021,Hauke,Shihab,Engineer,1998-04-13,9999-01-01
434039,Tommaso,Snyers,Technique Leader,1986-02-26,1996-03-21
434064,Tommaso,Zumaque,Senior Staff,1992-01-14,9999-01-01
434064,Tommaso,Zumaque,Staff,1987-01-14,1992-01-14
434090,Slavian,Barbanera,Technique Leader,1999-02-07,9999-01-01
434091,Vasiliy,Tempesti,Assistant Engineer,1985-09-29,1991-09-29
434091,Vasiliy,Tempesti,Engineer,1991-09-29,1997-09-28
434091,Vasiliy,Tempesti,Senior Engineer,1997-09-28,9999-01-01
434100,Masali,Munawer,Technique Leader,1993-03-07,9999-01-01
434104,Fumitaka,Hambrick,Senior Engineer,1999-11-12,9999-01-01
434118,Roded,Baalen,Engineer,1992-08-23,2001-01-11
434127,Aram,Heiserman,Staff,1985-08-17,1989-03-28
434145,Franziska,Kleiser,Senior Staff,1996-06-30,9999-01-01
434148,Mara,Denos,Engineer,1990-11-27,1997-11-27
434148,Mara,Denos,Senior Engineer,1997-11-27,9999-01-01
434268,Sadok,Pulkowski,Engineer,1998-01-03,1999-11-24
434296,Xiping,Cichocki,Engineer,1998-09-30,9999-01-01
434324,Nathan,Smailagic,Assistant Engineer,1989-05-19,1997-05-19
434324,Nathan,Smailagic,Engineer,1997-05-19,9999-01-01
434336,Paraskevi,Ghemri,Senior Staff,2002-05-31,9999-01-01
434336,Paraskevi,Ghemri,Staff,1995-05-31,2002-05-31
434387,Lijie,Decleir,Senior Staff,1994-10-25,9999-01-01
434387,Lijie,Decleir,Staff,1985-10-25,1994-10-25
434397,Naraig,Uehara,Engineer,1991-09-13,2000-09-12
434397,Naraig,Uehara,Senior Engineer,2000-09-12,9999-01-01
434398,Jiann,Heering,Engineer,1991-05-14,1992-12-28
434405,Leni,Imataki,Senior Staff,2001-08-20,9999-01-01
434405,Leni,Imataki,Staff,1995-08-21,2001-08-20
434407,Eric,Vakili,Engineer,1990-09-06,1991-08-30
434425,Martijn,Klyachko,Engineer,1994-11-19,2000-01-09
434435,Takushi,Attimonelli,Engineer,1998-09-22,9999-01-01
434443,Hugo,Kampfer,Engineer,1996-01-24,9999-01-01
434455,Yoshimitsu,Farrow,Staff,1998-02-06,9999-01-01
434468,Munehiko,Ullian,Senior Staff,1993-12-23,1996-03-01
434468,Munehiko,Ullian,Staff,1986-12-23,1993-12-23
434471,Arvind,Kriebel,Senior Staff,1991-07-21,9999-01-01
434471,Arvind,Kriebel,Staff,1985-07-21,1991-07-21
434480,Bader,Pavlopoulou,Senior Staff,1999-09-17,9999-01-01
434480,Bader,Pavlopoulou,Staff,1994-09-17,1999-09-17
434499,Stamatina,Hutton,Senior Staff,1987-04-03,1996-04-22
434538,Bokyung,Gimarc,Senior Staff,1998-03-30,9999-01-01
434538,Bokyung,Gimarc,Staff,1992-03-30,1998-03-30
434559,Jaques,Godskesen,Engineer,1996-06-14,9999-01-01
434584,Kazuhito,Bellmore,Engineer,1994-12-24,2001-12-24
434584,Kazuhito,Bellmore,Senior Engineer,2001-12-24,9999-01-01
434589,Faiza,Kalafatis,Senior Engineer,1990-06-26,1993-06-25
434594,Godehard,Lupu,Engineer,2000-01-19,9999-01-01
434599,Adly,Chvatal,Senior Staff,1992-01-05,1994-06-15
434599,Adly,Chvatal,Staff,1987-01-05,1992-01-05
434609,Sibyl,Vesel,Staff,1999-04-02,9999-01-01
434612,Alselm,Schrooten,Staff,1996-01-22,1999-05-07
434625,Pranay,Itzfeldt,Engineer,1993-10-27,1998-10-26
434625,Pranay,Itzfeldt,Senior Engineer,1998-10-26,9999-01-01
434635,Ranan,Azevdeo,Staff,1997-02-06,1997-10-13
434656,Adas,Bellone,Senior Staff,1995-05-08,9999-01-01
434668,Mabry,Cannard,Engineer,1986-07-01,1991-02-09
434678,Ipke,Yamaashi,Engineer,1989-08-28,1996-08-28
434678,Ipke,Yamaashi,Senior Engineer,1996-08-28,9999-01-01
434693,Yuqun,Krzyzanowski,Staff,1999-12-02,2001-11-26
434696,Bader,Rosti,Senior Staff,1991-04-25,9999-01-01
434696,Bader,Rosti,Staff,1985-04-25,1991-04-25
434698,Marek,Preusig,Senior Staff,1997-08-23,9999-01-01
434698,Marek,Preusig,Staff,1990-08-23,1997-08-23
434720,Heekeun,Kakkar,Engineer,1988-03-02,1995-03-03
434720,Heekeun,Kakkar,Senior Engineer,1995-03-03,2001-12-26
434731,Saeed,Apsitis,Senior Staff,2000-06-06,9999-01-01
434731,Saeed,Apsitis,Staff,1994-06-07,2000-06-06
434733,Dekang,Rosti,Senior Staff,1996-10-21,9999-01-01
434733,Dekang,Rosti,Staff,1987-10-22,1996-10-21
434746,Premal,Murillo,Engineer,1997-04-30,9999-01-01
434755,Bernardo,Sudkamp,Senior Engineer,1991-04-22,9999-01-01
434757,Marke,Tsukune,Senior Engineer,1992-07-23,9999-01-01
434767,Arunas,Linnainmaa,Engineer,1995-04-23,2000-04-22
434767,Arunas,Linnainmaa,Senior Engineer,2000-04-22,9999-01-01
434774,Inderjeet,Qiwen,Staff,1994-10-20,1994-10-24
434783,Xiaoqiu,Kamble,Engineer,1994-07-21,9999-01-01
434796,Shih,Chenoweth,Engineer,1991-03-05,2000-03-04
434796,Shih,Chenoweth,Senior Engineer,2000-03-04,9999-01-01
434812,Vishwani,Yoshimura,Senior Staff,2000-10-25,9999-01-01
434812,Vishwani,Yoshimura,Staff,1992-10-25,2000-10-25
434819,Duke,Legleitner,Staff,1997-04-22,9999-01-01
434829,Kirk,Beilner,Engineer,1997-07-01,9999-01-01
434849,Christoper,Chinen,Staff,1997-08-13,9999-01-01
434852,Lunjin,Erbe,Engineer,1999-03-09,2000-05-15
434882,Heping,Salverda,Senior Engineer,1995-11-29,9999-01-01
434894,Morrie,Cyne,Staff,1995-07-18,9999-01-01
434897,Shalesh,Vuskovic,Engineer,1988-02-16,1993-02-15
434897,Shalesh,Vuskovic,Senior Engineer,1993-02-15,9999-01-01
434906,Aral,Koshino,Senior Engineer,1988-09-02,1999-02-17
434914,Augustine,Swift,Senior Staff,1999-04-30,9999-01-01
434914,Augustine,Swift,Staff,1993-04-30,1999-04-30
434935,Alain,Hebert,Senior Staff,1994-03-18,9999-01-01
434951,Valery,Hanabata,Senior Staff,1995-09-14,9999-01-01
434951,Valery,Hanabata,Staff,1990-09-14,1995-09-14
434959,Geoffry,Aloia,Staff,1993-08-10,1994-09-18
434960,Indrajit,Shinomoto,Staff,1998-06-25,9999-01-01
434963,Herb,Ligten,Senior Staff,2000-01-29,9999-01-01
434963,Herb,Ligten,Staff,1991-01-29,2000-01-29
434969,Deniz,Murtafg,Engineer,1990-04-27,1996-04-26
434969,Deniz,Murtafg,Senior Engineer,1996-04-26,9999-01-01
435001,Aiichiro,Niizuma,Senior Staff,1995-11-14,9999-01-01
435001,Aiichiro,Niizuma,Staff,1989-11-14,1995-11-14
435011,Shahar,Biros,Staff,1986-02-09,1987-09-09
435028,Mostafa,Chinen,Technique Leader,1992-04-13,9999-01-01
435031,DAIDA,Tanemo,Staff,1998-05-06,9999-01-01
435054,Jinya,Oppitz,Engineer,1991-02-16,2000-02-16
435054,Jinya,Oppitz,Senior Engineer,2000-02-16,9999-01-01
435056,Mack,Simkin,Staff,1996-09-06,9999-01-01
435062,Arun,Axelband,Senior Staff,2001-11-18,9999-01-01
435062,Arun,Axelband,Staff,1996-11-18,2001-11-18
435069,Gaurav,Sevcikova,Senior Staff,2001-01-16,9999-01-01
435069,Gaurav,Sevcikova,Staff,1996-01-17,2001-01-16
435083,Kazuhiro,Geffroy,Engineer,1995-09-25,9999-01-01
435129,Christoph,Strooper,Senior Staff,1990-04-17,9999-01-01
435134,Zhenbing,Bahl,Engineer,1996-04-27,9999-01-01
435157,Hsiangchu,Kilgour,Senior Engineer,1988-06-20,9999-01-01
435186,Masami,Murtha,Senior Staff,2002-06-20,9999-01-01
435186,Masami,Murtha,Staff,1997-06-20,2002-06-20
435188,Moon,Waymire,Staff,1988-10-07,1990-02-23
435194,Hausi,Cronan,Senior Staff,1991-08-06,9999-01-01
435194,Hausi,Cronan,Staff,1986-08-06,1991-08-06
435245,Christoph,Coullard,Engineer,1986-01-05,1993-01-05
435245,Christoph,Coullard,Senior Engineer,1993-01-05,9999-01-01
435251,Pranav,Iacovou,Staff,1994-10-25,1996-03-21
435254,Mohamadou,Schmiedel,Staff,1999-09-14,9999-01-01
435256,Kitty,Varley,Senior Engineer,1991-09-15,9999-01-01
435280,Weiwu,Falco,Assistant Engineer,1992-02-28,1993-05-12
435285,Caolyn,Birch,Senior Staff,2001-09-09,9999-01-01
435285,Caolyn,Birch,Staff,1992-09-09,2001-09-09
435292,Bowen,Bain,Senior Staff,1996-02-28,9999-01-01
435292,Bowen,Bain,Staff,1989-02-27,1996-02-28
435295,Arie,Openshaw,Senior Staff,1994-11-01,9999-01-01
435332,Amalendu,Noriega,Engineer,1992-02-25,1993-08-26
435344,Baziley,Thiria,Engineer,1995-02-05,9999-01-01
435349,Shahab,Kadhim,Staff,1997-03-21,1998-05-05
435351,Behnaam,Nergos,Assistant Engineer,1987-12-11,1996-12-10
435351,Behnaam,Nergos,Engineer,1996-12-10,9999-01-01
435352,Shin,Gerteisen,Senior Staff,1986-07-18,9999-01-01
435353,Kensei,Verhaegen,Engineer,1989-10-05,1994-10-05
435353,Kensei,Verhaegen,Senior Engineer,1994-10-05,9999-01-01
435376,Shaunak,Hambrick,Staff,1994-10-04,9999-01-01
435378,Mong,Nilsson,Senior Engineer,1993-03-26,9999-01-01
435386,Alois,Kavvadias,Staff,1998-07-16,9999-01-01
435398,Mori,Passino,Engineer,1987-10-31,1992-10-30
435398,Mori,Passino,Senior Engineer,1992-10-30,9999-01-01
435422,Make,Tokunaga,Senior Staff,1992-05-08,9999-01-01
435422,Make,Tokunaga,Staff,1986-05-09,1992-05-08
435430,Sibyl,Heinisuo,Senior Staff,1995-11-29,9999-01-01
435430,Sibyl,Heinisuo,Staff,1988-11-28,1995-11-29
435438,Qiwen,Erman,Senior Staff,1996-09-25,9999-01-01
435438,Qiwen,Erman,Staff,1987-09-26,1996-09-25
435440,Bernt,Straney,Engineer,1987-12-02,1993-12-01
435440,Bernt,Straney,Senior Engineer,1993-12-01,1996-03-19
435443,Kwangsub,Manders,Engineer,1992-03-17,2000-03-17
435443,Kwangsub,Manders,Senior Engineer,2000-03-17,9999-01-01
435447,JoAnna,Oppitz,Senior Engineer,1999-10-15,9999-01-01
435448,Guangming,Lung,Engineer,1989-03-07,1995-03-07
435448,Guangming,Lung,Senior Engineer,1995-03-07,1999-07-31
435464,Mountaz,Undy,Senior Engineer,1995-10-18,9999-01-01
435466,Tommaso,Shiratori,Engineer,1985-11-12,1992-03-09
435468,Marlo,Trelles,Senior Staff,1988-04-01,9999-01-01
435471,Marsal,Fiebach,Staff,1999-11-01,9999-01-01
435487,Berhard,Adachi,Senior Engineer,1998-11-30,9999-01-01
435506,Herb,Kopetz,Senior Staff,1987-05-02,9999-01-01
435516,Hongzhu,Passafiume,Staff,1999-03-19,9999-01-01
435520,Tua,Pluym,Senior Staff,1992-02-23,9999-01-01
435520,Tua,Pluym,Staff,1986-02-23,1992-02-23
435525,Przemyslawa,Cronau,Engineer,1986-09-30,1992-09-29
435525,Przemyslawa,Cronau,Senior Engineer,1992-09-29,1996-02-23
435532,Froduald,Koblick,Senior Staff,1994-06-22,9999-01-01
435547,Renee,Kaelbling,Staff,1998-02-28,9999-01-01
435548,Tadahiro,Ballarin,Senior Staff,1987-03-17,1987-08-28
435600,Debatosh,Jayawardene,Senior Staff,1991-01-07,9999-01-01
435621,Serif,Chiodo,Engineer,1992-11-28,2000-11-28
435621,Serif,Chiodo,Senior Engineer,2000-11-28,9999-01-01
435622,Prodip,Crabtree,Staff,1991-05-01,1995-10-13
435626,Yinlin,Rando,Assistant Engineer,1987-08-26,1994-08-26
435626,Yinlin,Rando,Engineer,1994-08-26,2001-08-26
435626,Yinlin,Rando,Senior Engineer,2001-08-26,9999-01-01
435629,Keiichiro,Foote,Senior Staff,1992-04-01,9999-01-01
435629,Keiichiro,Foote,Staff,1987-04-02,1992-04-01
435644,Branimir,Pettey,Senior Engineer,1997-06-05,1999-07-29
435663,Jaber,Chenoweth,Technique Leader,1999-08-02,9999-01-01
435671,Valery,Stemann,Assistant Engineer,1995-07-19,9999-01-01
435677,Keung,Eickenmeyer,Senior Staff,1995-10-14,9999-01-01
435677,Keung,Eickenmeyer,Staff,1989-10-14,1995-10-14
435695,Bikash,Rosenbaum,Senior Staff,1999-01-14,9999-01-01
435695,Bikash,Rosenbaum,Staff,1990-01-14,1999-01-14
435730,Kazunori,Zumaque,Staff,1996-01-06,2001-11-01
435740,Fan,Vrecion,Technique Leader,1995-01-25,9999-01-01
435750,Arco,Belinskaya,Engineer,1989-10-31,1998-10-31
435750,Arco,Belinskaya,Senior Engineer,1998-10-31,9999-01-01
435762,Douadi,Guenter,Senior Staff,1997-06-24,9999-01-01
435762,Douadi,Guenter,Staff,1989-06-24,1997-06-24
435768,Kolar,Bardell,Assistant Engineer,1990-07-29,1998-07-29
435768,Kolar,Bardell,Engineer,1998-07-29,9999-01-01
435779,Frederique,Andreotta,Engineer,1990-05-16,1999-05-16
435779,Frederique,Andreotta,Senior Engineer,1999-05-16,9999-01-01
435786,Moie,dAstous,Senior Staff,2001-09-17,9999-01-01
435786,Moie,dAstous,Staff,1994-09-17,2001-09-17
435795,Oscal,Hennebert,Senior Staff,1993-12-05,9999-01-01
435795,Oscal,Hennebert,Staff,1986-12-05,1993-12-05
435796,Amalendu,Zschoche,Staff,1997-11-02,9999-01-01
435809,Xinyu,Schicker,Technique Leader,1995-02-06,9999-01-01
435826,Shaibal,Pettit,Engineer,1999-04-04,2000-05-05
435837,Zhongwei,England,Engineer,1999-01-15,9999-01-01
435840,Sudhanshu,Rettelbach,Engineer,1998-12-27,1999-07-15
435875,Phillip,Nishimukai,Engineer,1996-01-08,2002-01-07
435875,Phillip,Nishimukai,Senior Engineer,2002-01-07,9999-01-01
435876,Arno,Thebaut,Staff,1998-06-17,9999-01-01
435890,Bogdan,Demian,Engineer,1985-05-14,1993-05-14
435890,Bogdan,Demian,Senior Engineer,1993-05-14,9999-01-01
435892,Paraskevi,Cmelik,Senior Engineer,1998-08-15,9999-01-01
435894,Freyja,Koshiba,Senior Staff,1992-05-24,9999-01-01
435894,Freyja,Koshiba,Staff,1986-05-25,1992-05-24
435899,Tomoyuki,Speer,Engineer,1999-01-13,9999-01-01
435928,Matt,Murthy,Senior Staff,1994-07-13,9999-01-01
435934,DeForest,Luff,Staff,1995-01-19,1996-10-29
435948,Kwee,Boreale,Assistant Engineer,1989-08-30,1997-08-30
435948,Kwee,Boreale,Engineer,1997-08-30,9999-01-01
435954,Duro,Benzmuller,Technique Leader,1999-02-14,9999-01-01
435963,Shridhar,Kalsbeek,Staff,1998-11-06,9999-01-01
435978,Flemming,Iivonen,Engineer,1985-10-31,1987-07-23
436034,Hideyuki,Dratva,Engineer,1988-01-25,1989-10-21
436035,Arun,Hiltgen,Staff,1998-06-09,9999-01-01
436044,Mani,Schoegge,Technique Leader,1992-02-09,1997-01-08
436070,Taizo,Famili,Staff,1999-05-21,9999-01-01
436081,Jaideep,Whittlesey,Engineer,1997-07-13,9999-01-01
436084,Eben,Brodal,Senior Staff,1989-02-13,9999-01-01
436119,King,Simmen,Senior Staff,1994-08-03,9999-01-01
436119,King,Simmen,Staff,1987-08-03,1994-08-03
436161,Augustine,Conia,Engineer,1998-12-27,9999-01-01
436174,Collette,Speckmann,Technique Leader,1988-08-16,1991-03-08
436177,Weijing,Rikino,Technique Leader,1988-10-17,9999-01-01
436198,Moss,Roisin,Engineer,1994-07-12,2000-07-11
436198,Moss,Roisin,Senior Engineer,2000-07-11,9999-01-01
436208,Chiradeep,Parhami,Senior Staff,1999-01-15,9999-01-01
436208,Chiradeep,Parhami,Staff,1991-01-15,1999-01-15
436210,Chaitali,Mungall,Staff,1994-04-02,1998-07-15
436222,King,Zweizig,Senior Staff,1994-07-03,9999-01-01
436222,King,Zweizig,Staff,1987-07-03,1994-07-03
436235,Kshitij,Peng,Staff,1999-02-06,9999-01-01
436245,Gonzalo,Merey,Engineer,1990-03-06,1997-03-06
436245,Gonzalo,Merey,Senior Engineer,1997-03-06,9999-01-01
436246,Amabile,Tischendorf,Senior Staff,1997-10-14,9999-01-01
436246,Amabile,Tischendorf,Staff,1992-10-14,1997-10-14
436318,Mabhin,Ashish,Assistant Engineer,1987-09-11,1993-09-10
436318,Mabhin,Ashish,Engineer,1993-09-10,1999-09-10
436318,Mabhin,Ashish,Senior Engineer,1999-09-10,9999-01-01
436322,Jeane,Morrey,Senior Staff,1997-09-11,9999-01-01
436322,Jeane,Morrey,Staff,1988-09-11,1997-09-11
436333,Idoia,Ramsey,Senior Staff,1999-02-05,1999-08-30
436356,Poorav,Luef,Technique Leader,1992-03-12,9999-01-01
436357,Sukumar,Sigstam,Assistant Engineer,1995-09-28,9999-01-01
436409,Khue,Marrevee,Senior Staff,2000-08-08,9999-01-01
436409,Khue,Marrevee,Staff,1991-08-09,2000-08-08
436443,Seongbin,Vidal,Engineer,1990-03-03,1995-01-18
436460,Maha,Thorensen,Senior Staff,1999-04-24,9999-01-01
436460,Maha,Thorensen,Staff,1991-04-24,1999-04-24
436471,Kokou,Perz,Engineer,1991-04-15,1993-06-04
436511,Masoud,Pettey,Staff,1998-06-24,9999-01-01
436513,Khaled,Awdeh,Engineer,1994-11-13,9999-01-01
436527,Ugo,Muntz,Senior Staff,1993-09-22,9999-01-01
436527,Ugo,Muntz,Staff,1985-09-22,1993-09-22
436535,Kagan,Nitta,Senior Staff,1991-03-31,9999-01-01
436550,Florina,Perng,Engineer,1994-06-16,1999-06-16
436550,Florina,Perng,Senior Engineer,1999-06-16,9999-01-01
436559,Muzhong,Pusterhofer,Senior Staff,1993-04-14,9999-01-01
436559,Muzhong,Pusterhofer,Staff,1986-04-14,1993-04-14
436565,Hairong,Sgarro,Engineer,1996-06-12,2002-06-12
436565,Hairong,Sgarro,Senior Engineer,2002-06-12,9999-01-01
436569,Mechthild,Bazzichi,Assistant Engineer,1986-08-06,1994-08-06
436569,Mechthild,Bazzichi,Engineer,1994-08-06,9999-01-01
436618,Vitaly,Shrader,Engineer,1994-04-06,2000-06-06
436627,Josyula,Krzyzanowski,Engineer,1993-05-03,2000-05-03
436627,Josyula,Krzyzanowski,Senior Engineer,2000-05-03,9999-01-01
436650,Uta,Talmon,Senior Engineer,1989-02-03,1998-02-14
436661,Goa,Mitzlaff,Senior Staff,1995-01-11,9999-01-01
436661,Goa,Mitzlaff,Staff,1986-01-11,1995-01-11
436666,Mikhail,Conti,Staff,1993-02-09,1994-01-07
436668,Chuanyi,Lukaszewicz,Engineer,1991-07-14,1997-07-13
436668,Chuanyi,Lukaszewicz,Senior Engineer,1997-07-13,9999-01-01
436696,Bartek,Zielinski,Technique Leader,1990-08-10,9999-01-01
436710,Chikako,Chiola,Engineer,1997-04-12,9999-01-01
436722,Douadi,Hitomi,Senior Engineer,1992-03-18,9999-01-01
436726,Alain,Ghandeharizadeh,Engineer,1986-10-06,1992-10-05
436726,Alain,Ghandeharizadeh,Senior Engineer,1992-10-05,9999-01-01
436729,Ranan,Fendler,Technique Leader,1992-03-16,9999-01-01
436732,Sadok,Erman,Senior Staff,2000-12-14,9999-01-01
436732,Sadok,Erman,Staff,1994-12-15,2000-12-14
436742,Manton,Vendrig,Assistant Engineer,1997-05-01,1999-12-31
436771,Subhrajyoti,Norsworthy,Engineer,1995-04-05,2000-04-04
436771,Subhrajyoti,Norsworthy,Senior Engineer,2000-04-04,9999-01-01
436775,Zsolt,Grabner,Technique Leader,1992-07-06,9999-01-01
436776,Augustine,Edelhoff,Staff,1993-10-13,1998-04-29
436788,Paraskevi,Basagni,Engineer,1995-10-03,2001-10-02
436788,Paraskevi,Basagni,Senior Engineer,2001-10-02,9999-01-01
436789,Gladys,Hoppenstand,Engineer,1992-08-25,1998-08-25
436789,Gladys,Hoppenstand,Senior Engineer,1998-08-25,9999-01-01
436790,Anneli,Ramamoorthy,Engineer,1991-10-11,1999-10-11
436790,Anneli,Ramamoorthy,Senior Engineer,1999-10-11,9999-01-01
436802,Arup,Bale,Engineer,1998-09-03,9999-01-01
436815,Shim,Broomell,Engineer,1991-10-13,2000-09-14
436835,Navid,Vakili,Staff,1995-02-24,1997-04-02
436856,Mara,Tsukune,Senior Engineer,1997-07-07,9999-01-01
436860,Miomir,Denis,Engineer,1992-12-15,1995-08-15
436887,Demin,Tyugu,Engineer,1985-04-02,1988-11-17
436910,Subhada,Kugler,Senior Engineer,1993-03-09,9999-01-01
436911,Dayanand,Brodie,Senior Staff,1998-03-30,9999-01-01
436911,Dayanand,Brodie,Staff,1991-03-30,1998-03-30
436953,Mayuko,Winter,Assistant Engineer,1997-09-27,9999-01-01
436961,Xiong,Rajala,Engineer,1996-01-04,2002-01-03
436961,Xiong,Rajala,Senior Engineer,2002-01-03,9999-01-01
436992,Weiwu,Lamba,Senior Staff,1993-12-12,9999-01-01
437026,Guozhong,Rettelbach,Senior Staff,1999-12-17,9999-01-01
437037,Akhilish,Porenta,Assistant Engineer,1999-01-24,9999-01-01
437066,Ashish,Detkin,Senior Staff,1991-10-26,9999-01-01
437071,Ugo,Gulak,Senior Staff,1990-01-18,1996-09-06
437110,Angel,Budinsky,Senior Staff,2002-07-20,9999-01-01
437110,Angel,Budinsky,Staff,1993-07-20,2002-07-20
437115,Steve,Cairo,Staff,1997-01-26,9999-01-01
437118,Gadiel,Sambasivam,Senior Engineer,1985-06-04,9999-01-01
437139,Martine,Verspoor,Engineer,1998-09-09,9999-01-01
437145,Chenyi,Varley,Senior Staff,1992-09-18,9999-01-01
437147,Duri,Murthy,Senior Engineer,1986-01-15,1987-08-22
437168,Xudong,Maquelin,Senior Staff,1992-08-28,9999-01-01
437179,Neelam,Matzke,Engineer,1994-11-05,9999-01-01
437208,Sven,Marakhovsky,Technique Leader,1986-11-30,9999-01-01
437260,Xianlong,Gubsky,Senior Staff,1994-10-01,9999-01-01
437260,Xianlong,Gubsky,Staff,1987-10-01,1994-10-01
437261,Xuejia,Paludetto,Engineer,1989-12-05,1990-10-06
437263,Jianhui,Oskamp,Engineer,1995-05-25,9999-01-01
437272,Malu,Hedayat,Engineer,1993-01-07,1998-01-07
437272,Malu,Hedayat,Senior Engineer,1998-01-07,2002-02-24
437282,Nishit,Whittlesey,Engineer,1993-04-05,2000-04-05
437282,Nishit,Whittlesey,Senior Engineer,2000-04-05,9999-01-01
437284,Hausi,Worfolk,Staff,1993-09-14,9999-01-01
437292,Parke,Babb,Senior Staff,1994-11-22,9999-01-01
437292,Parke,Babb,Staff,1989-11-22,1994-11-22
437303,Duro,Warwick,Senior Staff,1994-05-26,9999-01-01
437303,Duro,Warwick,Staff,1985-05-26,1994-05-26
437351,Ashish,Thiria,Senior Staff,1997-03-30,9999-01-01
437351,Ashish,Thiria,Staff,1988-03-30,1997-03-30
437360,Kousuke,Impagliazzo,Engineer,1989-04-20,1994-04-20
437360,Kousuke,Impagliazzo,Senior Engineer,1994-04-20,9999-01-01
437365,Yongmao,Perly,Senior Staff,1985-10-02,9999-01-01
437387,Nitsan,Leivant,Engineer,1992-02-15,2000-02-15
437387,Nitsan,Leivant,Senior Engineer,2000-02-15,9999-01-01
437403,Peer,Fritzsche,Senior Staff,2001-06-19,2002-05-11
437403,Peer,Fritzsche,Staff,1995-06-20,2001-06-19
437441,Chaosheng,Puoti,Senior Staff,2001-12-15,9999-01-01
437441,Chaosheng,Puoti,Staff,1996-12-15,2001-12-15
437448,Douadi,Radivojevic,Technique Leader,1993-11-01,9999-01-01
437457,Xiaoshan,Marquardt,Staff,1995-07-24,1996-06-27
437462,Licheng,Lenart,Engineer,1986-02-04,1994-02-04
437462,Licheng,Lenart,Senior Engineer,1994-02-04,9999-01-01
437467,Mircea,Luan,Senior Staff,1991-09-05,9999-01-01
437467,Mircea,Luan,Staff,1986-09-05,1991-09-05
437481,Akeno,Munawer,Technique Leader,1990-07-12,2002-07-23
437505,Avishai,Sridhar,Senior Staff,2001-10-17,9999-01-01
437505,Avishai,Sridhar,Staff,1995-10-18,2001-10-17
437508,Ziyad,Erol,Senior Engineer,1998-03-23,2001-08-30
437510,Satyanarayana,Kermarrec,Technique Leader,1998-09-06,9999-01-01
437518,Berni,Angiulli,Staff,1997-12-02,9999-01-01
437535,Moriyoshi,Mawatari,Engineer,1992-09-13,1997-09-13
437535,Moriyoshi,Mawatari,Senior Engineer,1997-09-13,9999-01-01
437538,Arnd,Nyrup,Senior Staff,1997-04-07,9999-01-01
437538,Arnd,Nyrup,Staff,1990-04-07,1997-04-07
437540,Lakshmi,Llado,Engineer,1996-03-02,9999-01-01
437544,Deborah,Rajaraman,Senior Staff,1993-05-29,9999-01-01
437544,Deborah,Rajaraman,Staff,1987-05-30,1993-05-29
437559,Hironobu,Ouhyoung,Engineer,1997-11-29,9999-01-01
437560,Shaz,Tasistro,Assistant Engineer,1989-12-06,1998-12-06
437560,Shaz,Tasistro,Engineer,1998-12-06,9999-01-01
437574,Changho,Brendel,Engineer,1991-04-16,1996-04-15
437574,Changho,Brendel,Senior Engineer,1996-04-15,9999-01-01
437582,Valdiodio,Pollock,Staff,1998-11-30,9999-01-01
437601,Uno,Kornyak,Engineer,1997-09-30,9999-01-01
437604,Youpyo,Decaestecker,Senior Staff,1993-06-26,9999-01-01
437604,Youpyo,Decaestecker,Staff,1986-06-26,1993-06-26
437621,Mandell,Rettelbach,Engineer,1995-04-15,1996-09-20
437631,Ebbe,Hofman,Engineer,1994-10-09,9999-01-01
437670,Zijian,Raoux,Senior Staff,1999-08-29,9999-01-01
437670,Zijian,Raoux,Staff,1994-08-29,1999-08-29
437672,Maris,Weisert,Senior Staff,1992-12-24,9999-01-01
437672,Maris,Weisert,Staff,1987-12-25,1992-12-24
437676,Irena,Luon,Senior Engineer,1999-11-06,9999-01-01
437702,Alejandro,Gelosh,Senior Staff,1995-03-26,9999-01-01
437702,Alejandro,Gelosh,Staff,1986-03-26,1995-03-26
437732,Manibrata,Bratten,Engineer,1987-12-03,1990-03-11
437738,Itzchak,Heyers,Senior Engineer,1997-01-01,9999-01-01
437745,Mahendra,Gurbaxani,Senior Staff,1991-01-27,9999-01-01
437745,Mahendra,Gurbaxani,Staff,1986-01-27,1991-01-27
437748,Jinya,Templeman,Senior Staff,1992-04-08,9999-01-01
437748,Jinya,Templeman,Staff,1986-04-09,1992-04-08
437758,Goetz,Adachi,Staff,1999-09-07,9999-01-01
437774,Harjit,Brookner,Senior Staff,1988-01-16,9999-01-01
437778,Kirk,Lamma,Staff,1996-08-29,9999-01-01
437796,Emdad,Katzenelson,Senior Staff,1987-12-17,9999-01-01
437797,Mingzeng,Lyonns,Technique Leader,1997-05-19,1998-09-29
437799,Shahid,McFarlan,Senior Staff,1994-12-10,9999-01-01
437801,Utz,Anger,Engineer,1989-05-30,1996-05-30
437801,Utz,Anger,Senior Engineer,1996-05-30,9999-01-01
437807,Juyoung,Baer,Senior Staff,2002-06-12,9999-01-01
437807,Juyoung,Baer,Staff,1996-06-12,2002-06-12
437820,Gian,Murtha,Engineer,1995-10-05,2000-10-04
437820,Gian,Murtha,Senior Engineer,2000-10-04,9999-01-01
437843,Girolamo,Skafidas,Engineer,1993-10-03,9999-01-01
437879,Geoff,Boguraev,Senior Engineer,1999-08-28,9999-01-01
437881,Niteen,Flexer,Staff,1996-01-07,9999-01-01
437901,Kayoko,Vidya,Engineer,1995-02-10,2000-09-21
437904,Mokhtar,Kropf,Assistant Engineer,1985-08-05,1991-08-05
437904,Mokhtar,Kropf,Engineer,1991-08-05,1997-08-04
437904,Mokhtar,Kropf,Senior Engineer,1997-08-04,9999-01-01
437937,Rajmohan,Michaeli,Engineer,1989-10-25,1997-10-25
437937,Rajmohan,Michaeli,Senior Engineer,1997-10-25,9999-01-01
437943,Richara,Hiltgen,Staff,1998-07-26,9999-01-01
437957,Anestis,Swan,Senior Staff,1993-09-24,9999-01-01
437964,Hironobu,Begiun,Assistant Engineer,1987-05-28,1992-05-27
437964,Hironobu,Begiun,Engineer,1992-05-27,1997-05-27
437964,Hironobu,Begiun,Senior Engineer,1997-05-27,9999-01-01
437973,Richara,Schwabacher,Engineer,1995-01-06,1998-07-27
437978,Prodip,Fasbender,Engineer,1996-03-30,9999-01-01
437983,Pranjal,Zweizig,Assistant Engineer,1990-09-29,1996-09-28
437983,Pranjal,Zweizig,Engineer,1996-09-28,9999-01-01
437990,Rafael,Danner,Technique Leader,1989-05-08,9999-01-01
438015,Geoff,Conde,Engineer,1989-05-27,1998-05-27
438015,Geoff,Conde,Senior Engineer,1998-05-27,9999-01-01
438024,Yishai,Eastman,Senior Engineer,1999-11-22,9999-01-01
438041,Vidya,Rosti,Engineer,1989-12-07,1998-12-07
438041,Vidya,Rosti,Senior Engineer,1998-12-07,9999-01-01
438048,Fumino,Narahari,Engineer,1986-06-17,1993-06-17
438048,Fumino,Narahari,Senior Engineer,1993-06-17,9999-01-01
438060,JoAnne,Eterovic,Staff,1993-10-01,9999-01-01
438067,Chenye,Walstra,Staff,1995-04-19,1998-11-27
438075,Zhonghua,Fairtlough,Technique Leader,1986-05-22,9999-01-01
438079,Geoffrey,Marciano,Senior Staff,2000-04-18,9999-01-01
438079,Geoffrey,Marciano,Staff,1991-04-19,2000-04-18
438082,Shigeu,Birta,Senior Staff,1987-03-30,1997-11-11
438114,Sachem,Bednarek,Senior Staff,1994-05-02,9999-01-01
438114,Sachem,Bednarek,Staff,1986-05-02,1994-05-02
438116,Huican,Keirsey,Engineer,1999-11-11,2001-06-30
438120,Kazuhisa,Swen,Technique Leader,1991-10-06,9999-01-01
438121,Kristinn,Naudin,Staff,1998-11-26,9999-01-01
438124,Randy,Schrooten,Senior Staff,1992-10-02,9999-01-01
438124,Randy,Schrooten,Staff,1986-10-03,1992-10-02
438132,Sadun,DasSarma,Senior Engineer,1998-05-22,9999-01-01
438138,Weicheng,Pesch,Senior Engineer,1987-09-25,1994-03-03
438141,Martial,Gips,Engineer,1997-09-21,9999-01-01
438161,Shigeu,Ashish,Senior Staff,1990-11-16,9999-01-01
438161,Shigeu,Ashish,Staff,1985-11-16,1990-11-16
438170,Weiye,Farrar,Assistant Engineer,1997-10-07,2000-11-02
438187,Danil,Vickson,Engineer,1990-03-03,1995-03-03
438187,Danil,Vickson,Senior Engineer,1995-03-03,9999-01-01
438188,Yifei,Suri,Senior Engineer,1994-12-18,9999-01-01
438233,Aleksander,Genther,Engineer,1991-02-20,1998-02-20
438233,Aleksander,Genther,Senior Engineer,1998-02-20,9999-01-01
438259,Amalendu,Esteva,Senior Engineer,1993-12-23,9999-01-01
438265,Neven,Attimonelli,Engineer,1989-07-30,1997-01-25
438276,Stevo,Grabner,Senior Engineer,1997-11-14,9999-01-01
438294,Niteen,Bierbaum,Staff,1998-01-20,9999-01-01
438309,Fabrizio,Kisuki,Senior Staff,2000-02-06,9999-01-01
438309,Fabrizio,Kisuki,Staff,1992-02-06,2000-02-06
438317,Sandeepan,Tyugu,Staff,1993-12-30,1998-07-19
438334,Sanjoy,Binding,Senior Staff,1992-02-21,9999-01-01
438334,Sanjoy,Binding,Staff,1987-02-21,1992-02-21
438373,Josyula,Rodite,Senior Staff,1995-07-28,9999-01-01
438373,Josyula,Rodite,Staff,1989-07-28,1995-07-28
438376,Shay,Gini,Senior Engineer,1988-09-21,1996-10-30
438386,Ottavia,Bernatsky,Engineer,1987-08-19,1993-08-18
438386,Ottavia,Bernatsky,Senior Engineer,1993-08-18,1997-01-31
438388,Licheng,Giaccio,Engineer,1988-04-19,1993-04-19
438388,Licheng,Giaccio,Senior Engineer,1993-04-19,9999-01-01
438398,Chuanyi,Schaad,Senior Staff,1992-09-24,9999-01-01
438398,Chuanyi,Schaad,Staff,1986-09-25,1992-09-24
438411,Nathalie,Pokrovskii,Staff,1998-10-16,9999-01-01
438415,Fai,Iwayama,Senior Staff,1999-12-05,9999-01-01
438415,Fai,Iwayama,Staff,1990-12-05,1999-12-05
438416,Hitofumi,Feldhoffer,Engineer,1991-08-06,1998-08-06
438416,Hitofumi,Feldhoffer,Senior Engineer,1998-08-06,9999-01-01
438417,Wayne,Orlowska,Engineer,1993-04-07,1998-04-07
438417,Wayne,Orlowska,Senior Engineer,1998-04-07,9999-01-01
438425,Vishu,Schwartzbauer,Senior Staff,1995-12-21,9999-01-01
438425,Vishu,Schwartzbauer,Staff,1987-12-21,1995-12-21
438446,George,Hedayat,Engineer,1994-12-26,1999-12-26
438446,George,Hedayat,Senior Engineer,1999-12-26,9999-01-01
438456,Ute,Underwood,Engineer,1999-03-30,9999-01-01
438457,Chriss,Motley,Engineer,1991-10-12,1999-10-12
438457,Chriss,Motley,Senior Engineer,1999-10-12,9999-01-01
438460,Sashi,Blokdijk,Senior Engineer,1989-09-15,1999-12-30
438467,Xiaopeng,Atchley,Senior Staff,2001-05-11,9999-01-01
438467,Xiaopeng,Atchley,Staff,1994-05-11,2001-05-11
438476,Francesca,Gammage,Engineer,1989-08-21,1996-08-21
438476,Francesca,Gammage,Senior Engineer,1996-08-21,9999-01-01
438492,Tsz,Decleir,Staff,1994-11-07,1999-05-19
438513,Youssef,Vuskovic,Engineer,1990-02-16,1996-02-16
438513,Youssef,Vuskovic,Senior Engineer,1996-02-16,9999-01-01
438539,Jagoda,Harnett,Engineer,1992-09-27,1998-09-27
438539,Jagoda,Harnett,Senior Engineer,1998-09-27,9999-01-01
438571,Hidde,Mawatari,Engineer,1993-01-31,2001-01-31
438571,Hidde,Mawatari,Senior Engineer,2001-01-31,9999-01-01
438602,Adam,Uludag,Staff,1996-10-02,9999-01-01
438621,Kayoko,Perry,Senior Staff,1996-03-10,9999-01-01
438621,Kayoko,Perry,Staff,1991-03-11,1996-03-10
438624,Fumiya,Aloia,Senior Staff,1992-12-28,9999-01-01
438624,Fumiya,Aloia,Staff,1985-12-28,1992-12-28
438642,Tadahiro,Hutter,Senior Staff,1992-11-23,1993-03-28
438642,Tadahiro,Hutter,Staff,1986-11-24,1992-11-23
438655,Kien,Tsukune,Engineer,1989-03-05,1995-03-05
438655,Kien,Tsukune,Senior Engineer,1995-03-05,9999-01-01
438660,Murthy,Waeselynck,Senior Staff,2000-10-06,9999-01-01
438660,Murthy,Waeselynck,Staff,1994-10-07,2000-10-06
438668,Youngkon,Swist,Staff,1988-12-02,1993-07-24
438687,Dipankar,Merlo,Engineer,1986-03-07,1991-03-07
438687,Dipankar,Merlo,Senior Engineer,1991-03-07,9999-01-01
438688,Aiman,Perly,Senior Staff,2001-06-17,9999-01-01
438688,Aiman,Perly,Staff,1994-06-17,2001-06-17
438695,Zissis,Salinas,Senior Staff,2002-07-04,9999-01-01
438695,Zissis,Salinas,Staff,1993-07-04,2002-07-04
438696,Jianwen,Schwaller,Engineer,1990-05-11,1998-05-11
438696,Jianwen,Schwaller,Senior Engineer,1998-05-11,9999-01-01
438706,Shaw,Schaad,Engineer,1995-10-11,9999-01-01
438715,Idoia,Garnick,Staff,1999-06-30,9999-01-01
438729,Arve,Vuskovic,Senior Staff,1996-01-03,9999-01-01
438729,Arve,Vuskovic,Staff,1987-01-03,1996-01-03
438736,Arun,Hiltgen,Engineer,1991-03-15,2000-03-14
438736,Arun,Hiltgen,Senior Engineer,2000-03-14,9999-01-01
438772,Zhaofang,Biros,Engineer,1998-10-20,9999-01-01
438774,Jiang,Munch,Engineer,1998-06-19,9999-01-01
438814,Toshiko,Merey,Engineer,1999-09-16,2000-04-08
438816,Shuji,Haldar,Staff,1993-12-31,9999-01-01
438826,Falguni,Riexinger,Engineer,1992-05-09,2000-05-09
438826,Falguni,Riexinger,Senior Engineer,2000-05-09,9999-01-01
438829,Munehiro,Munke,Staff,1993-08-02,9999-01-01
438830,Brendon,Gaughan,Staff,1993-10-01,1997-04-29
438851,Thanasis,Rassart,Senior Staff,1994-10-10,9999-01-01
438851,Thanasis,Rassart,Staff,1988-10-10,1994-10-10
438869,Sailaja,Engelmann,Staff,1998-01-10,1999-07-01
438943,Conor,Waymire,Senior Staff,1998-12-23,9999-01-01
438943,Conor,Waymire,Staff,1989-12-23,1998-12-23
439001,Badri,Garnick,Senior Staff,1995-03-02,9999-01-01
439001,Badri,Garnick,Staff,1989-03-02,1995-03-02
439030,Mayuko,Swiss,Engineer,1996-09-11,1997-03-19
439060,Jahangir,Winter,Engineer,1992-06-20,1997-07-07
439065,Mana,Suessmith,Staff,1999-09-07,9999-01-01
439073,Hilary,Angelopoulos,Senior Staff,1992-05-05,9999-01-01
439073,Hilary,Angelopoulos,Staff,1987-05-06,1992-05-05
439086,Yongdong,Ananiadou,Senior Staff,1993-06-29,9999-01-01
439086,Yongdong,Ananiadou,Staff,1987-06-30,1993-06-29
439105,Sukumar,Eugenio,Engineer,1989-11-06,1996-11-06
439105,Sukumar,Eugenio,Senior Engineer,1996-11-06,9999-01-01
439110,Rajmohan,Zweizig,Engineer,1993-04-23,1998-04-23
439110,Rajmohan,Zweizig,Senior Engineer,1998-04-23,9999-01-01
439111,Ohad,Soloway,Senior Engineer,1998-04-28,1999-10-24
439114,Lakshmi,Kawashimo,Engineer,1990-01-21,1999-01-21
439114,Lakshmi,Kawashimo,Senior Engineer,1999-01-21,9999-01-01
439135,Jacopo,Cesareni,Staff,1997-09-07,9999-01-01
439159,Tze,Georgakopoulos,Engineer,1997-02-09,9999-01-01
439188,Nathalie,Lieblein,Senior Staff,1993-10-29,9999-01-01
439188,Nathalie,Lieblein,Staff,1988-10-29,1993-10-29
439190,Fumino,Georg,Assistant Engineer,1987-09-12,1995-09-12
439190,Fumino,Georg,Engineer,1995-09-12,9999-01-01
439193,Duke,Polajnar,Senior Staff,1994-07-05,9999-01-01
439193,Duke,Polajnar,Staff,1985-07-05,1994-07-05
439202,Sreenivas,Srimani,Senior Staff,1991-05-28,9999-01-01
439202,Sreenivas,Srimani,Staff,1985-05-28,1991-05-28
439209,Bedir,Rusmann,Engineer,1999-11-22,9999-01-01
439242,Lenore,Khalil,Senior Engineer,1990-07-06,9999-01-01
439247,Magy,Capobianchi,Engineer,1995-04-12,2002-04-12
439247,Magy,Capobianchi,Senior Engineer,2002-04-12,9999-01-01
439261,Gonzalo,Bugaenko,Senior Engineer,1987-12-13,9999-01-01
439295,Neelam,Iwayama,Engineer,1986-04-02,1995-04-02
439295,Neelam,Iwayama,Senior Engineer,1995-04-02,9999-01-01
439300,Sanjiv,Curless,Engineer,1997-10-31,1998-07-23
439311,Brewster,Pintelas,Engineer,1995-06-05,2000-06-04
439311,Brewster,Pintelas,Senior Engineer,2000-06-04,9999-01-01
439314,Denny,Schaft,Engineer,1995-08-21,9999-01-01
439321,Tristan,Attimonelli,Engineer,1994-07-26,1998-10-13
439339,Sashi,Schaar,Staff,1995-04-01,1995-09-05
439368,Renny,Auyong,Engineer,1996-03-24,9999-01-01
439380,Tzu,Quaggetto,Staff,1985-09-30,1992-10-29
439385,Idoia,Kaltofen,Engineer,1992-01-23,1999-01-23
439385,Idoia,Kaltofen,Senior Engineer,1999-01-23,9999-01-01
439402,Serap,Luders,Staff,1996-07-18,1999-04-08
439415,Pranay,Unno,Engineer,1988-11-12,1994-11-12
439415,Pranay,Unno,Senior Engineer,1994-11-12,9999-01-01
439418,Naraig,Perl,Technique Leader,1990-04-07,9999-01-01
439424,Byong,Melton,Engineer,1997-02-26,2002-02-26
439424,Byong,Melton,Senior Engineer,2002-02-26,9999-01-01
439427,Masamitsu,Aamodt,Senior Engineer,1990-12-24,9999-01-01
439443,Siamak,Bernick,Engineer,1987-10-27,1995-10-27
439443,Siamak,Bernick,Senior Engineer,1995-10-27,9999-01-01
439453,Zine,Standera,Engineer,1991-07-13,1996-07-12
439453,Zine,Standera,Senior Engineer,1996-07-12,9999-01-01
439469,Hugo,Crabtree,Senior Staff,1993-11-04,9999-01-01
439469,Hugo,Crabtree,Staff,1988-11-04,1993-11-04
439481,Suvo,Unno,Senior Staff,1999-07-21,9999-01-01
439481,Suvo,Unno,Staff,1990-07-21,1999-07-21
439488,Olivera,Landherr,Senior Staff,1994-06-23,9999-01-01
439488,Olivera,Landherr,Staff,1986-06-23,1994-06-23
439498,Trygve,Murillo,Senior Engineer,1985-11-14,1994-10-18
439509,Basil,Munke,Engineer,1993-08-20,1996-09-05
439512,Tuval,Boudaillier,Engineer,1996-03-21,2001-03-21
439512,Tuval,Boudaillier,Senior Engineer,2001-03-21,9999-01-01
439517,Oguz,Demke,Senior Staff,1993-07-12,9999-01-01
439517,Oguz,Demke,Staff,1986-07-12,1993-07-12
439523,Jinxi,Fargier,Engineer,1991-06-11,1998-06-11
439523,Jinxi,Fargier,Senior Engineer,1998-06-11,9999-01-01
439536,Kauko,Kowalchuk,Senior Staff,1996-06-19,9999-01-01
439536,Kauko,Kowalchuk,Staff,1988-06-19,1996-06-19
439538,Arno,Maierhofer,Senior Staff,1987-07-21,9999-01-01
439546,Ayakannu,Marakhovsky,Staff,1998-02-12,2001-09-13
439569,Taisook,Alameldin,Engineer,1992-07-09,2000-07-09
439569,Taisook,Alameldin,Senior Engineer,2000-07-09,2001-08-18
439589,Ronghao,Mitzlaff,Engineer,1998-08-13,9999-01-01
439596,Filipe,Eiron,Engineer,1998-10-04,9999-01-01
439598,Vasilis,Krohm,Senior Engineer,1993-05-27,1999-09-25
439614,Sibyl,Gyorkos,Senior Staff,1997-08-08,9999-01-01
439614,Sibyl,Gyorkos,Staff,1990-08-08,1997-08-08
439625,Theron,Budinsky,Senior Staff,2002-02-24,9999-01-01
439625,Theron,Budinsky,Staff,1994-02-24,2002-02-24
439626,Sastry,Fabrizio,Engineer,1999-06-03,9999-01-01
439636,Trygve,Kitai,Engineer,1995-09-11,1996-11-20
439651,Srinidhi,Liedekerke,Technique Leader,1985-05-05,9999-01-01
439656,Sadok,McClurg,Engineer,1986-07-05,1993-07-05
439656,Sadok,McClurg,Senior Engineer,1993-07-05,9999-01-01
439701,Snehasis,Basagni,Engineer,1990-05-30,1995-05-30
439701,Snehasis,Basagni,Senior Engineer,1995-05-30,9999-01-01
439703,Sanjai,Beetstra,Senior Staff,1998-07-23,9999-01-01
439724,Kersti,Eiter,Senior Staff,1999-03-01,9999-01-01
439724,Kersti,Eiter,Staff,1990-03-01,1999-03-01
439731,Mads,dAstous,Staff,1997-11-25,9999-01-01
439733,Aleksander,Staylopatis,Senior Engineer,1997-11-11,9999-01-01
439738,Dinkar,Rijsenbrij,Senior Staff,1996-06-26,9999-01-01
439738,Dinkar,Rijsenbrij,Staff,1990-06-27,1996-06-26
439753,Nevio,Mellouli,Senior Staff,1993-09-05,9999-01-01
439771,Siamak,Brlek,Senior Engineer,1997-02-03,9999-01-01
439777,Lillian,Nitsch,Engineer,1985-04-12,1990-04-12
439777,Lillian,Nitsch,Senior Engineer,1990-04-12,9999-01-01
439785,Genki,Baez,Staff,1997-12-21,9999-01-01
439791,Deniz,Shackell,Senior Staff,1998-10-15,9999-01-01
439791,Deniz,Shackell,Staff,1990-10-15,1998-10-15
439808,Subhash,Anick,Engineer,1986-09-02,1992-09-01
439808,Subhash,Anick,Senior Engineer,1992-09-01,9999-01-01
439816,Bader,Alencar,Engineer,1999-03-03,9999-01-01
439825,Percy,Felder,Senior Staff,2002-02-08,9999-01-01
439825,Percy,Felder,Staff,1996-02-09,2002-02-08
439852,Boriana,Butterworth,Senior Staff,1992-10-30,9999-01-01
439852,Boriana,Butterworth,Staff,1985-10-30,1992-10-30
439871,Jaber,Standera,Engineer,1999-10-14,9999-01-01
439880,Arumugam,Cincotta,Assistant Engineer,1989-07-13,1994-07-13
439880,Arumugam,Cincotta,Engineer,1994-07-13,1999-07-13
439880,Arumugam,Cincotta,Senior Engineer,1999-07-13,9999-01-01
439884,Constantine,Bernardinello,Senior Staff,1987-11-05,9999-01-01
439906,Nigel,Stavenow,Staff,1999-07-14,9999-01-01
439909,Muzhong,Imataki,Engineer,1993-05-06,2000-05-06
439909,Muzhong,Imataki,Senior Engineer,2000-05-06,9999-01-01
439913,Shigeichiro,Kalorkoti,Senior Staff,1996-10-18,9999-01-01
439913,Shigeichiro,Kalorkoti,Staff,1989-10-18,1996-10-18
439914,Arif,Pietrzykowski,Senior Staff,1999-06-24,9999-01-01
439914,Arif,Pietrzykowski,Staff,1994-06-24,1999-06-24
439934,Dmitry,Herbst,Engineer,1994-07-24,2002-07-24
439934,Dmitry,Herbst,Senior Engineer,2002-07-24,9999-01-01
439960,Shuzo,Vanwelkenhuysen,Staff,1999-03-04,2000-08-24
439965,Dhritiman,Kossowski,Senior Staff,1988-01-11,1991-04-28
439968,Spyrose,Monarch,Engineer,1996-11-06,1998-11-01
439982,Pranav,Weisert,Engineer,1996-07-15,2002-07-15
439982,Pranav,Weisert,Senior Engineer,2002-07-15,9999-01-01
439985,Toshimo,Argence,Engineer,1996-04-20,2002-04-20
439985,Toshimo,Argence,Senior Engineer,2002-04-20,9999-01-01
439988,Moheb,Marchesini,Engineer,1990-08-30,1995-08-30
439988,Moheb,Marchesini,Senior Engineer,1995-08-30,9999-01-01
440013,Chaitali,Besselaar,Engineer,1997-11-21,9999-01-01
440022,Xinan,Denna,Staff,1999-02-16,2001-03-22
440023,Akemi,Boreale,Engineer,1998-06-19,9999-01-01
440042,Billur,Haumacher,Engineer,1992-10-06,1993-10-08
440049,Gopalakrishnan,Sommen,Staff,1995-05-23,9999-01-01
440102,Marko,Billawala,Engineer,1997-07-01,9999-01-01
440109,Chandrasekaran,Gewali,Engineer,1996-03-31,2002-03-31
440109,Chandrasekaran,Gewali,Senior Engineer,2002-03-31,9999-01-01
440117,Geoff,Lamparter,Engineer,1997-05-01,2000-08-27
440130,Hiroyasu,Milicia,Senior Staff,1990-02-04,9999-01-01
440130,Hiroyasu,Milicia,Staff,1985-02-04,1990-02-04
440134,Duangkaew,Sommen,Engineer,1994-04-20,2000-04-19
440134,Duangkaew,Sommen,Senior Engineer,2000-04-19,9999-01-01
440164,Wuxu,Marshall,Senior Engineer,1995-07-10,9999-01-01
440178,Gregory,Ferriere,Senior Staff,1997-05-27,9999-01-01
440178,Gregory,Ferriere,Staff,1988-05-27,1997-05-27
440193,Isamu,Serov,Assistant Engineer,1998-06-18,1998-10-19
440219,Oscal,Jiafu,Engineer,1987-06-17,1995-06-17
440219,Oscal,Jiafu,Senior Engineer,1995-06-17,9999-01-01
440239,Satoru,Reeker,Senior Staff,2000-10-20,9999-01-01
440239,Satoru,Reeker,Staff,1993-10-20,2000-10-20
440240,Abdelkader,Diderrich,Engineer,1999-08-26,9999-01-01
440249,Munehiko,Kavanagh,Engineer,1992-08-28,1996-11-10
440266,Zhiwei,Conta,Engineer,1998-02-07,9999-01-01
440272,Marko,Gecseg,Technique Leader,1997-02-25,9999-01-01
440281,Raimond,Georgakopoulos,Engineer,1991-02-11,2000-02-11
440281,Raimond,Georgakopoulos,Senior Engineer,2000-02-11,9999-01-01
440283,Kenton,Gornas,Staff,1999-12-02,9999-01-01
440292,Sungwon,Schonegge,Engineer,1992-07-28,2001-07-28
440292,Sungwon,Schonegge,Senior Engineer,2001-07-28,9999-01-01
440299,Weidon,Polajnar,Staff,1993-09-02,1996-06-21
440318,Chaitali,Ushiama,Staff,1996-11-06,9999-01-01
440354,Tomoyuki,Rossi,Senior Staff,2001-04-17,9999-01-01
440354,Tomoyuki,Rossi,Staff,1992-04-17,2001-04-17
440371,Zhiguo,Ghelli,Engineer,1986-09-28,1991-09-28
440371,Zhiguo,Ghelli,Senior Engineer,1991-09-28,9999-01-01
440391,Yongmin,Weisert,Engineer,1986-03-05,1991-03-05
440391,Yongmin,Weisert,Senior Engineer,1991-03-05,9999-01-01
440397,Huican,Przulj,Senior Staff,2000-12-07,9999-01-01
440397,Huican,Przulj,Staff,1995-12-08,2000-12-07
440447,Kristen,Dolinsky,Staff,1986-09-14,1989-09-19
440467,Rasiah,Luft,Engineer,1986-02-09,1995-02-09
440467,Rasiah,Luft,Senior Engineer,1995-02-09,9999-01-01
440491,Zongyan,Manders,Engineer,1991-10-20,1998-10-20
440491,Zongyan,Manders,Senior Engineer,1998-10-20,9999-01-01
440497,Ohad,Leslie,Staff,1998-12-16,9999-01-01
440512,Taegyun,Larfeldt,Staff,1998-06-09,9999-01-01
440542,Alain,Peris,Engineer,1997-02-14,1999-10-11
440550,Indrajit,Przulj,Assistant Engineer,1990-05-13,1997-05-13
440550,Indrajit,Przulj,Engineer,1997-05-13,9999-01-01
440554,Kitty,Axelband,Staff,1998-01-13,9999-01-01
440555,Ulf,Demos,Staff,1985-02-05,1989-05-28
440586,Seshu,Roison,Engineer,1988-08-24,1997-08-24
440586,Seshu,Roison,Senior Engineer,1997-08-24,9999-01-01
440636,Maha,Hofstetter,Engineer,1989-05-18,1998-05-18
440636,Maha,Hofstetter,Senior Engineer,1998-05-18,9999-01-01
440648,Mohd,Wixon,Technique Leader,1992-12-04,9999-01-01
440658,Jaana,Plessier,Senior Staff,1987-07-18,1998-03-18
440673,Genta,Erie,Staff,1986-04-30,1987-01-06
440684,Shaw,Janetzko,Senior Staff,2000-12-23,9999-01-01
440684,Shaw,Janetzko,Staff,1995-12-24,2000-12-23
440735,Gopalakrishnan,Chachaty,Staff,1988-08-18,1988-08-21
440755,Leif,Eiron,Engineer,1999-06-13,9999-01-01
440779,Mostafa,Glowinski,Staff,1995-01-15,1996-05-06
440793,Claudi,Pauthner,Staff,1997-06-10,9999-01-01
440797,Ekawit,Nivat,Senior Staff,1996-08-15,9999-01-01
440797,Ekawit,Nivat,Staff,1987-08-16,1996-08-15
440799,Laurentiu,Duclos,Senior Staff,2002-01-15,9999-01-01
440799,Laurentiu,Duclos,Staff,1995-01-15,2002-01-15
440822,Teruyuki,Conry,Senior Staff,1993-05-18,9999-01-01
440822,Teruyuki,Conry,Staff,1988-05-18,1993-05-18
440849,Gregory,Kalorkoti,Staff,1998-01-10,1999-03-06
440871,Kamran,Roisin,Staff,1994-01-24,1998-04-17
440874,Yakkov,Conti,Engineer,1999-08-07,2002-02-09
440908,Alagu,Savasere,Staff,1997-12-30,9999-01-01
440910,Bedir,Greibach,Senior Staff,1987-05-06,9999-01-01
440930,Guoxiang,Lodder,Assistant Engineer,1997-11-24,9999-01-01
440952,Visit,Binding,Staff,1996-05-10,2001-11-30
440955,Chinhyun,Sevcikova,Engineer,1988-09-22,1993-07-02
440961,Jouko,Snyers,Senior Staff,1995-08-31,9999-01-01
440983,Dhritiman,Yavatkar,Engineer,1998-05-07,9999-01-01
441015,Khedija,Nitta,Senior Staff,1998-08-10,9999-01-01
441015,Khedija,Nitta,Staff,1990-08-10,1998-08-10
441025,Marc,Riexinger,Senior Staff,1998-10-22,9999-01-01
441025,Marc,Riexinger,Staff,1993-10-22,1998-10-22
441037,Uli,Wolniewicz,Technique Leader,1986-10-30,9999-01-01
441050,Yinlin,Rehfuss,Staff,1999-05-16,9999-01-01
441078,Paris,Molberg,Engineer,1991-10-03,1997-10-02
441078,Paris,Molberg,Senior Engineer,1997-10-02,9999-01-01
441089,Kazuhiko,Lubachevsky,Engineer,1991-12-17,1996-12-16
441089,Kazuhiko,Lubachevsky,Senior Engineer,1996-12-16,9999-01-01
441099,Gladys,Tzvieli,Engineer,1997-07-03,9999-01-01
441108,Divier,Michaels,Senior Staff,1999-06-24,2002-05-21
441112,Alagu,Michaeli,Staff,1991-05-22,1991-06-12
441114,Zhilian,Usery,Engineer,1999-03-29,9999-01-01
441147,Vasiliy,Zaccaria,Engineer,1988-06-20,1997-06-20
441147,Vasiliy,Zaccaria,Senior Engineer,1997-06-20,9999-01-01
441181,Danny,Jullig,Staff,1986-08-21,1992-07-25
441185,Ortrud,Esteva,Staff,1991-01-07,1998-10-28
441203,Moss,dAstous,Engineer,1999-01-22,9999-01-01
441222,Kwangho,Poulakidas,Senior Staff,1996-09-08,9999-01-01
441222,Kwangho,Poulakidas,Staff,1990-09-09,1996-09-08
441224,Guangming,Narahara,Senior Engineer,1992-01-12,9999-01-01
441238,Kwangyoen,Steinauer,Senior Engineer,1990-01-13,1991-12-31
441248,Chaitali,Valette,Senior Staff,1998-06-12,9999-01-01
441253,Sorina,Lichtman,Senior Staff,1995-05-28,9999-01-01
441253,Sorina,Lichtman,Staff,1989-05-28,1995-05-28
441257,Hongzhu,Lueh,Engineer,1987-03-10,1994-03-10
441257,Hongzhu,Lueh,Senior Engineer,1994-03-10,9999-01-01
441276,Rosli,Papsdorf,Senior Engineer,1994-02-01,9999-01-01
441295,Chinho,Kaminger,Staff,1985-07-04,1986-02-17
441297,Moie,Danlos,Engineer,1993-09-07,1999-09-07
441297,Moie,Danlos,Senior Engineer,1999-09-07,9999-01-01
441301,Jovan,Szilard,Senior Engineer,1999-11-16,9999-01-01
441325,Soenke,Kowalchuk,Senior Staff,1986-04-18,9999-01-01
441335,Sanjeeva,Karnin,Senior Staff,1999-01-25,9999-01-01
441335,Sanjeeva,Karnin,Staff,1991-01-25,1999-01-25
441347,Tremaine,Yurov,Staff,1991-11-07,1997-03-28
441375,Baziley,Msuda,Senior Engineer,1990-07-29,9999-01-01
441383,Tzvetan,Ramras,Senior Staff,1997-02-20,9999-01-01
441383,Tzvetan,Ramras,Staff,1988-02-21,1997-02-20
441395,Younwoo,Solares,Assistant Engineer,1996-08-16,9999-01-01
441405,Wojceich,Birta,Staff,1992-01-10,1995-08-07
441424,Ennio,Masamoto,Engineer,1993-11-18,1998-11-18
441424,Ennio,Masamoto,Senior Engineer,1998-11-18,9999-01-01
441442,Yannik,Rosiles,Senior Staff,1990-08-31,9999-01-01
441447,Anestis,Katalagarianos,Engineer,1990-02-13,1997-02-13
441447,Anestis,Katalagarianos,Senior Engineer,1997-02-13,9999-01-01
441455,Shen,Benveniste,Staff,1998-12-16,2000-06-10
441472,Kazuhiro,Zaumen,Senior Engineer,1993-06-17,9999-01-01
441484,Boaz,Baak,Staff,1999-12-09,9999-01-01
441499,Oscar,Haumacher,Assistant Engineer,1989-07-19,1998-07-19
441499,Oscar,Haumacher,Engineer,1998-07-19,9999-01-01
441504,Abdulah,Gulak,Senior Staff,1990-03-05,9999-01-01
441504,Abdulah,Gulak,Staff,1985-03-05,1990-03-05
441540,Morrie,Rabehasaina,Assistant Engineer,1990-06-11,1996-06-10
441540,Morrie,Rabehasaina,Engineer,1996-06-10,2002-06-10
441540,Morrie,Rabehasaina,Senior Engineer,2002-06-10,9999-01-01
441544,Aram,Lagarias,Engineer,1997-03-22,9999-01-01
441562,Nakhoon,Angiulli,Engineer,1990-06-18,1999-06-18
441562,Nakhoon,Angiulli,Senior Engineer,1999-06-18,9999-01-01
441568,Danco,Claffy,Senior Staff,1993-10-19,9999-01-01
441568,Danco,Claffy,Staff,1985-10-19,1993-10-19
441591,Weiru,Kruskal,Staff,1999-06-17,9999-01-01
441595,Kwangyoen,Henders,Engineer,1987-08-23,1993-08-22
441595,Kwangyoen,Henders,Senior Engineer,1993-08-22,9999-01-01
441608,Krassimir,Rande,Staff,1995-03-12,2000-01-09
441610,Moie,Iwayama,Staff,1995-05-04,9999-01-01
441621,Steen,Zlotek,Staff,1992-05-01,1996-06-22
441633,Jiong,Magliocco,Technique Leader,1993-04-06,9999-01-01
441646,Dhritiman,Hettesheimer,Engineer,1996-07-11,9999-01-01
441649,Kiyomitsu,Cronan,Engineer,1987-12-07,1992-12-06
441649,Kiyomitsu,Cronan,Senior Engineer,1992-12-06,9999-01-01
441661,Yakichi,Steenbeek,Engineer,1998-02-11,9999-01-01
441678,Shimshon,Delgrossi,Senior Engineer,1997-10-31,9999-01-01
441692,Shigehito,Turnbull,Senior Staff,1996-12-28,9999-01-01
441692,Shigehito,Turnbull,Staff,1988-12-28,1996-12-28
441697,Leah,Kakkad,Senior Engineer,1989-11-23,1990-10-02
441721,Udi,Bisiani,Senior Staff,1992-12-09,1997-11-10
441726,Stevo,Nourani,Engineer,1991-04-17,1998-04-17
441726,Stevo,Nourani,Senior Engineer,1998-04-17,9999-01-01
441732,Berhard,Denna,Engineer,1985-10-29,1990-10-29
441732,Berhard,Denna,Senior Engineer,1990-10-29,9999-01-01
441741,Kamakshi,Ohori,Senior Staff,1995-03-05,9999-01-01
441741,Kamakshi,Ohori,Staff,1987-03-05,1995-03-05
441779,Hairong,Kolinko,Technique Leader,1995-12-27,9999-01-01
441783,Karlis,Shiratori,Senior Staff,1995-10-13,9999-01-01
441783,Karlis,Shiratori,Staff,1989-10-13,1995-10-13
441795,Achilleas,Badache,Staff,1997-02-17,9999-01-01
441818,Eirik,Zhiwei,Senior Engineer,1990-06-25,9999-01-01
441822,Zengping,Eiron,Senior Staff,1998-11-09,9999-01-01
441822,Zengping,Eiron,Staff,1989-11-09,1998-11-09
441843,Kyoichi,Merlo,Senior Staff,2002-03-18,9999-01-01
441843,Kyoichi,Merlo,Staff,1995-03-18,2002-03-18
441848,George,Gelosh,Technique Leader,1998-11-16,9999-01-01
441853,Susanna,Zhiwei,Senior Engineer,1986-12-08,9999-01-01
441881,Jeanna,Chvatal,Senior Staff,2001-11-06,9999-01-01
441881,Jeanna,Chvatal,Staff,1994-11-06,2001-11-06
441888,Jaewoo,Rosca,Staff,1999-10-18,2002-07-14
441891,Sastry,Back,Senior Engineer,1992-12-27,1997-03-06
441898,Weiwu,Kaltofen,Staff,1999-07-29,2001-11-17
441900,Soenke,Reutenauer,Engineer,1988-11-24,1996-11-24
441900,Soenke,Reutenauer,Senior Engineer,1996-11-24,9999-01-01
441901,Shiv,Peres,Engineer,1995-01-29,9999-01-01
441902,Shuzo,Swiler,Senior Staff,1992-09-17,9999-01-01
441902,Shuzo,Swiler,Staff,1987-09-18,1992-09-17
441922,Armond,Vuskovic,Senior Staff,1996-10-08,9999-01-01
441922,Armond,Vuskovic,Staff,1989-10-08,1996-10-08
441923,Mariusz,Ranft,Engineer,1987-07-05,1994-07-05
441923,Mariusz,Ranft,Senior Engineer,1994-07-05,9999-01-01
441953,Martijn,Sabnani,Staff,1988-06-03,1988-10-26
441975,Sachar,Pepe,Technique Leader,1999-09-06,9999-01-01
441981,Ulf,Murrill,Engineer,1993-05-05,1996-02-06
441984,Mariusz,Anick,Senior Staff,1995-07-03,2000-07-17
441984,Mariusz,Anick,Staff,1986-07-03,1995-07-03
441986,Marlo,Sgarro,Senior Staff,1988-01-11,9999-01-01
441989,Shunichi,Serra,Senior Engineer,1997-11-13,2001-01-22
441991,Mingsen,Awdeh,Staff,1999-02-06,9999-01-01
441994,Duke,Encarnacion,Engineer,1997-02-10,2002-02-10
441994,Duke,Encarnacion,Senior Engineer,2002-02-10,9999-01-01
442041,Idoia,Zumaque,Senior Engineer,1997-04-27,9999-01-01
442045,Francoise,Vitiello,Senior Staff,1986-11-22,9999-01-01
442046,Shir,Massonet,Staff,1999-06-20,9999-01-01
442053,Weiwu,Alpin,Senior Staff,1997-08-23,9999-01-01
442073,Mabo,Rodite,Senior Staff,1996-04-17,9999-01-01
442073,Mabo,Rodite,Staff,1987-04-18,1996-04-17
442084,Rayond,Bala,Senior Staff,1996-12-26,9999-01-01
442084,Rayond,Bala,Staff,1991-12-27,1996-12-26
442087,Sorina,Panienski,Engineer,1989-10-24,1995-10-24
442087,Sorina,Panienski,Senior Engineer,1995-10-24,9999-01-01
442128,Augustine,Pileggi,Senior Staff,1997-12-27,9999-01-01
442128,Augustine,Pileggi,Staff,1990-12-27,1997-12-27
442136,Yuguang,Luce,Senior Staff,1992-06-10,1997-01-21
442136,Yuguang,Luce,Staff,1987-06-11,1992-06-10
442138,Yunming,Lienhardt,Senior Staff,1993-12-13,9999-01-01
442138,Yunming,Lienhardt,Staff,1986-12-13,1993-12-13
442139,Pradeep,Bolsens,Staff,1998-02-03,1998-11-05
442174,Shigeu,Hoppenstand,Engineer,1998-12-06,9999-01-01
442181,Suvo,Luga,Engineer,1990-12-16,1996-12-15
442181,Suvo,Luga,Senior Engineer,1996-12-15,9999-01-01
442189,Arnd,Muhling,Staff,1999-06-25,9999-01-01
442192,Stafford,Msuda,Staff,1994-06-20,9999-01-01
442200,Khalid,Kabayashi,Engineer,1994-10-16,2000-10-15
442200,Khalid,Kabayashi,Senior Engineer,2000-10-15,9999-01-01
442201,Shiv,Porotnikoff,Senior Staff,1994-02-20,9999-01-01
442201,Shiv,Porotnikoff,Staff,1988-02-21,1994-02-20
442207,Adas,Zuberek,Senior Staff,1994-02-16,9999-01-01
442207,Adas,Zuberek,Staff,1988-02-17,1994-02-16
442208,Conrado,Hitomi,Engineer,1993-01-06,1999-07-08
442220,Udi,Qiwen,Engineer,1998-01-10,9999-01-01
442236,Morrie,Tsukuda,Engineer,1998-04-09,9999-01-01
442242,Arra,Badr,Senior Staff,1989-04-18,9999-01-01
442251,Ronghao,Pietracaprina,Senior Staff,1995-04-08,9999-01-01
442254,Mingzeng,Yetim,Senior Staff,1999-09-18,9999-01-01
442254,Mingzeng,Yetim,Staff,1994-09-18,1999-09-18
442267,Debatosh,Ellozy,Senior Engineer,1993-08-03,9999-01-01
442270,Rance,Glowinski,Engineer,1985-05-20,1994-05-20
442270,Rance,Glowinski,Senior Engineer,1994-05-20,9999-01-01
442276,Mabo,Ghazalie,Technique Leader,1998-07-24,9999-01-01
442302,Uli,Babu,Senior Staff,1985-05-21,9999-01-01
442307,Arnd,Morton,Assistant Engineer,1990-12-05,1997-12-05
442307,Arnd,Morton,Engineer,1997-12-05,9999-01-01
442324,Yucel,Doering,Engineer,1995-10-08,9999-01-01
442332,Chaitali,Jeong,Assistant Engineer,1994-10-01,9999-01-01
442345,Kazuhira,Brobst,Senior Staff,2001-08-08,9999-01-01
442345,Kazuhira,Brobst,Staff,1996-08-08,2001-08-08
442348,Limsoon,Jording,Staff,1997-02-05,2001-06-27
442354,Mong,Malinowski,Engineer,1995-06-15,2000-06-14
442354,Mong,Malinowski,Senior Engineer,2000-06-14,9999-01-01
442355,Fayez,Polajnar,Engineer,1998-02-17,9999-01-01
442362,Hailing,Alpin,Senior Staff,1996-03-06,9999-01-01
442362,Hailing,Alpin,Staff,1991-03-07,1996-03-06
442386,Amabile,Suri,Technique Leader,1990-08-02,1992-04-24
442388,Eberhardt,Biros,Senior Staff,2000-10-27,9999-01-01
442388,Eberhardt,Biros,Staff,1995-10-28,2000-10-27
442392,Charmane,Kornatzky,Engineer,1998-01-28,9999-01-01
442417,Jaques,Zuberek,Staff,1999-01-06,9999-01-01
442439,Denis,Cochrane,Senior Engineer,1992-01-17,9999-01-01
442447,Tooru,Serot,Senior Engineer,1997-06-22,9999-01-01
442461,Abdulah,Serot,Staff,1999-03-11,9999-01-01
442481,Kauko,Camurati,Engineer,1993-08-04,1994-02-06
442486,Constantijn,Huttel,Senior Staff,2001-12-21,9999-01-01
442486,Constantijn,Huttel,Staff,1995-12-22,2001-12-21
442491,Zvonko,Gewali,Technique Leader,1991-12-01,9999-01-01
442494,Nobuyoshi,Naumovich,Engineer,1987-04-17,1994-04-17
442494,Nobuyoshi,Naumovich,Senior Engineer,1994-04-17,9999-01-01
442501,Jiann,Talmon,Staff,1996-07-11,9999-01-01
442508,Maha,Bahr,Engineer,1997-08-20,1998-06-08
442509,Berhard,Laurillard,Engineer,1998-02-07,9999-01-01
442513,Xuejia,Barbanera,Senior Staff,1996-09-30,9999-01-01
442513,Xuejia,Barbanera,Staff,1990-10-01,1996-09-30
442545,Ioana,Mitina,Staff,1998-07-24,9999-01-01
442559,Jaana,Angot,Senior Staff,1997-09-05,9999-01-01
442559,Jaana,Angot,Staff,1992-09-05,1997-09-05
442561,Ebru,Akazan,Senior Staff,1995-09-24,9999-01-01
442561,Ebru,Akazan,Staff,1987-09-24,1995-09-24
442570,Fumino,Schiper,Senior Staff,1998-01-10,9999-01-01
442570,Fumino,Schiper,Staff,1990-01-10,1998-01-10
442574,Susumu,Siprelle,Senior Engineer,1998-02-02,2002-02-03
442577,Geoffrey,Kandlur,Assistant Engineer,1985-12-30,1991-12-30
442577,Geoffrey,Kandlur,Engineer,1991-12-30,1997-12-29
442577,Geoffrey,Kandlur,Senior Engineer,1997-12-29,9999-01-01
442583,Vitali,Sridhar,Senior Staff,2000-09-15,9999-01-01
442583,Vitali,Sridhar,Staff,1991-09-16,2000-09-15
442602,Jouko,Lodder,Senior Staff,1996-04-18,9999-01-01
442602,Jouko,Lodder,Staff,1988-04-18,1996-04-18
442632,Mingdong,Itzigehl,Senior Staff,1996-09-17,9999-01-01
442632,Mingdong,Itzigehl,Staff,1990-09-18,1996-09-17
442634,Slavian,Fandrianto,Senior Engineer,1993-12-13,2000-07-21
442660,Ugo,DeMori,Senior Staff,1999-07-06,1999-08-19
442660,Ugo,DeMori,Staff,1994-07-06,1999-07-06
442711,Henk,Pezzoli,Staff,1999-05-21,9999-01-01
442762,Uriel,Straney,Engineer,1999-03-01,1999-12-25
442768,Martien,Rande,Engineer,1985-07-15,1985-10-30
442778,Alair,Roohalamini,Assistant Engineer,1991-10-03,1997-12-11
442785,Jacqueline,Tibblin,Senior Staff,1997-04-21,2000-01-09
442814,Taegyun,Rosaz,Engineer,1998-06-29,9999-01-01
442825,Tommaso,Codenie,Senior Staff,1997-04-17,9999-01-01
442825,Tommaso,Codenie,Staff,1991-04-18,1997-04-17
442826,Masasuke,Itschner,Senior Engineer,1998-05-15,9999-01-01
442837,Roddy,Harbusch,Senior Staff,1987-01-19,9999-01-01
442842,Jiafu,Raney,Senior Staff,1991-03-18,9999-01-01
442842,Jiafu,Raney,Staff,1985-03-18,1991-03-18
442872,Stabislas,Condotta,Senior Staff,1995-03-18,9999-01-01
442891,Troy,Heystek,Senior Engineer,1992-08-25,9999-01-01
442902,True,Marchesini,Staff,1997-10-08,9999-01-01
442912,Dannz,Besancenot,Assistant Engineer,1996-07-31,2001-07-31
442912,Dannz,Besancenot,Engineer,2001-07-31,9999-01-01
442913,Hilari,Liedekerke,Senior Staff,1996-03-17,9999-01-01
442913,Hilari,Liedekerke,Staff,1990-03-18,1996-03-17
442916,Gully,Beutelspacher,Staff,1998-06-16,9999-01-01
442930,Tommaso,Binkley,Technique Leader,1988-12-16,9999-01-01
442933,Baocai,Vural,Senior Staff,1995-06-14,9999-01-01
442933,Baocai,Vural,Staff,1989-06-14,1995-06-14
442936,Susanne,Weedman,Engineer,1997-10-08,9999-01-01
442942,Ebru,Kamber,Senior Staff,1986-11-20,9999-01-01
442946,Greger,Qiwen,Engineer,1994-07-22,1999-07-22
442946,Greger,Qiwen,Senior Engineer,1999-07-22,9999-01-01
442963,Byong,Christ,Engineer,1999-02-04,9999-01-01
442967,Leen,Peek,Senior Staff,1995-10-19,1999-06-09
442967,Leen,Peek,Staff,1986-10-19,1995-10-19
442970,Emran,Snyers,Senior Staff,1996-10-19,9999-01-01
442982,Chikara,Gerlach,Staff,1994-03-26,1994-03-27
442999,Duangkaew,Lung,Engineer,1990-11-22,1995-11-22
442999,Duangkaew,Lung,Senior Engineer,1995-11-22,9999-01-01
443005,Berthier,Schneeberger,Senior Staff,1995-04-13,9999-01-01
443005,Berthier,Schneeberger,Staff,1990-04-13,1995-04-13
443030,Ramalingam,Validov,Senior Staff,1993-02-05,9999-01-01
443030,Ramalingam,Validov,Staff,1985-02-05,1993-02-05
443068,Danny,Marsiglia,Senior Staff,1997-07-10,9999-01-01
443068,Danny,Marsiglia,Staff,1988-07-10,1997-07-10
443077,Toshimo,Cappelli,Assistant Engineer,1992-06-25,1997-12-17
443083,Nahum,Erman,Engineer,1992-08-21,1997-08-21
443083,Nahum,Erman,Senior Engineer,1997-08-21,9999-01-01
443094,Frazer,Bahl,Engineer,1997-01-23,9999-01-01
443096,Shirish,Benner,Senior Engineer,1998-01-19,9999-01-01
443105,Yunming,Baer,Engineer,1988-01-30,1995-01-30
443105,Yunming,Baer,Senior Engineer,1995-01-30,9999-01-01
443106,Zhiwei,Xiaoshan,Senior Staff,1997-11-30,9999-01-01
443106,Zhiwei,Xiaoshan,Staff,1989-11-30,1997-11-30
443114,Xiaocheng,Hiraishi,Engineer,1995-12-20,9999-01-01
443146,Lunjin,Champarnaud,Senior Staff,2002-07-23,9999-01-01
443146,Lunjin,Champarnaud,Staff,1994-07-23,2002-07-23
443150,Chinho,Swift,Senior Engineer,1987-06-21,9999-01-01
443193,Marjo,Rosenbaum,Senior Staff,1995-11-11,9999-01-01
443193,Marjo,Rosenbaum,Staff,1990-11-11,1995-11-11
443209,Ottavia,Serdy,Senior Staff,1995-08-29,9999-01-01
443209,Ottavia,Serdy,Staff,1986-08-29,1995-08-29
443213,Shigeu,Yetto,Senior Staff,1997-04-06,9999-01-01
443214,Lakshmi,Juneja,Staff,1999-08-25,9999-01-01
443232,Padma,Krzyzanowski,Assistant Engineer,1993-09-20,2001-09-20
443232,Padma,Krzyzanowski,Engineer,2001-09-20,9999-01-01
443237,Gennadi,Choobineh,Engineer,1990-10-28,1999-10-28
443237,Gennadi,Choobineh,Senior Engineer,1999-10-28,9999-01-01
443238,Prasadram,Potthoff,Engineer,1997-06-23,9999-01-01
443246,Mara,Grospietsch,Senior Staff,1995-03-22,9999-01-01
443248,Nectarios,Holburn,Senior Staff,1995-07-12,9999-01-01
443248,Nectarios,Holburn,Staff,1986-07-12,1995-07-12
443250,Sven,Hartvigsen,Assistant Engineer,1986-12-05,1992-12-04
443250,Sven,Hartvigsen,Engineer,1992-12-04,1998-12-04
443250,Sven,Hartvigsen,Senior Engineer,1998-12-04,9999-01-01
443259,Chikara,Kading,Engineer,1995-06-19,2000-06-18
443259,Chikara,Kading,Senior Engineer,2000-06-18,9999-01-01
443267,Mary,Feinberg,Staff,1988-08-22,1993-12-21
443295,Becky,Lindenbaum,Engineer,1993-04-09,1994-10-25
443326,Manton,Beeson,Senior Staff,1995-09-11,9999-01-01
443330,Sandeepan,Verhoeff,Staff,1987-01-11,1990-02-04
443394,Frederique,Senzako,Senior Staff,1990-11-03,9999-01-01
443405,Zhiguo,Range,Senior Staff,1996-07-24,9999-01-01
443405,Zhiguo,Range,Staff,1988-07-24,1996-07-24
443407,Vivian,Bednarek,Senior Engineer,1996-07-06,9999-01-01
443408,Terresa,Chachaty,Senior Engineer,1991-02-10,1994-05-19
443435,Arunas,Linares,Engineer,1985-02-27,1991-01-29
443440,Dipankar,Varker,Senior Staff,1996-02-16,9999-01-01
443440,Dipankar,Varker,Staff,1990-02-16,1996-02-16
443463,Debaprosad,Fargier,Engineer,1994-05-02,9999-01-01
443466,Susanta,Ranai,Staff,1996-09-21,9999-01-01
443467,Mariusz,Zhiwei,Senior Staff,1995-09-05,9999-01-01
443479,Ramalingam,Lovengreen,Senior Staff,2000-08-28,9999-01-01
443479,Ramalingam,Lovengreen,Staff,1992-08-28,2000-08-28
443481,Theirry,Benaini,Senior Staff,1987-10-19,9999-01-01
443491,Chinhyun,Kitai,Engineer,1989-11-17,1997-11-17
443491,Chinhyun,Kitai,Senior Engineer,1997-11-17,9999-01-01
443497,Dekang,Auria,Senior Engineer,1987-03-08,9999-01-01
443517,Yakkov,dAstous,Staff,1995-03-28,9999-01-01
443531,Conal,Setiz,Engineer,1992-10-06,1999-10-07
443531,Conal,Setiz,Senior Engineer,1999-10-07,9999-01-01
443539,Vishu,Andreotta,Senior Staff,1999-08-22,9999-01-01
443539,Vishu,Andreotta,Staff,1992-08-21,1999-08-22
443541,Giri,Melichar,Engineer,1997-10-26,9999-01-01
443549,Fen,Spelt,Engineer,1994-07-04,9999-01-01
443580,Leen,Farrow,Senior Engineer,1994-04-22,1998-12-01
443595,Sariel,Paludetto,Senior Staff,1994-05-26,9999-01-01
443608,Mong,Stemann,Assistant Engineer,1997-06-12,9999-01-01
443612,Valter,Bakhtari,Senior Staff,1989-05-28,9999-01-01
443638,Bernice,Benner,Engineer,1995-09-15,2000-09-14
443638,Bernice,Benner,Senior Engineer,2000-09-14,9999-01-01
443649,Honesty,Wrigley,Engineer,1985-02-23,1992-02-24
443649,Honesty,Wrigley,Senior Engineer,1992-02-24,1993-06-14
443655,Cathie,Bolotov,Engineer,1996-10-22,9999-01-01
443656,Idoia,Swen,Senior Staff,1990-08-31,9999-01-01
443656,Idoia,Swen,Staff,1985-08-31,1990-08-31
443667,Laurentiu,Klerer,Engineer,1998-01-20,9999-01-01
443704,Prodip,Buescher,Staff,1999-08-09,9999-01-01
443709,Lakshmi,Itschner,Assistant Engineer,1992-08-26,2001-08-26
443709,Lakshmi,Itschner,Engineer,2001-08-26,9999-01-01
443711,Subhankar,Cooke,Staff,1999-09-30,9999-01-01
443740,Shaz,Mullainathan,Assistant Engineer,1996-11-30,1998-11-26
443756,Keung,Roisin,Engineer,1987-08-01,1993-07-31
443756,Keung,Roisin,Senior Engineer,1993-07-31,9999-01-01
443764,Pranav,Vilarrasa,Senior Staff,1993-11-18,9999-01-01
443764,Pranav,Vilarrasa,Staff,1985-11-18,1993-11-18
443780,Hugh,Dayana,Senior Staff,1996-04-03,9999-01-01
443780,Hugh,Dayana,Staff,1988-04-04,1996-04-03
443784,Pranjal,Baalen,Senior Staff,1991-01-10,9999-01-01
443800,Mansur,Reeken,Engineer,1999-01-04,9999-01-01
443806,Utz,Chepyzhov,Senior Staff,2001-07-26,2001-09-08
443806,Utz,Chepyzhov,Staff,1993-07-26,2001-07-26
443812,Shigehito,Spinelli,Engineer,1991-12-21,1997-12-20
443812,Shigehito,Spinelli,Senior Engineer,1997-12-20,9999-01-01
443815,Boaz,Schapiro,Senior Engineer,1987-10-11,9999-01-01
443844,Leon,Godskesen,Senior Staff,1995-01-28,2001-09-11
443844,Leon,Godskesen,Staff,1990-01-28,1995-01-28
443845,Mads,Emmart,Senior Engineer,1999-10-08,2000-01-20
443859,Chikako,Andreotta,Staff,1999-12-05,9999-01-01
443876,Isaac,Lemarechal,Engineer,1986-06-09,1991-06-09
443876,Isaac,Lemarechal,Senior Engineer,1991-06-09,1996-03-21
443879,Danil,Krupka,Staff,1997-08-11,9999-01-01
443882,Garnik,Kampfer,Senior Engineer,1998-10-16,9999-01-01
443897,Weiwu,Rullman,Senior Staff,1991-04-25,9999-01-01
443897,Weiwu,Rullman,Staff,1985-04-25,1991-04-25
443915,Nitsan,Ranft,Staff,1988-10-22,1991-12-08
443926,Sanjoy,Khamsi,Senior Staff,1992-02-02,9999-01-01
443926,Sanjoy,Khamsi,Staff,1986-02-02,1992-02-02
443957,Baoqiu,Anido,Senior Engineer,1994-09-17,9999-01-01
443970,Zito,Babb,Engineer,1994-10-24,1999-11-11
443974,Bernd,Miyakawa,Senior Staff,1997-11-07,9999-01-01
443974,Bernd,Miyakawa,Staff,1991-11-08,1997-11-07
443999,Waiman,Boudaillier,Engineer,1996-07-07,9999-01-01
444010,Gil,Speer,Technique Leader,1996-08-16,9999-01-01
444015,Shuji,Parfitt,Staff,1999-02-05,9999-01-01
444081,Kristine,Perfilyeva,Technique Leader,1996-07-13,9999-01-01
444102,Khun,Verhoeff,Engineer,1987-02-21,1992-02-21
444102,Khun,Verhoeff,Senior Engineer,1992-02-21,9999-01-01
444117,Aamer,Zongker,Technique Leader,1999-09-09,9999-01-01
444125,Shuho,Magalhaes,Engineer,1990-07-15,1996-07-14
444125,Shuho,Magalhaes,Senior Engineer,1996-07-14,9999-01-01
444127,Suvo,Madeira,Senior Engineer,1993-01-30,9999-01-01
444133,Mircea,Collavizza,Staff,1997-02-20,9999-01-01
444143,Trygve,Milicia,Senior Staff,1996-03-07,9999-01-01
444143,Trygve,Milicia,Staff,1988-03-07,1996-03-07
444154,Manohar,Ritcey,Technique Leader,1993-11-18,1994-10-13
444161,Elgin,Lenart,Staff,1997-10-04,1998-10-26
444193,Waiman,Farrag,Engineer,1988-03-22,1995-03-23
444193,Waiman,Farrag,Senior Engineer,1995-03-23,9999-01-01
444200,Udo,Zhang,Staff,1991-05-18,1996-10-29
444222,Taegyun,Trumbly,Engineer,1989-04-05,1994-04-05
444222,Taegyun,Trumbly,Senior Engineer,1994-04-05,9999-01-01
444234,Luigi,Lueh,Senior Staff,1995-04-20,9999-01-01
444242,Goetz,Angiulli,Senior Engineer,1998-06-21,9999-01-01
444285,Parke,Menyhert,Engineer,1998-11-27,9999-01-01
444307,Patricia,Suessmith,Staff,1989-11-17,1993-02-06
444308,Stamatina,Edelhoff,Technique Leader,1996-08-25,9999-01-01
444322,Chinhyun,Heping,Senior Engineer,1992-10-01,9999-01-01
444344,Hyuckchul,Trogemann,Staff,1991-12-08,1995-09-20
444359,Kazuyasu,Kavanagh,Engineer,1990-06-09,1996-06-08
444359,Kazuyasu,Kavanagh,Senior Engineer,1996-06-08,9999-01-01
444394,Shunichi,Bahl,Engineer,1989-12-18,1993-03-28
444405,Shmuel,Buescher,Senior Staff,1998-08-04,9999-01-01
444405,Shmuel,Buescher,Staff,1990-08-04,1998-08-04
444411,Katsuo,Rossi,Senior Staff,1990-09-24,1993-09-29
444411,Katsuo,Rossi,Staff,1985-09-24,1990-09-24
444412,Kristen,Glinert,Technique Leader,1989-08-13,9999-01-01
444418,Miomir,Chiodo,Assistant Engineer,1986-04-28,1994-04-28
444418,Miomir,Chiodo,Engineer,1994-04-28,2002-04-28
444418,Miomir,Chiodo,Senior Engineer,2002-04-28,9999-01-01
444454,Adel,Poupard,Engineer,1997-07-02,9999-01-01
444495,Werner,Argence,Senior Engineer,1994-03-12,2000-08-10
444506,Lorien,Badr,Assistant Engineer,1986-12-27,1992-12-26
444506,Lorien,Badr,Engineer,1992-12-26,1998-12-26
444506,Lorien,Badr,Senior Engineer,1998-12-26,9999-01-01
444517,Kristian,Speel,Senior Staff,1989-11-22,9999-01-01
444526,Guenter,Pollacia,Senior Staff,1991-06-16,9999-01-01
444526,Guenter,Pollacia,Staff,1986-06-16,1991-06-16
444539,Sergi,Karunanithi,Engineer,1994-09-29,2001-09-29
444539,Sergi,Karunanithi,Senior Engineer,2001-09-29,9999-01-01
444549,Diederik,Kulisch,Senior Staff,1993-10-23,9999-01-01
444549,Diederik,Kulisch,Staff,1985-10-23,1993-10-23
444552,Sukumar,Valtorta,Senior Staff,1987-03-01,1994-09-30
444571,Moti,Stavenow,Staff,1999-01-03,2000-10-09
444581,Souichi,Provine,Senior Staff,1997-10-26,9999-01-01
444581,Souichi,Provine,Staff,1989-10-27,1997-10-26
444588,Ymte,Hagimont,Senior Staff,2002-05-01,9999-01-01
444588,Ymte,Hagimont,Staff,1996-05-01,2002-05-01
444628,Taegyun,Delgrande,Engineer,1993-10-09,1998-10-09
444628,Taegyun,Delgrande,Senior Engineer,1998-10-09,9999-01-01
444639,Toshiki,Pashtan,Senior Staff,2001-09-10,9999-01-01
444639,Toshiki,Pashtan,Staff,1996-09-10,2001-09-10
444648,Constantino,Eugenio,Staff,1997-11-14,9999-01-01
444668,Heping,Rodier,Senior Staff,1998-02-20,9999-01-01
444669,Chinho,Poupard,Technique Leader,1998-07-17,9999-01-01
444721,Yahiko,Merli,Engineer,1992-12-02,1998-12-02
444721,Yahiko,Merli,Senior Engineer,1998-12-02,9999-01-01
444725,Yannis,Harllee,Engineer,1994-11-02,2001-11-02
444725,Yannis,Harllee,Senior Engineer,2001-11-02,9999-01-01
444728,Arne,Maquelin,Engineer,1992-04-16,1998-04-16
444728,Arne,Maquelin,Senior Engineer,1998-04-16,9999-01-01
444757,Navin,Jeansoulin,Senior Engineer,1987-11-09,9999-01-01
444761,Jeanna,Siegrist,Senior Staff,1996-08-21,9999-01-01
444761,Jeanna,Siegrist,Staff,1989-08-21,1996-08-21
444765,Vivian,Felcyn,Staff,1995-06-01,2002-01-15
444778,Saddek,Plessier,Engineer,1999-08-04,2000-06-28
444789,Jackson,Chelton,Engineer,1994-09-11,9999-01-01
444806,Ayakannu,Olivero,Staff,1998-04-28,9999-01-01
444808,Sudhanshu,Maquelin,Senior Staff,1997-05-04,9999-01-01
444808,Sudhanshu,Maquelin,Staff,1988-05-04,1997-05-04
444810,Prodip,Simmel,Staff,1989-04-06,1990-07-18
444824,Mari,Furedi,Staff,1999-07-01,9999-01-01
444827,Xiaopeng,Cichocki,Senior Staff,1997-07-01,9999-01-01
444827,Xiaopeng,Cichocki,Staff,1992-07-01,1997-07-01
444844,Taiji,Cherinka,Senior Staff,1993-10-16,9999-01-01
444844,Taiji,Cherinka,Staff,1985-10-16,1993-10-16
444848,Udo,Salverda,Senior Staff,1992-02-12,9999-01-01
444848,Udo,Salverda,Staff,1986-02-12,1992-02-12
444852,Jianhui,Llado,Senior Staff,1990-02-15,9999-01-01
444852,Jianhui,Llado,Staff,1985-02-15,1990-02-15
444887,Jiakeng,Ginesta,Engineer,1995-04-20,2002-04-20
444887,Jiakeng,Ginesta,Senior Engineer,2002-04-20,9999-01-01
444901,KayLiang,Magalhaes,Senior Staff,1995-08-22,2000-07-24
444901,KayLiang,Magalhaes,Staff,1987-08-22,1995-08-22
444902,Syozo,Luft,Engineer,1992-09-05,1999-09-06
444902,Syozo,Luft,Senior Engineer,1999-09-06,9999-01-01
444904,Anoosh,Gulak,Technique Leader,1999-12-14,9999-01-01
444944,Patricia,Kaiser,Technique Leader,1991-07-07,9999-01-01
444962,Basant,Ushiama,Senior Engineer,1992-06-23,9999-01-01
444980,Shih,Rehfuss,Staff,1995-06-15,9999-01-01
444985,Giap,Verspoor,Senior Staff,1995-03-17,9999-01-01
444985,Giap,Verspoor,Staff,1990-03-17,1995-03-17
444990,Udo,Terkki,Senior Staff,1997-04-17,9999-01-01
444990,Udo,Terkki,Staff,1988-04-17,1997-04-17
444992,Bernardo,Picaronny,Engineer,1995-04-20,2001-09-21
445002,Candida,Remmers,Senior Staff,1987-08-26,1996-08-13
445009,Sanjiv,Uchoa,Senior Staff,2002-05-28,9999-01-01
445009,Sanjiv,Uchoa,Staff,1993-05-28,2002-05-28
445021,Hidefumi,Simmen,Staff,1997-12-27,9999-01-01
445027,Peternela,Rissland,Senior Staff,1993-04-23,9999-01-01
445027,Peternela,Rissland,Staff,1985-04-23,1993-04-23
445028,Mohamadou,Lakshmanan,Senior Staff,2001-04-23,9999-01-01
445028,Mohamadou,Lakshmanan,Staff,1994-04-23,2001-04-23
445031,Yongqiao,Alameldin,Senior Staff,1986-10-29,9999-01-01
445053,Xiping,Docker,Engineer,1991-04-13,2000-04-12
445053,Xiping,Docker,Senior Engineer,2000-04-12,9999-01-01
445056,Baocai,Merro,Senior Engineer,1997-04-23,9999-01-01
445057,Qunsheng,Coullard,Senior Staff,2000-11-07,9999-01-01
445057,Qunsheng,Coullard,Staff,1992-11-07,2000-11-07
445072,Jaideep,Khalid,Staff,1996-09-04,2001-03-11
445089,Chuanti,Rothenberg,Senior Engineer,1987-02-28,9999-01-01
445092,Maja,Haddadi,Staff,1994-06-04,9999-01-01
445101,Eran,Fujisawa,Engineer,1990-05-02,1995-05-02
445101,Eran,Fujisawa,Senior Engineer,1995-05-02,9999-01-01
445108,Masanao,Bierbaum,Senior Staff,1985-12-10,9999-01-01
445115,Kamran,Ramalingam,Senior Engineer,1990-08-14,9999-01-01
445153,Sachin,Siprelle,Engineer,1996-05-06,1996-07-07
445155,Udo,Mawatari,Engineer,1993-11-28,1999-11-28
445155,Udo,Mawatari,Senior Engineer,1999-11-28,9999-01-01
445159,Arch,Kusakari,Senior Staff,1996-07-21,9999-01-01
445159,Arch,Kusakari,Staff,1989-07-21,1996-07-21
445164,Heejo,Muchinsky,Senior Engineer,1989-07-05,9999-01-01
445170,Edwin,Fontan,Engineer,1998-08-06,2000-11-14
445174,Minghong,Gulik,Engineer,1995-06-09,2002-06-09
445174,Minghong,Gulik,Senior Engineer,2002-06-09,9999-01-01
445193,Satoru,Zeidenstein,Staff,1998-08-05,9999-01-01
445204,Ebbe,Ranum,Engineer,1998-12-22,9999-01-01
445206,Rayond,Zultner,Senior Staff,1992-05-22,9999-01-01
445206,Rayond,Zultner,Staff,1985-05-22,1992-05-22
445258,Ashish,Perly,Engineer,1993-09-14,2001-09-14
445258,Ashish,Perly,Senior Engineer,2001-09-14,9999-01-01
445282,Maris,Staudhammer,Engineer,1997-07-07,2002-07-07
445282,Maris,Staudhammer,Senior Engineer,2002-07-07,9999-01-01
445296,Ramya,Hempstead,Staff,1996-06-23,9999-01-01
445318,Anneke,Schaar,Engineer,2000-01-16,9999-01-01
445319,Rafail,Luce,Engineer,1997-12-08,9999-01-01
445338,Shao,Heering,Senior Staff,2001-12-10,9999-01-01
445338,Shao,Heering,Staff,1994-12-10,2001-12-10
445354,Jianwen,Baja,Staff,1997-06-11,2001-04-28
445364,Cristinel,Saoudi,Engineer,1994-06-04,9999-01-01
445380,Morrie,Smeets,Senior Staff,1997-01-20,9999-01-01
445380,Morrie,Smeets,Staff,1991-01-21,1997-01-20
445386,Vatsa,Szmurlo,Engineer,1987-01-05,1995-01-05
445386,Vatsa,Szmurlo,Senior Engineer,1995-01-05,9999-01-01
445407,Martial,Birsak,Senior Staff,1994-06-01,9999-01-01
445408,Kristin,Glowinski,Senior Staff,1998-01-13,9999-01-01
445422,Patricia,Speek,Senior Staff,1996-10-23,9999-01-01
445422,Patricia,Speek,Staff,1990-10-24,1996-10-23
445424,Jinpo,Breugel,Assistant Engineer,1988-11-27,1993-11-27
445424,Jinpo,Breugel,Engineer,1993-11-27,1998-11-27
445424,Jinpo,Breugel,Senior Engineer,1998-11-27,9999-01-01
445433,Kazunori,Azadmanesh,Staff,1999-03-22,2001-02-15
445468,Elrique,Norsworthy,Staff,1999-04-30,9999-01-01
445476,Oscar,Niizuma,Senior Staff,1997-03-14,2001-07-12
445476,Oscar,Niizuma,Staff,1988-03-14,1997-03-14
445482,Hilary,Goodrum,Senior Engineer,1991-01-20,9999-01-01
445488,Xumin,Chenoweth,Technique Leader,1999-06-11,9999-01-01
445500,Hironobu,Albarhamtoshy,Engineer,1996-11-11,2002-01-26
445543,Djenana,Pargas,Engineer,1987-02-17,1994-02-17
445543,Djenana,Pargas,Senior Engineer,1994-02-17,9999-01-01
445545,Sailaja,Crooks,Assistant Engineer,1993-05-01,2000-05-01
445545,Sailaja,Crooks,Engineer,2000-05-01,9999-01-01
445548,Sandeepan,Maraist,Engineer,1998-07-09,9999-01-01
445557,Karsten,Benveniste,Senior Staff,1998-09-12,9999-01-01
445557,Karsten,Benveniste,Staff,1991-09-12,1998-09-12
445566,Vugranam,Shihab,Staff,1996-03-01,9999-01-01
445605,Geraldo,Bernick,Staff,1997-11-16,9999-01-01
445606,Fumino,Spinelli,Engineer,1986-03-20,1994-03-20
445606,Fumino,Spinelli,Senior Engineer,1994-03-20,9999-01-01
445608,Kristof,Rettelbach,Senior Staff,1986-03-22,9999-01-01
445615,Masako,Skrikant,Engineer,1998-03-09,9999-01-01
445637,Parke,Zweizig,Senior Staff,1996-09-15,2002-07-17
445655,Monique,Crooks,Senior Engineer,1987-08-21,9999-01-01
445677,Marla,Bahk,Engineer,1996-05-30,9999-01-01
445681,Hironoby,Barvinok,Technique Leader,1999-03-08,9999-01-01
445690,Larisa,Otillio,Assistant Engineer,1997-01-11,9999-01-01
445692,Berni,Huhdanpaa,Assistant Engineer,1997-01-03,9999-01-01
445702,Xiaoqiang,Jeong,Senior Staff,1987-02-09,9999-01-01
445720,Ramachenga,Zumaque,Senior Staff,2001-02-27,9999-01-01
445720,Ramachenga,Zumaque,Staff,1993-02-27,2001-02-27
445722,Yifei,Remmers,Technique Leader,1989-12-15,9999-01-01
445730,Kristin,Ramsak,Engineer,1996-08-29,9999-01-01
445739,Zhenhua,Munch,Engineer,1994-05-25,2000-05-24
445739,Zhenhua,Munch,Senior Engineer,2000-05-24,9999-01-01
445764,Gunilla,Baby,Engineer,1985-03-12,1992-03-12
445764,Gunilla,Baby,Senior Engineer,1992-03-12,9999-01-01
445771,Pragnesh,Krupka,Senior Staff,1998-01-26,9999-01-01
445771,Pragnesh,Krupka,Staff,1991-01-26,1998-01-26
445784,Tooru,Shackell,Engineer,1996-05-20,2001-05-20
445784,Tooru,Shackell,Senior Engineer,2001-05-20,9999-01-01
445785,Alper,Herber,Senior Staff,1999-11-21,9999-01-01
445785,Alper,Herber,Staff,1990-11-21,1999-11-21
445788,Panayotis,Buchter,Engineer,2000-01-17,9999-01-01
445799,Leon,Prochazka,Staff,1996-11-26,9999-01-01
445802,Tomoyuki,Kilgour,Senior Staff,1993-04-20,2000-03-22
445802,Tomoyuki,Kilgour,Staff,1987-04-21,1993-04-20
445818,Jayson,Remmele,Engineer,1991-08-11,2000-08-10
445818,Jayson,Remmele,Senior Engineer,2000-08-10,9999-01-01
445838,Jouko,Benner,Senior Staff,1991-10-28,9999-01-01
445838,Jouko,Benner,Staff,1986-10-28,1991-10-28
445841,Valdiodio,Babb,Senior Staff,1996-07-10,9999-01-01
445851,Karsten,Puoti,Senior Engineer,1990-07-06,1991-03-17
445883,Yongdong,Attimonelli,Senior Staff,1985-09-29,9999-01-01
445903,Radoslaw,Kisuki,Staff,1999-02-22,9999-01-01
445909,Sedat,Peot,Senior Engineer,1994-11-02,1996-07-03
445917,Francoise,Ventosa,Senior Engineer,1997-10-10,1998-06-20
445918,Kwun,Nations,Senior Staff,1992-12-20,9999-01-01
445955,Jiakeng,Unni,Engineer,1997-09-22,9999-01-01
445957,Basant,Zeleznik,Senior Engineer,1991-09-06,9999-01-01
445969,Kankanahalli,Vrecion,Engineer,1990-04-10,1999-04-10
445969,Kankanahalli,Vrecion,Senior Engineer,1999-04-10,9999-01-01
445989,Mizuhito,Clouatre,Senior Staff,1991-10-06,9999-01-01
445989,Mizuhito,Clouatre,Staff,1985-10-06,1991-10-06
446007,Anwar,Schicker,Engineer,1991-09-22,1998-09-22
446007,Anwar,Schicker,Senior Engineer,1998-09-22,9999-01-01
446018,Oscar,Suomi,Staff,1996-05-06,9999-01-01
446056,Heping,Soloway,Senior Staff,1996-05-18,9999-01-01
446075,Xinyu,Waleschkowski,Staff,1997-08-28,9999-01-01
446127,Tze,Braunschweig,Engineer,1993-01-24,2002-01-24
446127,Tze,Braunschweig,Senior Engineer,2002-01-24,9999-01-01
446138,Jianhua,Baar,Senior Engineer,1993-06-04,9999-01-01
446167,Prodip,Snedden,Engineer,1999-07-03,9999-01-01
446172,Babette,Gladwell,Engineer,1997-02-26,9999-01-01
446175,Przemyslawa,Mapelli,Engineer,1999-01-03,9999-01-01
446181,Gaurav,Bernardinello,Engineer,1993-02-20,1999-02-20
446181,Gaurav,Bernardinello,Senior Engineer,1999-02-20,9999-01-01
446202,Aris,Gajiwala,Engineer,1996-02-07,2001-02-06
446202,Aris,Gajiwala,Senior Engineer,2001-02-06,9999-01-01
446211,Wanqing,Thambidurai,Assistant Engineer,1985-10-05,1991-10-05
446211,Wanqing,Thambidurai,Engineer,1991-10-05,1997-10-04
446211,Wanqing,Thambidurai,Senior Engineer,1997-10-04,9999-01-01
446212,Uzi,Kampfer,Engineer,1989-07-27,1995-07-27
446212,Uzi,Kampfer,Senior Engineer,1995-07-27,9999-01-01
446215,Mara,dAstous,Engineer,2000-01-10,2001-04-22
446218,Jeong,Swiss,Senior Staff,1989-06-02,9999-01-01
446230,Pintsang,Granlund,Senior Staff,2002-03-27,9999-01-01
446230,Pintsang,Granlund,Staff,1993-03-27,2002-03-27
446231,Shakhar,Cromarty,Senior Staff,1994-11-20,9999-01-01
446231,Shakhar,Cromarty,Staff,1987-11-20,1994-11-20
446236,Chandrasekaran,Polupanov,Senior Engineer,1995-01-09,9999-01-01
446237,Abdelwaheb,Frezza,Staff,1998-05-13,9999-01-01
446246,Honesty,DasSarma,Staff,1997-05-14,9999-01-01
446268,Weiru,Furedi,Engineer,1985-02-13,1994-02-13
446268,Weiru,Furedi,Senior Engineer,1994-02-13,9999-01-01
446286,Torsten,Reinhart,Engineer,1998-08-14,2001-05-24
446325,Satosi,Nooteboom,Engineer,1985-02-27,1993-02-27
446325,Satosi,Nooteboom,Senior Engineer,1993-02-27,9999-01-01
446342,Mantis,Krupka,Engineer,1995-02-01,9999-01-01
446354,Lijia,Kaiser,Senior Staff,1992-07-15,9999-01-01
446364,Baziley,Armand,Senior Staff,1993-04-29,9999-01-01
446364,Baziley,Armand,Staff,1988-04-29,1993-04-29
446382,Kwee,Rosay,Engineer,1996-11-24,9999-01-01
446427,Wuxu,Gadepally,Staff,1994-05-31,1999-12-18
446428,Shrikanth,Rajala,Senior Staff,1989-06-13,9999-01-01
446437,Shaleah,Suessmith,Senior Staff,2000-11-14,9999-01-01
446437,Shaleah,Suessmith,Staff,1994-11-15,2000-11-14
446465,Narain,Krohm,Technique Leader,1992-12-25,1997-06-13
446482,Rutger,Merkl,Senior Staff,1995-10-07,9999-01-01
446482,Rutger,Merkl,Staff,1989-10-07,1995-10-07
446486,Luisa,Molenkamp,Engineer,1993-01-12,1993-02-18
446489,Marc,Menhoudj,Engineer,1992-04-03,1997-04-03
446489,Marc,Menhoudj,Senior Engineer,1997-04-03,9999-01-01
446491,Alenka,Gyimothy,Senior Staff,1998-03-20,9999-01-01
446495,Gilbert,Hoogerwoord,Engineer,1996-11-22,2001-11-22
446495,Gilbert,Hoogerwoord,Senior Engineer,2001-11-22,9999-01-01
446496,Martijn,Swab,Staff,1999-11-26,9999-01-01
446506,Tsvetan,Paludetto,Technique Leader,1994-05-30,9999-01-01
446524,Boriana,Stranks,Staff,1998-05-04,2002-05-23
446526,Toong,Bernatsky,Senior Staff,2001-08-11,9999-01-01
446526,Toong,Bernatsky,Staff,1992-08-11,2001-08-11
446540,Katsuyuki,Demke,Senior Staff,2001-06-04,9999-01-01
446540,Katsuyuki,Demke,Staff,1993-06-04,2001-06-04
446545,Barry,Perly,Staff,1992-07-02,1994-03-11
446550,Dante,Lakshmanan,Engineer,1997-10-30,9999-01-01
446586,Weiyi,Bakhtari,Staff,1999-07-08,9999-01-01
446616,Yuichiro,Cmelik,Senior Staff,1993-05-13,9999-01-01
446619,Subhankar,Clouatre,Senior Engineer,1985-05-15,1991-06-25
446621,Samphel,Iisaku,Senior Staff,1996-01-05,9999-01-01
446621,Samphel,Iisaku,Staff,1987-01-05,1996-01-05
446632,Sanjoy,Deyuan,Assistant Engineer,1995-04-30,2002-04-30
446632,Sanjoy,Deyuan,Engineer,2002-04-30,9999-01-01
446658,Heon,Nourani,Senior Engineer,1989-12-13,9999-01-01
446671,Basil,Marquardt,Senior Engineer,1988-10-03,9999-01-01
446708,Geoffry,Smeets,Engineer,1991-06-26,1998-06-26
446708,Geoffry,Smeets,Senior Engineer,1998-06-26,9999-01-01
446716,Ziya,Furedi,Senior Staff,1994-08-01,9999-01-01
446716,Ziya,Furedi,Staff,1988-08-01,1994-08-01
446718,Barry,Dechter,Senior Staff,1994-11-20,9999-01-01
446718,Barry,Dechter,Staff,1988-11-20,1994-11-20
446723,Bowen,Gimarc,Staff,1995-12-23,1997-04-12
446733,Zita,Woycyznski,Senior Engineer,1998-05-08,1999-01-07
446748,Gonzalo,Samarati,Senior Staff,1998-08-26,9999-01-01
446748,Gonzalo,Samarati,Staff,1993-08-26,1998-08-26
446752,Ottavia,Reeken,Technique Leader,1989-01-27,9999-01-01
446761,Baoqiu,Hofting,Senior Staff,1993-08-02,9999-01-01
446761,Baoqiu,Hofting,Staff,1988-08-02,1993-08-02
446762,Gladys,Bage,Engineer,1998-02-17,9999-01-01
446770,Indrajit,Bernardinello,Staff,1999-02-03,9999-01-01
446820,Sigeru,Karner,Engineer,1985-11-11,1992-11-11
446820,Sigeru,Karner,Senior Engineer,1992-11-11,1998-05-28
446832,Yongdong,Georg,Staff,1990-01-27,1993-12-22
446839,Sham,Pillow,Engineer,1999-03-21,9999-01-01
446881,Marit,Munck,Technique Leader,1989-06-25,9999-01-01
446923,Pradeep,Streng,Senior Engineer,1986-02-23,9999-01-01
446936,Xiaocheng,Leaver,Senior Engineer,1999-08-29,9999-01-01
446942,Teruyuki,Kamber,Staff,1998-03-13,9999-01-01
446948,Krisda,Kalloufi,Senior Staff,1994-04-17,9999-01-01
446974,Chaitali,Bernardeschi,Assistant Engineer,1993-09-25,2000-09-25
446974,Chaitali,Bernardeschi,Engineer,2000-09-25,9999-01-01
446975,Udo,Aingworth,Senior Staff,1994-05-20,2001-12-08
446975,Udo,Aingworth,Staff,1989-05-20,1994-05-20
446992,Goh,Georgakopoulos,Senior Staff,1995-05-13,9999-01-01
446992,Goh,Georgakopoulos,Staff,1990-05-13,1995-05-13
447019,Padma,Luders,Engineer,1993-08-19,1999-08-19
447019,Padma,Luders,Senior Engineer,1999-08-19,9999-01-01
447060,Garnik,Weisert,Senior Staff,1998-11-20,9999-01-01
447060,Garnik,Weisert,Staff,1989-11-20,1998-11-20
447063,Ewing,Serna,Senior Staff,1994-08-27,9999-01-01
447063,Ewing,Serna,Staff,1986-08-27,1994-08-27
447066,Arve,Felder,Senior Staff,1997-10-04,1999-10-26
447071,Poorav,Pezzoli,Senior Staff,1996-04-10,9999-01-01
447071,Poorav,Pezzoli,Staff,1989-04-10,1996-04-10
447097,Shushma,Velardi,Senior Staff,1996-11-07,9999-01-01
447097,Shushma,Velardi,Staff,1987-11-08,1996-11-07
447115,Basant,Taubman,Senior Engineer,1994-01-23,9999-01-01
447153,Tremaine,Angel,Engineer,1989-01-10,1995-01-10
447153,Tremaine,Angel,Senior Engineer,1995-01-10,9999-01-01
447173,Guiseppe,Mandelberg,Senior Engineer,1988-08-05,1991-11-25
447175,Zito,Androutsos,Engineer,1990-10-13,1993-10-16
447187,Fay,Beilner,Assistant Engineer,1990-09-24,1995-03-02
447207,Hidekazu,Jervis,Engineer,1996-07-14,1996-07-22
447211,Patricio,Azuma,Technique Leader,1987-02-27,9999-01-01
447219,KayLiang,Dulin,Assistant Engineer,1997-05-16,2002-05-16
447219,KayLiang,Dulin,Engineer,2002-05-16,9999-01-01
447246,Hisao,Kriebel,Senior Engineer,1998-08-27,2000-10-16
447250,Kamakshi,Peac,Senior Staff,1993-07-31,9999-01-01
447250,Kamakshi,Peac,Staff,1985-07-31,1993-07-31
447263,Michaela,Cangellaris,Senior Staff,1995-10-08,9999-01-01
447263,Michaela,Cangellaris,Staff,1986-10-08,1995-10-08
447306,Pranav,Kalorkoti,Senior Staff,1993-11-08,9999-01-01
447306,Pranav,Kalorkoti,Staff,1987-11-09,1993-11-08
447317,Shounak,Henders,Staff,1994-10-10,1996-12-04
447319,Huei,Emmart,Engineer,1987-09-30,1992-09-29
447319,Huei,Emmart,Senior Engineer,1992-09-29,9999-01-01
447330,Przemyslawa,Kroll,Engineer,1997-11-22,9999-01-01
447344,Ipke,Lorin,Senior Staff,1995-01-11,9999-01-01
447344,Ipke,Lorin,Staff,1987-01-11,1995-01-11
447363,Takushi,Plump,Senior Staff,1994-09-11,2002-02-14
447371,Felicidad,Kalsbeek,Senior Staff,2000-10-23,9999-01-01
447371,Felicidad,Kalsbeek,Staff,1995-10-24,2000-10-23
447382,Shunichi,Picci,Technique Leader,1998-04-30,9999-01-01
447411,Shounak,Vidya,Senior Engineer,1994-05-30,9999-01-01
447418,Radhakrishnan,Lamparter,Assistant Engineer,1985-12-02,1991-12-02
447418,Radhakrishnan,Lamparter,Engineer,1991-12-02,1997-12-01
447418,Radhakrishnan,Lamparter,Senior Engineer,1997-12-01,9999-01-01
447436,Lorien,Sabnani,Engineer,1999-05-09,2000-02-23
447438,Siddarth,Couchot,Assistant Engineer,1986-12-27,1994-12-27
447438,Siddarth,Couchot,Engineer,1994-12-27,9999-01-01
447445,Kristian,Asrin,Engineer,1996-12-13,9999-01-01
447463,Sham,Uchoa,Staff,1999-10-12,9999-01-01
447466,Panayotis,Whittlesey,Engineer,1985-04-19,1994-04-19
447466,Panayotis,Whittlesey,Senior Engineer,1994-04-19,2001-01-31
447490,Rimli,Lally,Staff,1996-08-21,1997-11-03
447503,Kotesh,Kandlur,Senior Staff,1995-01-07,9999-01-01
447503,Kotesh,Kandlur,Staff,1987-01-07,1995-01-07
447518,Yechezkel,Perry,Senior Engineer,1999-06-16,9999-01-01
447521,Sanjoy,Kusakari,Engineer,1991-12-01,1998-12-01
447521,Sanjoy,Kusakari,Senior Engineer,1998-12-01,9999-01-01
447552,Christ,Bashian,Senior Staff,1992-07-17,9999-01-01
447552,Christ,Bashian,Staff,1987-07-18,1992-07-17
447559,Shai,Hedayat,Engineer,1988-01-12,1997-01-11
447559,Shai,Hedayat,Senior Engineer,1997-01-11,9999-01-01
447570,Shigehito,Schueller,Assistant Engineer,1989-10-20,1997-10-20
447570,Shigehito,Schueller,Engineer,1997-10-20,9999-01-01
447573,Pranjal,Sidou,Engineer,1985-10-06,1992-10-06
447573,Pranjal,Sidou,Senior Engineer,1992-10-06,9999-01-01
447594,Bedir,England,Staff,1995-09-13,9999-01-01
447628,Gennady,Katzenelson,Senior Staff,1993-07-17,9999-01-01
447628,Gennady,Katzenelson,Staff,1988-07-17,1993-07-17
447631,Anoosh,Escriba,Engineer,1996-11-29,9999-01-01
447642,Arvind,Kornatzky,Engineer,1997-06-10,9999-01-01
447666,Pranav,Hebert,Senior Staff,2002-04-25,9999-01-01
447666,Pranav,Hebert,Staff,1997-04-25,2002-04-25
447681,Youssef,Aingworth,Technique Leader,1993-02-25,9999-01-01
447688,Doowon,Ranze,Engineer,1997-12-01,9999-01-01
447696,Mingsen,Zirintsis,Engineer,1987-02-13,1993-02-12
447696,Mingsen,Zirintsis,Senior Engineer,1993-02-12,9999-01-01
447702,Xiaocheng,Sethi,Engineer,1987-12-07,1996-12-06
447702,Xiaocheng,Sethi,Senior Engineer,1996-12-06,9999-01-01
447706,Vojin,Collavizza,Senior Staff,2001-05-16,9999-01-01
447706,Vojin,Collavizza,Staff,1993-05-16,2001-05-16
447712,Mariusz,Lores,Senior Staff,2001-11-12,9999-01-01
447712,Mariusz,Lores,Staff,1996-11-12,2001-11-12
447713,Zine,Hofman,Engineer,1985-08-23,1991-08-23
447713,Zine,Hofman,Senior Engineer,1991-08-23,9999-01-01
447724,Miomir,Gajiwala,Engineer,1991-03-29,1999-03-29
447724,Miomir,Gajiwala,Senior Engineer,1999-03-29,9999-01-01
447725,Yongmao,Rahimi,Engineer,1992-04-06,2000-04-06
447725,Yongmao,Rahimi,Senior Engineer,2000-04-06,2001-12-04
447731,Sumant,Copas,Engineer,1994-12-22,1999-12-22
447731,Sumant,Copas,Senior Engineer,1999-12-22,9999-01-01
447741,Chinhyun,Hiltgen,Assistant Engineer,1989-05-12,1995-05-12
447741,Chinhyun,Hiltgen,Engineer,1995-05-12,2001-05-11
447741,Chinhyun,Hiltgen,Senior Engineer,2001-05-11,9999-01-01
447742,Jianhua,Pavlopoulou,Engineer,1993-11-27,9999-01-01
447767,Fuqing,Nyrup,Engineer,1987-01-23,1993-01-22
447767,Fuqing,Nyrup,Senior Engineer,1993-01-22,2001-06-04
447775,Eric,Beausoleil,Engineer,1992-12-08,2001-12-08
447775,Eric,Beausoleil,Senior Engineer,2001-12-08,9999-01-01
447777,Yongmao,Bonifati,Senior Staff,2000-04-27,9999-01-01
447777,Yongmao,Bonifati,Staff,1994-04-28,2000-04-27
447794,Masato,Hedayat,Senior Engineer,1985-02-09,9999-01-01
447805,Berto,Perl,Senior Staff,1991-09-04,1998-10-27
447807,Harjit,Madeira,Staff,1993-12-20,2000-04-10
447814,Geoffrey,Crooks,Staff,1987-03-30,1991-07-19
447839,Arto,Serov,Senior Staff,1988-01-06,1994-06-28
447872,Leah,Spelt,Assistant Engineer,1993-11-15,1998-11-15
447872,Leah,Spelt,Engineer,1998-11-15,9999-01-01
447889,Erzsebet,Heinisuo,Technique Leader,1986-08-08,9999-01-01
447900,Eric,Kleiser,Engineer,1992-03-28,1997-03-28
447900,Eric,Kleiser,Senior Engineer,1997-03-28,9999-01-01
447916,Kazuhiko,Bultermann,Engineer,1986-05-27,1993-05-27
447916,Kazuhiko,Bultermann,Senior Engineer,1993-05-27,9999-01-01
447951,Francoise,Itschner,Senior Staff,1997-10-29,9999-01-01
447951,Francoise,Itschner,Staff,1988-10-30,1997-10-29
447958,Khatoun,Gonthier,Staff,1994-11-03,1997-10-31
447965,Uwe,Seghrouchni,Senior Staff,1998-01-10,9999-01-01
447965,Uwe,Seghrouchni,Staff,1993-01-10,1998-01-10
447975,Suzette,Schneeberger,Senior Engineer,1986-11-23,9999-01-01
447986,Teruyuki,Gihr,Assistant Engineer,1996-10-11,9999-01-01
447987,Eldridge,Rebaine,Staff,1999-07-10,1999-12-16
447991,Fumitaka,Orlowski,Staff,1998-11-01,9999-01-01
447992,JiYoung,Sgarro,Technique Leader,1991-09-01,9999-01-01
448005,Lenore,Kemmerer,Engineer,1991-01-26,1999-01-26
448005,Lenore,Kemmerer,Senior Engineer,1999-01-26,9999-01-01
448020,Bojan,Baalen,Engineer,1995-10-11,9999-01-01
448092,Along,Salverda,Senior Staff,1995-05-07,9999-01-01
448092,Along,Salverda,Staff,1988-05-06,1995-05-07
448109,KayLiang,Wallrath,Assistant Engineer,1991-08-15,1998-08-15
448109,KayLiang,Wallrath,Engineer,1998-08-15,9999-01-01
448128,Chaosheng,Kornatzky,Staff,1996-11-01,1999-06-02
448133,Chiranjit,Terekhov,Engineer,1993-11-30,2000-11-30
448133,Chiranjit,Terekhov,Senior Engineer,2000-11-30,9999-01-01
448178,Shridhar,Kolvik,Senior Staff,1999-03-12,9999-01-01
448178,Shridhar,Kolvik,Staff,1991-03-12,1999-03-12
448189,Ramya,Comellas,Staff,1996-05-21,2001-09-01
448202,Douadi,Sommer,Engineer,1997-09-08,9999-01-01
448222,Shahar,Panwar,Engineer,1997-08-17,2002-05-23
448268,Phillip,Peak,Senior Staff,2000-01-26,9999-01-01
448268,Phillip,Peak,Staff,1995-01-26,2000-01-26
448296,Susanta,Riefers,Staff,1999-01-11,9999-01-01
448312,Srinidhi,Theuretzbacher,Engineer,1997-12-02,9999-01-01
448320,Ranga,Anily,Engineer,1991-07-25,1996-07-24
448320,Ranga,Anily,Senior Engineer,1996-07-24,9999-01-01
448329,Filipp,Benantar,Staff,1998-09-13,9999-01-01
448356,Stamatina,Parveen,Senior Staff,1992-06-12,9999-01-01
448356,Stamatina,Parveen,Staff,1985-06-12,1992-06-12
448399,Chikako,Schaad,Engineer,1994-07-25,2001-07-25
448399,Chikako,Schaad,Senior Engineer,2001-07-25,9999-01-01
448402,Ipke,Peroz,Engineer,1988-03-01,1996-03-01
448402,Ipke,Peroz,Senior Engineer,1996-03-01,9999-01-01
448408,Slavian,Gerlach,Senior Staff,2002-04-03,9999-01-01
448408,Slavian,Gerlach,Staff,1994-04-04,2002-04-03
448424,Yucel,Denna,Senior Staff,1996-05-19,9999-01-01
448434,Lihong,Pell,Senior Staff,1996-12-25,2000-01-23
448434,Lihong,Pell,Staff,1991-12-26,1996-12-25
448456,Khatoun,Bodoff,Senior Staff,1992-04-18,9999-01-01
448481,Arie,Eldridge,Engineer,1995-04-10,2000-04-09
448481,Arie,Eldridge,Senior Engineer,2000-04-09,2002-02-08
448488,Sachar,Oaver,Staff,1999-04-17,9999-01-01
448489,Chandrasekaran,Tsukuda,Engineer,1985-10-26,1994-10-26
448489,Chandrasekaran,Tsukuda,Senior Engineer,1994-10-26,9999-01-01
448515,Harjit,Plessier,Engineer,1991-07-05,1996-07-04
448515,Harjit,Plessier,Senior Engineer,1996-07-04,9999-01-01
448516,Poorav,Hofman,Senior Staff,1999-04-23,9999-01-01
448525,Takanari,Capobianchi,Staff,1999-06-10,9999-01-01
448540,Mang,Bonifati,Engineer,1990-05-31,1995-05-31
448540,Mang,Bonifati,Senior Engineer,1995-05-31,9999-01-01
448546,Lidong,Huttel,Engineer,1990-11-02,1997-11-02
448546,Lidong,Huttel,Senior Engineer,1997-11-02,9999-01-01
448547,Fen,Linares,Senior Staff,1996-11-06,9999-01-01
448547,Fen,Linares,Staff,1987-11-07,1996-11-06
448573,Krisda,Lueh,Engineer,1987-01-16,1995-01-16
448573,Krisda,Lueh,Senior Engineer,1995-01-16,9999-01-01
448574,Radhia,Bojadziev,Staff,1999-10-26,9999-01-01
448580,Tamiya,Lunn,Engineer,1991-11-10,2000-02-07
448581,Brewster,Brandsma,Senior Staff,1995-12-12,9999-01-01
448581,Brewster,Brandsma,Staff,1989-12-12,1995-12-12
448591,Wojceich,Bahk,Senior Staff,1997-10-06,9999-01-01
448591,Wojceich,Bahk,Staff,1992-10-06,1997-10-06
448600,Ennio,Llado,Engineer,1993-11-02,1998-11-02
448600,Ennio,Llado,Senior Engineer,1998-11-02,2000-06-10
448615,Marsja,Socorro,Technique Leader,1993-08-25,9999-01-01
448620,Adhemar,Hegner,Engineer,1997-08-16,9999-01-01
448624,Karoline,Wiegley,Engineer,1992-04-27,1997-04-27
448624,Karoline,Wiegley,Senior Engineer,1997-04-27,9999-01-01
448640,Steve,Seiwald,Staff,1997-05-14,9999-01-01
448643,Hitofumi,Tagansky,Engineer,1986-07-07,1992-07-06
448643,Hitofumi,Tagansky,Senior Engineer,1992-07-06,1999-01-08
448662,Jongsuk,Narwekar,Engineer,1995-08-29,2000-11-02
448668,Sakthirel,Pashtan,Senior Engineer,1997-09-17,9999-01-01
448674,Tayeb,Billingsley,Engineer,1991-04-20,1998-04-20
448674,Tayeb,Billingsley,Senior Engineer,1998-04-20,9999-01-01
448680,Alenka,Hiyoshi,Engineer,1991-07-07,1998-07-07
448680,Alenka,Hiyoshi,Senior Engineer,1998-07-07,9999-01-01
448684,Nidapan,Ramsey,Senior Engineer,1995-04-21,9999-01-01
448699,Nikolaus,Garnier,Staff,1996-09-29,2001-05-25
448701,Augustine,Famili,Engineer,1998-12-06,2000-10-03
448719,Kamran,Heuser,Senior Staff,1999-03-29,2001-03-23
448735,Suzette,Schusler,Engineer,1987-04-14,1994-04-14
448735,Suzette,Schusler,Senior Engineer,1994-04-14,1996-09-14
448741,Moty,Mitchem,Staff,1998-02-24,9999-01-01
448746,Eishiro,Talmon,Engineer,1987-01-21,1992-01-21
448746,Eishiro,Talmon,Senior Engineer,1992-01-21,9999-01-01
448761,Volkmar,Guenter,Engineer,1996-03-01,2002-03-01
448761,Volkmar,Guenter,Senior Engineer,2002-03-01,9999-01-01
448788,Ramzi,Junet,Senior Staff,2002-07-09,9999-01-01
448788,Ramzi,Junet,Staff,1994-07-09,2002-07-09
448827,Vivian,Geffroy,Staff,1997-09-28,9999-01-01
448842,Nevin,DeMori,Senior Staff,1995-12-22,9999-01-01
448843,Gao,Himler,Staff,1994-09-25,9999-01-01
448850,Guther,Lindqvist,Engineer,1989-07-09,1995-07-09
448850,Guther,Lindqvist,Senior Engineer,1995-07-09,2000-05-06
448853,Adas,Cannane,Senior Staff,1996-03-09,9999-01-01
448853,Adas,Cannane,Staff,1988-03-09,1996-03-09
448856,Augustine,Katalagarianos,Technique Leader,1998-09-26,9999-01-01
448865,Kiyotoshi,Holburn,Staff,1997-08-13,9999-01-01
448878,Kasidit,Veccia,Senior Staff,2000-12-17,9999-01-01
448878,Kasidit,Veccia,Staff,1993-12-17,2000-12-17
448893,Mooi,Gomatam,Engineer,1985-09-14,1992-09-14
448893,Mooi,Gomatam,Senior Engineer,1992-09-14,9999-01-01
448907,Baocai,Cannata,Engineer,1991-09-10,1999-09-10
448907,Baocai,Cannata,Senior Engineer,1999-09-10,9999-01-01
448922,Yuichiro,Zschoche,Staff,1989-03-05,1991-05-21
448931,Sudhanshu,Shackell,Engineer,1993-02-18,1998-02-18
448931,Sudhanshu,Shackell,Senior Engineer,1998-02-18,9999-01-01
448983,Katsuo,Heuter,Senior Staff,1997-01-02,9999-01-01
449002,Teiji,Kowalchuk,Senior Staff,1999-11-08,9999-01-01
449002,Teiji,Kowalchuk,Staff,1994-11-08,1999-11-08
449012,Weiye,Schiettecatte,Engineer,1992-05-12,2001-05-12
449012,Weiye,Schiettecatte,Senior Engineer,2001-05-12,9999-01-01
449016,Lansing,Przulj,Engineer,1986-02-23,1995-02-23
449016,Lansing,Przulj,Senior Engineer,1995-02-23,9999-01-01
449027,Naraig,Murrill,Engineer,1985-08-05,1994-08-05
449027,Naraig,Murrill,Senior Engineer,1994-08-05,9999-01-01
449032,Yoshimitsu,Sinicrope,Staff,1996-12-11,9999-01-01
449034,Uzi,Strehl,Engineer,1992-09-20,1997-09-20
449034,Uzi,Strehl,Senior Engineer,1997-09-20,9999-01-01
449079,Shietung,Rosenbaum,Engineer,1990-08-20,1995-08-20
449079,Shietung,Rosenbaum,Senior Engineer,1995-08-20,9999-01-01
449102,Xudong,Flasterstein,Engineer,1998-01-15,9999-01-01
449136,Moni,Clemencon,Senior Engineer,1987-12-16,9999-01-01
449142,Fumino,Fordan,Staff,1998-12-09,9999-01-01
449155,Adamantios,Beilner,Engineer,1988-05-22,1997-05-22
449155,Adamantios,Beilner,Senior Engineer,1997-05-22,9999-01-01
449163,Girolamo,Stentiford,Technique Leader,1996-10-30,9999-01-01
449179,Jeanne,Foote,Assistant Engineer,1999-09-22,2001-04-02
449180,Perry,Glinert,Engineer,1994-12-02,9999-01-01
449203,Gen,Matzke,Senior Engineer,1998-11-02,9999-01-01
449227,Tonia,Kampfer,Senior Staff,1992-05-26,9999-01-01
449240,Kousuke,Benveniste,Senior Staff,1992-12-05,9999-01-01
449240,Kousuke,Benveniste,Staff,1985-12-05,1992-12-05
449243,Gita,Muniz,Senior Engineer,1990-02-03,9999-01-01
449256,Jaber,Dengi,Engineer,1987-10-30,1996-10-29
449256,Jaber,Dengi,Senior Engineer,1996-10-29,9999-01-01
449279,Sanjai,Leonhardt,Senior Staff,1993-09-14,9999-01-01
449279,Sanjai,Leonhardt,Staff,1988-09-14,1993-09-14
449317,Sanjit,Pfau,Technique Leader,1996-05-13,2002-05-24
449326,Moriyoshi,Hartvigsen,Senior Engineer,1993-06-22,9999-01-01
449335,Geoffrey,Thiria,Senior Staff,2001-09-27,9999-01-01
449335,Geoffrey,Thiria,Staff,1993-09-27,2001-09-27
449342,Aluzio,Gips,Senior Staff,1997-06-03,9999-01-01
449342,Aluzio,Gips,Staff,1990-06-03,1997-06-03
449343,Karoline,Eickenmeyer,Senior Staff,1997-10-20,1999-11-25
449343,Karoline,Eickenmeyer,Staff,1991-10-21,1997-10-20
449344,Chaitali,Kusakabe,Engineer,1994-10-14,9999-01-01
449357,Prasadram,Bade,Engineer,1993-06-15,2001-06-15
449357,Prasadram,Bade,Senior Engineer,2001-06-15,9999-01-01
449358,Stevo,Sgarro,Senior Engineer,1997-11-13,9999-01-01
449368,Matt,Stranks,Assistant Engineer,1996-10-05,9999-01-01
449395,Georg,Coorg,Senior Staff,1987-10-15,9999-01-01
449421,Serap,Magliocco,Senior Staff,1995-08-02,9999-01-01
449421,Serap,Magliocco,Staff,1986-08-02,1995-08-02
449443,Arunas,Vecchio,Senior Staff,1993-01-14,1999-12-10
449443,Arunas,Vecchio,Staff,1988-01-15,1993-01-14
449447,Dayanand,Schoegge,Technique Leader,1992-12-12,9999-01-01
449451,Emdad,Pleszkun,Senior Staff,1997-08-13,9999-01-01
449451,Emdad,Pleszkun,Staff,1988-08-13,1997-08-13
449453,Abdelaziz,Whitcomb,Engineer,1986-07-05,1991-07-05
449453,Abdelaziz,Whitcomb,Senior Engineer,1991-07-05,9999-01-01
449458,Seongbae,Muhlberg,Staff,1996-08-23,9999-01-01
449476,Sumali,Yoshimura,Engineer,1992-12-22,1999-12-23
449476,Sumali,Yoshimura,Senior Engineer,1999-12-23,2000-05-09
449499,Pranay,Massonet,Engineer,1985-03-02,1993-03-02
449499,Pranay,Massonet,Senior Engineer,1993-03-02,9999-01-01
449512,Kristine,Ananiadou,Senior Staff,1993-01-05,9999-01-01
449512,Kristine,Ananiadou,Staff,1987-01-06,1993-01-05
449516,Ziyad,Birge,Senior Engineer,1997-01-25,9999-01-01
449517,Licheng,Levergood,Engineer,1991-07-26,1997-07-25
449517,Licheng,Levergood,Senior Engineer,1997-07-25,2000-04-10
449568,Ramalingam,Pepe,Senior Engineer,1986-02-13,9999-01-01
449570,Shigeu,Erman,Engineer,1988-01-13,1995-01-13
449570,Shigeu,Erman,Senior Engineer,1995-01-13,9999-01-01
449590,Shahar,Olano,Staff,1996-05-27,9999-01-01
449613,Rajmohan,Wendorf,Technique Leader,1995-08-12,9999-01-01
449616,Xinyu,Vanwelkenhuysen,Senior Engineer,1993-04-27,9999-01-01
449618,Serenella,Ranon,Senior Engineer,1992-09-13,9999-01-01
449638,Takahito,Trumbly,Assistant Engineer,1986-03-22,1995-03-22
449638,Takahito,Trumbly,Engineer,1995-03-22,9999-01-01
449676,Junsik,Mattern,Technique Leader,1987-03-12,9999-01-01
449681,JoAnne,Range,Senior Staff,1998-09-10,9999-01-01
449681,JoAnne,Range,Staff,1991-09-10,1998-09-10
449720,Xianlong,Uehara,Engineer,1998-04-25,9999-01-01
449731,Bernd,Jonsson,Senior Engineer,1998-07-24,9999-01-01
449736,Ortrud,Leonhardt,Engineer,1993-03-09,1998-03-09
449736,Ortrud,Leonhardt,Senior Engineer,1998-03-09,9999-01-01
449739,Brigham,Brodie,Senior Staff,1992-05-26,9999-01-01
449742,Tomoyuki,Rothenberg,Staff,1995-05-15,9999-01-01
449749,Baziley,Frolund,Engineer,1990-02-19,1999-02-19
449749,Baziley,Frolund,Senior Engineer,1999-02-19,9999-01-01
449764,Toshimori,Zykh,Senior Staff,1998-12-09,9999-01-01
449764,Toshimori,Zykh,Staff,1989-12-09,1998-12-09
449766,Constantine,Stassinopoulos,Senior Staff,1995-02-20,9999-01-01
449766,Constantine,Stassinopoulos,Staff,1990-02-20,1995-02-20
449769,Karsten,Byoun,Senior Engineer,1989-07-16,9999-01-01
449790,Kwangjo,Bernick,Senior Engineer,1999-04-05,9999-01-01
449801,Girolamo,Benveniste,Senior Engineer,1988-01-27,9999-01-01
449817,Chinya,Vakili,Engineer,1985-11-14,1994-11-14
449817,Chinya,Vakili,Senior Engineer,1994-11-14,9999-01-01
449819,Dinah,Arlazarov,Engineer,1991-08-21,1993-01-09
449834,Faiza,Foong,Senior Engineer,1996-06-11,2001-09-11
449849,Dharmaraja,Fetvedt,Engineer,1991-02-26,1997-02-25
449849,Dharmaraja,Fetvedt,Senior Engineer,1997-02-25,9999-01-01
449859,Joydip,Brobst,Technique Leader,1990-08-11,9999-01-01
449862,Naftali,Kuszyk,Senior Staff,1998-01-08,9999-01-01
449862,Naftali,Kuszyk,Staff,1990-01-08,1998-01-08
449909,Yagil,Montresor,Engineer,1992-08-30,1993-07-09
449935,Mrinalini,Beetstra,Senior Staff,1997-02-21,9999-01-01
449935,Mrinalini,Beetstra,Staff,1990-02-21,1997-02-21
449953,Gay,Dusink,Senior Staff,1989-02-25,9999-01-01
449989,Jiann,Murillo,Technique Leader,1996-04-04,9999-01-01
450006,Phuoc,Coorg,Senior Staff,1995-01-11,9999-01-01
450006,Phuoc,Coorg,Staff,1990-01-11,1995-01-11
450018,IEEE,Bolsens,Senior Staff,1990-11-11,9999-01-01
450018,IEEE,Bolsens,Staff,1985-11-11,1990-11-11
450023,Brigham,Kieras,Engineer,1998-04-05,9999-01-01
450050,Hironobu,Range,Senior Engineer,1989-12-30,9999-01-01
450056,Niteen,Schaaf,Engineer,1993-06-14,2001-06-14
450056,Niteen,Schaaf,Senior Engineer,2001-06-14,9999-01-01
450060,Toney,Brattka,Engineer,1994-05-22,2000-05-21
450060,Toney,Brattka,Senior Engineer,2000-05-21,9999-01-01
450065,Aria,Schoegge,Staff,1998-01-27,9999-01-01
450076,Collette,Serre,Engineer,1996-03-27,9999-01-01
450119,Adamantios,Einsfeld,Engineer,1991-09-03,1999-09-03
450119,Adamantios,Einsfeld,Senior Engineer,1999-09-03,9999-01-01
450131,Amabile,Murtha,Senior Staff,1994-06-04,9999-01-01
450131,Amabile,Murtha,Staff,1989-06-04,1994-06-04
450144,Shuji,Maierhofer,Engineer,1998-02-26,1999-05-20
450152,Hilary,Srimani,Engineer,1994-03-27,2001-03-27
450152,Hilary,Srimani,Senior Engineer,2001-03-27,9999-01-01
450165,Gou,Angel,Assistant Engineer,1992-09-10,2001-09-10
450165,Gou,Angel,Engineer,2001-09-10,9999-01-01
450168,Cathie,Kobara,Engineer,1994-10-07,9999-01-01
450176,Otilia,Oaver,Engineer,1987-06-04,1992-06-03
450176,Otilia,Oaver,Senior Engineer,1992-06-03,9999-01-01
450188,Raimond,Ladret,Technique Leader,1992-10-18,9999-01-01
450190,Hilary,Puppo,Staff,1993-07-17,1994-01-16
450210,Elzbieta,Suermann,Engineer,1992-11-15,1999-11-16
450210,Elzbieta,Suermann,Senior Engineer,1999-11-16,9999-01-01
450225,Brendon,Peha,Engineer,1989-09-07,1995-09-07
450225,Brendon,Peha,Senior Engineer,1995-09-07,9999-01-01
450231,Minghong,Anido,Senior Staff,1987-04-21,9999-01-01
450235,Kwee,Driscoll,Senior Staff,1993-10-20,9999-01-01
450235,Kwee,Driscoll,Staff,1985-10-20,1993-10-20
450247,Arno,Vesel,Assistant Engineer,1991-05-23,1996-05-22
450247,Arno,Vesel,Engineer,1996-05-22,2001-05-22
450247,Arno,Vesel,Senior Engineer,2001-05-22,9999-01-01
450302,Persi,Compeau,Staff,1997-08-16,9999-01-01
450327,Divine,Improta,Engineer,1991-06-19,1997-06-18
450327,Divine,Improta,Senior Engineer,1997-06-18,9999-01-01
450334,Eldridge,Nitsche,Engineer,1989-02-02,1994-02-02
450334,Eldridge,Nitsche,Senior Engineer,1994-02-02,9999-01-01
450338,Jasminko,Constantine,Engineer,1998-06-25,9999-01-01
450343,Indrajit,Pehl,Engineer,1999-02-21,9999-01-01
450353,Kwangho,McAffer,Engineer,1998-03-31,9999-01-01
450364,Gaetan,Heyers,Staff,1998-05-27,2000-12-13
450376,Tsutomu,Marquardt,Engineer,1986-05-05,1992-05-04
450376,Tsutomu,Marquardt,Senior Engineer,1992-05-04,9999-01-01
450416,Sanjeeva,Ramalingam,Senior Staff,1996-05-09,9999-01-01
450416,Sanjeeva,Ramalingam,Staff,1991-05-10,1996-05-09
450431,Gino,Anguita,Engineer,1995-09-03,9999-01-01
450455,Youssef,Rousseau,Engineer,1997-12-27,9999-01-01
450456,Yakichi,Kandlur,Engineer,1988-06-19,1989-05-26
450458,Katsuyuki,Petersohn,Senior Staff,1992-07-27,9999-01-01
450458,Katsuyuki,Petersohn,Staff,1987-07-28,1992-07-27
450466,Zorica,Zhang,Senior Staff,1997-01-23,9999-01-01
450466,Zorica,Zhang,Staff,1990-01-23,1997-01-23
450470,Hatem,Benveniste,Senior Engineer,1985-07-02,9999-01-01
450472,Mabo,Garnick,Staff,1993-01-20,2000-11-01
450483,Masamitsu,Quaggetto,Engineer,1987-08-07,1995-08-07
450483,Masamitsu,Quaggetto,Senior Engineer,1995-08-07,9999-01-01
450502,Munehiro,Fetvedt,Senior Staff,2002-06-10,9999-01-01
450502,Munehiro,Fetvedt,Staff,1994-06-10,2002-06-10
450515,Valeri,Jarecki,Senior Staff,1999-01-01,9999-01-01
450515,Valeri,Jarecki,Staff,1992-01-01,1999-01-01
450539,Satoru,Range,Engineer,1989-11-08,1996-11-08
450539,Satoru,Range,Senior Engineer,1996-11-08,2002-07-04
450557,Becky,Kusakari,Engineer,1996-12-31,9999-01-01
450569,Vasilii,Nyanchama,Senior Engineer,1998-01-17,1998-06-06
450588,Duangkaew,Maksimenko,Senior Engineer,1999-11-19,9999-01-01
450601,Rosella,Skafidas,Engineer,1986-09-03,1993-09-03
450601,Rosella,Skafidas,Senior Engineer,1993-09-03,9999-01-01
450602,Unal,Shokrollahi,Staff,1997-03-09,9999-01-01
450615,Feipei,Muchinsky,Technique Leader,1990-04-07,9999-01-01
450618,Ayakannu,Chenoweth,Engineer,1996-01-07,2001-01-06
450618,Ayakannu,Chenoweth,Senior Engineer,2001-01-06,9999-01-01
450624,Marsja,Sluis,Engineer,1995-06-24,9999-01-01
450634,Ewing,Luck,Senior Staff,2000-10-31,9999-01-01
450634,Ewing,Luck,Staff,1994-11-01,2000-10-31
450639,Jouni,Feldhoffer,Senior Staff,1994-01-11,9999-01-01
450641,Adel,Rikino,Technique Leader,2000-01-19,9999-01-01
450642,Visit,Kossowski,Engineer,1995-02-15,9999-01-01
450652,Gennadi,Veeraraghavan,Senior Staff,1987-03-29,1988-05-07
450685,Fuqing,Awdeh,Senior Staff,1993-10-22,1995-06-17
450685,Fuqing,Awdeh,Staff,1988-10-22,1993-10-22
450688,Jianhua,Spelt,Senior Engineer,1986-02-10,9999-01-01
450699,Ohad,Kawashimo,Technique Leader,1987-03-10,9999-01-01
450726,Serap,Gyimothy,Senior Engineer,1985-07-07,9999-01-01
450739,Poorav,Ranze,Engineer,1999-12-03,9999-01-01
450769,Leah,Pargaonkar,Senior Engineer,1991-08-30,1994-04-10
450778,Xiahua,Lichtner,Senior Staff,2002-02-27,9999-01-01
450778,Xiahua,Lichtner,Staff,1995-02-27,2002-02-27
450784,Zhenbing,Fasbender,Staff,1997-03-09,9999-01-01
450795,Theirry,Kriebel,Senior Staff,1999-07-25,9999-01-01
450797,Tze,Dahlbom,Senior Staff,1999-08-28,9999-01-01
450810,Van,Yoshizawa,Engineer,1986-08-30,1995-08-30
450810,Van,Yoshizawa,Senior Engineer,1995-08-30,9999-01-01
450814,Youjian,Sifakis,Assistant Engineer,1987-09-08,1995-09-08
450814,Youjian,Sifakis,Engineer,1995-09-08,9999-01-01
450818,Rosita,McDermid,Senior Engineer,1987-01-28,9999-01-01
450825,Jiann,Demizu,Senior Staff,2001-03-26,9999-01-01
450825,Jiann,Demizu,Staff,1992-03-26,2001-03-26
450849,Sudharsan,Quadeer,Engineer,1991-01-28,1991-04-18
450851,Aloys,Pietracaprina,Technique Leader,1989-03-14,9999-01-01
450870,Demos,Feldhoffer,Engineer,1997-08-07,9999-01-01
450879,Ayakannu,Sommer,Senior Staff,2001-07-10,9999-01-01
450879,Ayakannu,Sommer,Staff,1994-07-10,2001-07-10
450902,Frederique,Sevcikova,Engineer,1991-08-08,2000-08-07
450902,Frederique,Sevcikova,Senior Engineer,2000-08-07,9999-01-01
450987,Spyrose,Moehrke,Engineer,1999-03-07,9999-01-01
451016,Suzette,Tagansky,Assistant Engineer,1995-06-23,9999-01-01
451017,Tsz,Jayawardene,Engineer,1992-04-16,1998-04-16
451017,Tsz,Jayawardene,Senior Engineer,1998-04-16,9999-01-01
451030,Xiaoqiang,Baumann,Engineer,1997-03-14,9999-01-01
451032,Duke,Jansen,Engineer,1996-08-23,9999-01-01
451035,Xiping,Furedi,Senior Staff,1997-06-25,9999-01-01
451035,Xiping,Furedi,Staff,1990-06-25,1997-06-25
451058,Xumin,Hoogerwoord,Senior Staff,1999-03-08,9999-01-01
451058,Xumin,Hoogerwoord,Staff,1994-03-08,1999-03-08
451075,Frederique,Thummel,Senior Staff,1998-02-14,2000-09-19
451128,Przemyslawa,Gluchowski,Engineer,1996-05-16,9999-01-01
451147,Kristine,Yavatkar,Engineer,1996-10-11,9999-01-01
451151,Peer,Joslin,Staff,1999-07-25,9999-01-01
451158,Ishfaq,Sridhar,Engineer,1986-06-21,1991-06-21
451158,Ishfaq,Sridhar,Senior Engineer,1991-06-21,9999-01-01
451178,Zhongwei,Callaway,Technique Leader,1992-06-19,9999-01-01
451181,Jinya,Baez,Senior Staff,2000-07-26,9999-01-01
451181,Jinya,Baez,Staff,1992-07-26,2000-07-26
451198,Saeed,Krone,Senior Staff,1994-02-18,9999-01-01
451198,Saeed,Krone,Staff,1986-02-18,1994-02-18
451222,Berhard,Domenig,Senior Staff,1998-10-31,9999-01-01
451222,Berhard,Domenig,Staff,1990-10-31,1998-10-31
451233,Chiranjit,Veccia,Staff,1994-05-24,9999-01-01
451239,Zhenhua,Antonisse,Engineer,1998-04-09,2002-07-01
451259,Zhenhua,Milicic,Senior Staff,2001-09-28,9999-01-01
451259,Zhenhua,Milicic,Staff,1996-09-28,2001-09-28
451277,Dinkar,Gire,Staff,1998-09-27,9999-01-01
451292,Mohan,Maksimenko,Senior Engineer,1989-10-19,9999-01-01
451307,Make,Gulla,Engineer,1996-06-10,1997-06-24
451314,Fuqing,Demizu,Engineer,1992-02-08,2001-02-07
451314,Fuqing,Demizu,Senior Engineer,2001-02-07,9999-01-01
451319,Dmitri,Marzano,Technique Leader,1985-08-14,9999-01-01
451337,Anoosh,Baar,Staff,1997-12-02,9999-01-01
451353,Xudong,Peyn,Engineer,1995-06-15,9999-01-01
451383,Shietung,Siochi,Engineer,1992-02-12,1997-02-11
451383,Shietung,Siochi,Senior Engineer,1997-02-11,9999-01-01
451391,Yongdong,Sambasivam,Staff,1999-01-16,9999-01-01
451401,Jouni,Erez,Engineer,1995-10-23,9999-01-01
451419,Lokesh,Luke,Senior Staff,1988-05-17,9999-01-01
451449,Odysseas,Iivonen,Engineer,1995-09-23,2000-09-22
451449,Odysseas,Iivonen,Senior Engineer,2000-09-22,9999-01-01
451450,Kannan,Chinal,Engineer,1992-09-17,1998-09-17
451450,Kannan,Chinal,Senior Engineer,1998-09-17,9999-01-01
451451,Sachar,Shackell,Staff,1995-05-02,1996-06-02
451464,Billur,Suri,Engineer,1990-12-19,1996-12-18
451464,Billur,Suri,Senior Engineer,1996-12-18,9999-01-01
451465,Fei,Ghelli,Engineer,1988-11-03,1994-11-03
451465,Fei,Ghelli,Senior Engineer,1994-11-03,9999-01-01
451486,Shichao,Unni,Technique Leader,1990-12-08,2001-03-06
451529,Prodip,Piancastelli,Engineer,1990-11-05,1999-11-05
451529,Prodip,Piancastelli,Senior Engineer,1999-11-05,9999-01-01
451542,Denis,Eldridge,Senior Staff,1996-08-06,9999-01-01
451542,Denis,Eldridge,Staff,1987-08-07,1996-08-06
451545,Paloma,Heinisuo,Senior Engineer,1999-11-13,2001-05-06
451575,Kankanahalli,Milicia,Engineer,1999-03-13,9999-01-01
451594,Vishu,Biron,Senior Staff,1996-08-22,9999-01-01
451602,Nahum,Templeman,Senior Staff,1994-04-12,1996-01-27
451602,Nahum,Templeman,Staff,1987-04-12,1994-04-12
451603,Aris,Merkl,Senior Staff,1985-06-18,9999-01-01
451625,Ugo,McDermid,Senior Staff,1993-10-02,9999-01-01
451625,Ugo,McDermid,Staff,1987-10-03,1993-10-02
451634,Joydip,Uchoa,Engineer,1993-07-27,2002-07-27
451634,Joydip,Uchoa,Senior Engineer,2002-07-27,9999-01-01
451644,Bogdan,Morton,Assistant Engineer,2000-01-19,9999-01-01
451672,Krisda,Brendel,Engineer,1989-06-13,1995-06-13
451672,Krisda,Brendel,Senior Engineer,1995-06-13,9999-01-01
451698,Tetsushi,Oberman,Engineer,1988-03-18,1995-03-19
451698,Tetsushi,Oberman,Senior Engineer,1995-03-19,9999-01-01
451706,Elliott,Wallrath,Staff,1999-09-11,9999-01-01
451714,Gladys,Baak,Engineer,1989-12-05,1995-12-05
451714,Gladys,Baak,Senior Engineer,1995-12-05,9999-01-01
451764,Shai,Bernardeschi,Senior Staff,1991-03-12,9999-01-01
451770,Subir,Merks,Senior Staff,1992-07-27,9999-01-01
451770,Subir,Merks,Staff,1986-07-28,1992-07-27
451781,Gor,Wilharm,Staff,1995-08-19,2000-07-28
451800,Tomofumi,Pauthner,Engineer,1989-11-15,1990-05-27
451826,Palash,Maliniak,Engineer,1994-12-20,2001-12-20
451826,Palash,Maliniak,Senior Engineer,2001-12-20,9999-01-01
451829,Maren,Karunanithi,Senior Engineer,1989-01-19,9999-01-01
451847,Xiaoshan,Rebaine,Engineer,1997-04-27,2002-06-08
451850,Chinya,Yoshizawa,Senior Staff,2000-05-03,9999-01-01
451850,Chinya,Yoshizawa,Staff,1994-05-04,2000-05-03
451854,Xiaocheng,Leslie,Senior Engineer,1998-05-21,9999-01-01
451857,Filipe,Sullins,Engineer,1992-05-19,1997-05-19
451857,Filipe,Sullins,Senior Engineer,1997-05-19,9999-01-01
451860,Karlis,Dayang,Senior Staff,1994-07-28,9999-01-01
451860,Karlis,Dayang,Staff,1989-07-28,1994-07-28
451872,Younwoo,Francisci,Senior Staff,1985-05-08,9999-01-01
451881,Alenka,Oppitz,Assistant Engineer,1985-10-05,1990-10-05
451881,Alenka,Oppitz,Engineer,1990-10-05,1995-10-05
451881,Alenka,Oppitz,Senior Engineer,1995-10-05,9999-01-01
451912,Sadok,Munawer,Technique Leader,1988-10-27,1999-06-29
451913,Krassimir,Wynblatt,Engineer,1986-10-30,1995-10-30
451913,Krassimir,Wynblatt,Senior Engineer,1995-10-30,9999-01-01
451929,Kish,Kroha,Engineer,1987-08-24,1992-08-23
451929,Kish,Kroha,Senior Engineer,1992-08-23,9999-01-01
451939,Satoru,Haldar,Senior Staff,1995-01-12,9999-01-01
451939,Satoru,Haldar,Staff,1986-01-12,1995-01-12
451947,Anoosh,Laventhal,Engineer,1992-01-07,1999-01-07
451947,Anoosh,Laventhal,Senior Engineer,1999-01-07,9999-01-01
451959,Kendra,Suermann,Staff,1998-02-02,9999-01-01
451971,Guoxiang,Chiodo,Engineer,1996-09-29,2000-02-11
451987,Gianluca,Bugaenko,Staff,1988-12-22,1990-08-07
452003,Lunjin,Warwick,Senior Staff,1996-01-14,9999-01-01
452003,Lunjin,Warwick,Staff,1991-01-14,1996-01-14
452025,Fumiko,Sankaranarayanan,Technique Leader,1999-04-18,9999-01-01
452028,Khalid,Angiulli,Staff,1998-03-10,9999-01-01
452071,Magdalena,Boyle,Technique Leader,1985-05-23,9999-01-01
452084,Arfst,Oppitz,Engineer,1994-10-03,1999-10-03
452084,Arfst,Oppitz,Senior Engineer,1999-10-03,9999-01-01
452089,JoAnna,Syang,Assistant Engineer,1992-10-01,1999-10-02
452089,JoAnna,Syang,Engineer,1999-10-02,9999-01-01
452092,Rosine,Kolinko,Senior Staff,1998-05-08,9999-01-01
452092,Rosine,Kolinko,Staff,1990-05-08,1998-05-08
452095,Munir,Khasidashvili,Senior Engineer,1986-12-21,9999-01-01
452110,Ibibia,Bernini,Engineer,1993-09-06,1999-09-06
452110,Ibibia,Bernini,Senior Engineer,1999-09-06,2000-09-13
452154,Badri,Gecseg,Technique Leader,1997-10-14,9999-01-01
452155,Kellie,Zucker,Senior Engineer,1992-04-21,1995-05-03
452156,Miomir,Olano,Engineer,1985-06-17,1993-06-17
452156,Miomir,Olano,Senior Engineer,1993-06-17,9999-01-01
452161,Zita,Ozery,Engineer,1999-10-13,2001-01-11
452166,Zhanqiu,Binding,Senior Staff,1994-07-22,9999-01-01
452171,Sivanarayana,Luon,Senior Engineer,1995-01-27,9999-01-01
452188,Houman,Dalton,Engineer,1997-10-24,1999-01-04
452190,Nahid,Pokrovskii,Staff,1995-01-15,9999-01-01
452203,Boutros,Malabarba,Technique Leader,1993-08-22,1995-01-17
452223,Eran,Matheson,Assistant Engineer,1989-01-02,1996-01-03
452223,Eran,Matheson,Engineer,1996-01-03,9999-01-01
452246,Olivera,Apsitis,Senior Staff,1997-07-23,9999-01-01
452246,Olivera,Apsitis,Staff,1990-07-23,1997-07-23
452264,Kitty,Crooks,Engineer,1996-11-22,1997-12-29
452289,Boaz,Picaronny,Senior Staff,1998-08-16,9999-01-01
452289,Boaz,Picaronny,Staff,1991-08-16,1998-08-16
452293,Elrique,Khasidashvili,Engineer,1989-10-02,1994-10-02
452293,Elrique,Khasidashvili,Senior Engineer,1994-10-02,9999-01-01
452309,Nobuyoshi,Hertweck,Technique Leader,1992-03-22,9999-01-01
452317,Fen,Pettit,Engineer,1991-03-13,1999-03-13
452317,Fen,Pettit,Senior Engineer,1999-03-13,9999-01-01
452330,Weicheng,Radwan,Engineer,1988-12-05,1993-12-05
452330,Weicheng,Radwan,Senior Engineer,1993-12-05,9999-01-01
452369,Pranay,Coullard,Senior Staff,1991-02-07,9999-01-01
452408,Pohua,Narwekar,Senior Staff,1994-08-11,9999-01-01
452414,Jiafu,Coors,Staff,1999-08-07,9999-01-01
452429,George,Arlazarov,Senior Staff,1986-06-14,1988-10-22
452438,Remzi,Manderick,Staff,1999-04-11,9999-01-01
452457,Danco,Preusig,Senior Engineer,1997-02-24,9999-01-01
452458,Shin,Gerteisen,Senior Staff,1992-02-02,9999-01-01
452458,Shin,Gerteisen,Staff,1987-02-02,1992-02-02
452469,Sorina,Klyachko,Engineer,1986-12-01,1995-12-01
452469,Sorina,Klyachko,Senior Engineer,1995-12-01,9999-01-01
452502,Jacqueline,Luon,Senior Staff,1998-12-12,9999-01-01
452502,Jacqueline,Luon,Staff,1990-12-12,1998-12-12
452507,Hongzue,Heyers,Senior Staff,1996-03-16,9999-01-01
452507,Hongzue,Heyers,Staff,1990-03-17,1996-03-16
452525,Lorien,Cardazo,Senior Staff,2000-12-17,9999-01-01
452525,Lorien,Cardazo,Staff,1995-12-18,2000-12-17
452530,Basem,Gimbel,Senior Engineer,1995-07-08,9999-01-01
452533,Eben,Fandrianto,Engineer,1995-08-02,2001-08-01
452533,Eben,Fandrianto,Senior Engineer,2001-08-01,9999-01-01
452534,Yuguang,Matteis,Senior Staff,1999-08-09,9999-01-01
452534,Yuguang,Matteis,Staff,1992-08-08,1999-08-09
452555,Halsur,Walston,Engineer,1996-12-08,1998-10-22
452557,Jiakeng,Sridhar,Senior Staff,1999-12-17,9999-01-01
452557,Jiakeng,Sridhar,Staff,1991-12-17,1999-12-17
452559,Tadahiro,Chinal,Senior Staff,1996-07-02,9999-01-01
452559,Tadahiro,Chinal,Staff,1989-07-02,1996-07-02
452609,Masato,Ecklund,Senior Staff,2001-10-09,9999-01-01
452609,Masato,Ecklund,Staff,1992-10-09,2001-10-09
452611,Wanqing,Millington,Engineer,1988-08-25,1997-08-25
452611,Wanqing,Millington,Senior Engineer,1997-08-25,9999-01-01
452615,Qingxiang,Karlin,Senior Engineer,1991-03-28,1999-11-10
452618,Xiaobin,Ghelli,Senior Staff,1997-11-22,9999-01-01
452622,Mountaz,Crouzet,Senior Staff,2001-09-26,9999-01-01
452622,Mountaz,Crouzet,Staff,1993-09-26,2001-09-26
452623,Hongzue,Delaune,Senior Staff,1991-04-16,9999-01-01
452623,Hongzue,Delaune,Staff,1985-04-16,1991-04-16
452628,Bingning,Panienski,Senior Staff,1995-12-10,1999-01-10
452628,Bingning,Panienski,Staff,1988-12-09,1995-12-10
452631,Demin,Steenbeek,Staff,1999-05-06,9999-01-01
452638,Hairong,Itzfeldt,Senior Staff,1988-08-24,9999-01-01
452659,Hairong,Liesche,Senior Staff,1987-12-21,9999-01-01
452696,Zhiguo,Rouquie,Engineer,1994-02-03,2001-02-03
452696,Zhiguo,Rouquie,Senior Engineer,2001-02-03,9999-01-01
452699,Zejun,Roisin,Senior Engineer,1999-09-09,9999-01-01
452709,Mara,Taubman,Engineer,1990-03-03,1999-03-03
452709,Mara,Taubman,Senior Engineer,1999-03-03,9999-01-01
452713,Weiru,Wossner,Assistant Engineer,1991-11-19,1999-11-19
452713,Weiru,Wossner,Engineer,1999-11-19,9999-01-01
452724,Adas,Savasere,Senior Staff,1994-06-21,9999-01-01
452724,Adas,Savasere,Staff,1986-06-21,1994-06-21
452734,Snehasis,Beerel,Senior Engineer,1992-06-24,9999-01-01
452754,Rafols,Szemeredi,Senior Staff,2001-07-04,9999-01-01
452754,Rafols,Szemeredi,Staff,1994-07-04,2001-07-04
452765,Mahmut,Wursthorn,Engineer,1997-06-13,9999-01-01
452784,Hausi,Birke,Senior Engineer,1992-11-16,9999-01-01
452795,Krister,Shackell,Staff,1999-07-10,2000-12-22
452802,Hyuncheol,Litecky,Senior Engineer,1985-07-15,9999-01-01
452808,Elgin,Szmurlo,Senior Staff,1995-06-26,9999-01-01
452808,Elgin,Szmurlo,Staff,1988-06-25,1995-06-26
452860,Deniz,Coney,Engineer,1999-11-01,2001-09-10
452883,Utz,dAstous,Technique Leader,1992-01-31,9999-01-01
452887,Mani,Denti,Engineer,1993-02-12,1997-11-23
452917,Slavian,Range,Staff,1995-11-28,9999-01-01
452936,Matt,Kropatsch,Senior Staff,1994-07-03,9999-01-01
452936,Matt,Kropatsch,Staff,1988-07-03,1994-07-03
452948,Jordanka,Greenaway,Senior Engineer,1989-05-03,9999-01-01
452987,Manohar,Braccini,Engineer,1994-03-06,2001-03-06
452987,Manohar,Braccini,Senior Engineer,2001-03-06,9999-01-01
452996,Sukumar,Rissland,Engineer,1998-06-19,2001-11-04
453004,Kwun,Vakili,Senior Staff,1998-10-25,9999-01-01
453004,Kwun,Vakili,Staff,1989-10-25,1998-10-25
453028,Chiranjit,Fioravanti,Senior Staff,1998-04-22,9999-01-01
453032,Naftaly,Heping,Technique Leader,1990-04-28,9999-01-01
453055,Kazuhiko,Flowers,Senior Staff,1994-07-29,9999-01-01
453055,Kazuhiko,Flowers,Staff,1989-07-29,1994-07-29
453057,Hilari,Lung,Engineer,1992-11-17,1993-01-26
453063,Nidapan,Yurov,Senior Staff,1998-07-10,9999-01-01
453063,Nidapan,Yurov,Staff,1990-07-10,1998-07-10
453068,Kazuhiro,Bratten,Engineer,1992-05-23,1999-05-24
453068,Kazuhiro,Bratten,Senior Engineer,1999-05-24,9999-01-01
453075,Jeanna,Genin,Senior Staff,2000-04-22,9999-01-01
453075,Jeanna,Genin,Staff,1991-04-23,2000-04-22
453090,Jovan,Schach,Senior Staff,2000-07-15,9999-01-01
453090,Jovan,Schach,Staff,1991-07-16,2000-07-15
453110,Masanao,Gimbel,Engineer,1997-08-05,9999-01-01
453157,Mohan,Boissier,Engineer,1990-09-07,1998-09-07
453157,Mohan,Boissier,Senior Engineer,1998-09-07,9999-01-01
453162,Gal,Borstler,Senior Engineer,1991-05-28,1998-07-22
453171,Jaana,Stanfel,Engineer,1995-02-10,2001-02-09
453171,Jaana,Stanfel,Senior Engineer,2001-02-09,9999-01-01
453173,Eldridge,Rosis,Technique Leader,1999-03-15,9999-01-01
453178,Kish,Azadmanesh,Senior Engineer,1992-04-17,9999-01-01
453182,Mohammad,Itzigehl,Senior Staff,1998-10-29,9999-01-01
453182,Mohammad,Itzigehl,Staff,1991-10-29,1998-10-29
453199,Avishai,Edelhoff,Assistant Engineer,1991-01-31,2000-01-31
453199,Avishai,Edelhoff,Engineer,2000-01-31,2001-09-06
453216,Leni,Marwedel,Engineer,1987-12-01,1993-11-30
453216,Leni,Marwedel,Senior Engineer,1993-11-30,9999-01-01
453221,Shan,Pulkowski,Senior Staff,1995-07-05,9999-01-01
453221,Shan,Pulkowski,Staff,1987-07-05,1995-07-05
453249,Rimli,Varley,Staff,1994-06-06,2000-09-05
453252,Kellie,Lowrie,Senior Staff,1996-11-14,9999-01-01
453255,Bartek,Kavvadias,Staff,1999-01-22,2000-05-02
453256,Ung,Chiola,Engineer,1988-10-28,1995-10-29
453256,Ung,Chiola,Senior Engineer,1995-10-29,9999-01-01
453270,Guttorm,Walstra,Senior Staff,1997-10-26,9999-01-01
453270,Guttorm,Walstra,Staff,1992-10-26,1997-10-26
453279,Shigeaki,Comte,Engineer,1996-07-29,9999-01-01
453333,Sanjoy,Jansen,Technique Leader,1999-07-20,2000-02-18
453335,Angus,Babu,Engineer,1993-09-11,2000-09-11
453335,Angus,Babu,Senior Engineer,2000-09-11,9999-01-01
453345,Narain,Schlegelmilch,Technique Leader,1991-02-22,9999-01-01
453366,Hilari,Linnainmaa,Senior Engineer,1998-03-20,9999-01-01
453368,Kersti,Snyers,Senior Staff,2000-07-12,9999-01-01
453368,Kersti,Snyers,Staff,1991-07-13,2000-07-12
453369,Candido,Keohane,Senior Staff,1993-07-02,9999-01-01
453369,Candido,Keohane,Staff,1985-07-02,1993-07-02
453391,Gou,Baez,Senior Staff,1993-11-05,9999-01-01
453391,Gou,Baez,Staff,1988-11-05,1993-11-05
453408,Srinidhi,Shackell,Technique Leader,1999-05-04,9999-01-01
453417,Douadi,Luga,Engineer,1999-10-13,9999-01-01
453455,Perla,Rosca,Engineer,1999-05-08,9999-01-01
453460,Arvind,Range,Senior Staff,2002-03-15,9999-01-01
453460,Arvind,Range,Staff,1993-03-15,2002-03-15
453462,Shaowen,Waleschkowski,Engineer,1993-07-05,1999-08-02
453470,Mostafa,Thebaut,Engineer,1988-03-03,1995-03-04
453470,Mostafa,Thebaut,Senior Engineer,1995-03-04,9999-01-01
453485,Leszek,Flanders,Engineer,1997-08-15,9999-01-01
453511,Maris,Baaz,Senior Staff,1993-01-05,9999-01-01
453524,Hyuncheol,Gurbaxani,Senior Engineer,1999-06-22,9999-01-01
453549,Zejun,Brookner,Senior Engineer,1992-06-26,9999-01-01
453578,Bikash,Servi,Senior Staff,1994-11-03,1997-02-13
453617,Tayeb,Matzke,Engineer,1998-01-20,9999-01-01
453629,Saeko,Showalter,Engineer,1998-11-02,2001-09-07
453637,Geraldo,Hasham,Senior Staff,1998-09-17,9999-01-01
453653,Shounak,Boissier,Engineer,1995-08-17,2000-08-16
453653,Shounak,Boissier,Senior Engineer,2000-08-16,9999-01-01
453666,Elliott,Middleton,Senior Staff,1990-08-11,9999-01-01
453666,Elliott,Middleton,Staff,1985-08-11,1990-08-11
453668,Serge,Mitzlaff,Senior Engineer,1997-05-01,1999-02-07
453678,Khosrow,Weisert,Senior Staff,1998-05-07,9999-01-01
453678,Khosrow,Weisert,Staff,1990-05-07,1998-05-07
453684,Sergi,Erde,Engineer,1989-02-27,1997-02-27
453684,Sergi,Erde,Senior Engineer,1997-02-27,9999-01-01
453692,Karlis,Weedman,Engineer,1986-10-02,1992-10-01
453692,Karlis,Weedman,Senior Engineer,1992-10-01,9999-01-01
453697,Mart,Cmelik,Assistant Engineer,1999-04-30,2000-10-01
453701,Marla,Cronau,Engineer,1993-02-20,2000-02-21
453701,Marla,Cronau,Senior Engineer,2000-02-21,9999-01-01
453709,Gretta,Hofstetter,Staff,1997-03-06,1999-01-25
453742,Anneli,Ghandeharizadeh,Senior Staff,1995-11-14,9999-01-01
453762,Kiyotoshi,Warwick,Technique Leader,1996-06-16,9999-01-01
453779,Udo,Khamsi,Engineer,1998-10-22,9999-01-01
453804,Udi,Beetstra,Technique Leader,1986-11-27,9999-01-01
453810,Hatim,Gurbaxani,Assistant Engineer,1989-09-06,1997-06-24
453814,Radhakrishnan,Oxenboll,Senior Staff,1991-12-19,9999-01-01
453814,Radhakrishnan,Oxenboll,Staff,1986-12-19,1991-12-19
453835,Tomofumi,Pollacia,Senior Staff,1996-08-24,9999-01-01
453835,Tomofumi,Pollacia,Staff,1990-08-25,1996-08-24
453845,JiYoung,Gulik,Senior Staff,1992-05-16,9999-01-01
453845,JiYoung,Gulik,Staff,1985-05-16,1992-05-16
453857,Chirstian,Maginnis,Staff,1998-02-20,9999-01-01
453863,Marla,Sridhar,Senior Staff,1998-12-11,1999-07-25
453863,Marla,Sridhar,Staff,1991-12-11,1998-12-11
453864,IEEE,Ibel,Senior Staff,1991-03-14,9999-01-01
453873,Pranjal,Rousseau,Engineer,1991-08-01,1994-02-08
453876,Eric,Pietracaprina,Engineer,2000-01-19,9999-01-01
453894,Pohua,Thimonier,Engineer,1996-01-20,2000-08-23
453943,Foong,Trumbly,Senior Staff,1999-07-31,9999-01-01
453943,Foong,Trumbly,Staff,1990-07-31,1999-07-31
453957,Prasadram,Breugel,Staff,1998-05-19,9999-01-01
453989,Ramalingam,Gischer,Senior Staff,1996-04-10,9999-01-01
453989,Ramalingam,Gischer,Staff,1990-04-11,1996-04-10
454022,Sandeepan,Uchoa,Staff,1999-07-13,9999-01-01
454026,Weicheng,Ranon,Assistant Engineer,1995-11-29,9999-01-01
454047,Moon,Kakkar,Technique Leader,1987-07-01,9999-01-01
454048,Pradeep,Munawer,Senior Staff,1999-05-30,2000-03-16
454069,Yurii,Beausoleil,Engineer,1987-01-09,1996-01-09
454069,Yurii,Beausoleil,Senior Engineer,1996-01-09,9999-01-01
454086,Kazuhito,Litzkow,Staff,1999-06-05,9999-01-01
454123,Nathalie,Levergood,Assistant Engineer,1999-08-31,9999-01-01
454131,Miomir,Underwood,Senior Staff,2000-07-09,9999-01-01
454131,Miomir,Underwood,Staff,1994-07-10,2000-07-09
454138,George,Kossowski,Senior Staff,1992-04-26,9999-01-01
454160,Niclas,Dalphin,Senior Staff,1999-01-06,9999-01-01
454160,Niclas,Dalphin,Staff,1992-01-06,1999-01-06
454170,Khosrow,Yamaashi,Senior Staff,1997-05-30,9999-01-01
454175,Susumu,Godskesen,Engineer,1999-09-27,9999-01-01
454176,Mari,Pearson,Senior Engineer,1987-07-06,9999-01-01
454183,Stabislas,Miara,Engineer,1993-07-05,1998-07-05
454183,Stabislas,Miara,Senior Engineer,1998-07-05,9999-01-01
454207,Khatoun,Cooke,Engineer,1996-10-02,1998-08-03
454220,Kenton,Lunn,Assistant Engineer,1990-01-21,1998-01-21
454220,Kenton,Lunn,Engineer,1998-01-21,9999-01-01
454232,Herbert,Chimia,Senior Staff,1998-12-10,9999-01-01
454252,Yechezkel,Sankaranarayanan,Engineer,1990-04-26,1996-04-25
454252,Yechezkel,Sankaranarayanan,Senior Engineer,1996-04-25,9999-01-01
454266,Mahendra,Osgood,Senior Staff,1996-02-06,9999-01-01
454266,Mahendra,Osgood,Staff,1990-02-06,1996-02-06
454283,Leandro,Anger,Engineer,1995-04-29,2001-04-28
454283,Leandro,Anger,Senior Engineer,2001-04-28,9999-01-01
454284,Collette,Narahari,Senior Engineer,1987-06-23,9999-01-01
454286,Boguslaw,Jenevein,Engineer,1993-05-06,2002-05-06
454286,Boguslaw,Jenevein,Senior Engineer,2002-05-06,9999-01-01
454294,Kensei,Gladwell,Senior Staff,1995-04-27,9999-01-01
454294,Kensei,Gladwell,Staff,1989-04-27,1995-04-27
454314,Yoshinari,Maraist,Engineer,1996-04-10,2002-04-10
454314,Yoshinari,Maraist,Senior Engineer,2002-04-10,9999-01-01
454320,Claude,Larfeldt,Senior Engineer,1990-08-08,1992-02-07
454336,Nigel,Haumacher,Engineer,1986-03-21,1992-03-20
454336,Nigel,Haumacher,Senior Engineer,1992-03-20,9999-01-01
454346,Shounak,Merel,Senior Staff,1998-12-19,9999-01-01
454346,Shounak,Merel,Staff,1990-12-19,1998-12-19
454350,Alassane,Ramsey,Senior Staff,1996-06-06,9999-01-01
454350,Alassane,Ramsey,Staff,1991-06-07,1996-06-06
454355,Syozo,Navazio,Engineer,1991-07-28,1997-07-27
454355,Syozo,Navazio,Senior Engineer,1997-07-27,9999-01-01
454359,Honesty,Ranon,Senior Staff,1994-06-06,9999-01-01
454359,Honesty,Ranon,Staff,1987-06-06,1994-06-06
454392,Marek,Trelles,Senior Engineer,1999-06-06,2000-08-28
454393,Nakhoon,Kemmerer,Engineer,1999-07-31,9999-01-01
454416,Jaihie,Muntz,Technique Leader,1991-07-06,9999-01-01
454427,Toshiko,Lagarias,Engineer,1991-05-04,2000-05-03
454427,Toshiko,Lagarias,Senior Engineer,2000-05-03,9999-01-01
454447,Tze,Peng,Assistant Engineer,1993-10-29,2001-10-28
454447,Tze,Peng,Engineer,2001-10-28,9999-01-01
454451,Nechama,Polupanov,Engineer,1991-02-19,1997-02-18
454451,Nechama,Polupanov,Senior Engineer,1997-02-18,9999-01-01
454468,Masami,Kusakabe,Senior Staff,1999-02-17,9999-01-01
454468,Masami,Kusakabe,Staff,1990-02-17,1999-02-17
454483,Hongzue,Reistad,Engineer,1999-03-15,9999-01-01
454489,Khalil,Ertl,Senior Staff,1995-12-24,9999-01-01
454489,Khalil,Ertl,Staff,1986-12-24,1995-12-24
454498,Zdislav,Duclos,Engineer,1988-05-13,1990-11-10
454500,Vivian,Hagimont,Senior Staff,2000-06-14,9999-01-01
454500,Vivian,Hagimont,Staff,1993-06-14,2000-06-14
454517,Zsolt,Huttel,Senior Engineer,1989-07-03,9999-01-01
454525,Tru,Jording,Senior Staff,1989-04-16,1995-04-07
454528,Herb,Rouquie,Senior Staff,1999-08-25,9999-01-01
454528,Herb,Rouquie,Staff,1990-08-25,1999-08-25
454529,Subhrajyoti,Docker,Technique Leader,1987-04-22,9999-01-01
454533,Wojceich,Speckmann,Senior Engineer,1997-09-20,2002-07-24
454536,Maria,Rothe,Senior Engineer,1989-07-04,1992-08-02
454537,Hilary,Erdmenger,Engineer,1999-04-11,9999-01-01
454551,Leszek,Suwa,Engineer,1994-08-03,2000-04-12
454554,Maria,Remmele,Senior Staff,1998-01-13,9999-01-01
454554,Maria,Remmele,Staff,1989-01-13,1998-01-13
454566,Luerbio,Greenaway,Engineer,1985-02-14,1990-02-14
454566,Luerbio,Greenaway,Senior Engineer,1990-02-14,9999-01-01
454571,Jiang,Siksek,Engineer,1994-06-12,2000-06-11
454571,Jiang,Siksek,Senior Engineer,2000-06-11,9999-01-01
454574,Navid,Glowinski,Engineer,1989-06-19,1996-06-19
454574,Navid,Glowinski,Senior Engineer,1996-06-19,1997-09-17
454593,Jiong,Rodiger,Senior Engineer,1987-03-05,9999-01-01
454594,Roddy,Oaver,Assistant Engineer,1997-03-04,2002-03-04
454594,Roddy,Oaver,Engineer,2002-03-04,9999-01-01
454608,Keiichiro,Schieder,Engineer,1986-10-05,1995-10-05
454608,Keiichiro,Schieder,Senior Engineer,1995-10-05,9999-01-01
454616,Avishai,Castellani,Senior Staff,1999-07-26,9999-01-01
454635,Lucian,Mandell,Engineer,1986-02-23,1993-02-23
454635,Lucian,Mandell,Senior Engineer,1993-02-23,1995-12-23
454638,Foong,Baig,Engineer,1998-01-26,9999-01-01
454653,Sanjai,Veldwijk,Engineer,1988-09-25,1996-09-25
454653,Sanjai,Veldwijk,Senior Engineer,1996-09-25,9999-01-01
454664,Harngdar,Rehfuss,Engineer,1991-10-10,1996-10-09
454664,Harngdar,Rehfuss,Senior Engineer,1996-10-09,9999-01-01
454697,Manu,Ossenbruggen,Engineer,1992-02-27,2001-02-26
454697,Manu,Ossenbruggen,Senior Engineer,2001-02-26,9999-01-01
454703,Kagan,Bach,Senior Staff,1995-09-07,9999-01-01
454715,Rimli,Nyanchama,Staff,1993-07-13,1998-01-17
454726,Leah,Lueh,Senior Staff,1991-09-04,9999-01-01
454735,Rafols,Valiente,Engineer,1991-07-23,1996-07-22
454735,Rafols,Valiente,Senior Engineer,1996-07-22,9999-01-01
454760,Haldun,McFarlin,Engineer,1996-06-16,9999-01-01
454780,Margo,Malabarba,Senior Engineer,1993-12-19,9999-01-01
454807,Shichao,Turnbull,Senior Staff,1995-12-15,9999-01-01
454829,Barna,Lorin,Senior Engineer,1987-08-28,1990-03-20
454837,Jacopo,Poujol,Senior Staff,1997-04-28,9999-01-01
454837,Jacopo,Poujol,Staff,1988-04-28,1997-04-28
454853,Aral,Falco,Engineer,1986-09-20,1992-09-19
454853,Aral,Falco,Senior Engineer,1992-09-19,9999-01-01
454867,Bodh,Lubachevsky,Engineer,1990-05-01,1996-04-30
454867,Bodh,Lubachevsky,Senior Engineer,1996-04-30,9999-01-01
454870,Hyuncheol,Honiden,Engineer,1988-12-15,1993-12-15
454870,Hyuncheol,Honiden,Senior Engineer,1993-12-15,9999-01-01
454887,Odinaldo,Lorin,Senior Staff,1992-09-25,9999-01-01
454887,Odinaldo,Lorin,Staff,1985-09-25,1992-09-25
454903,Gennadi,Schaar,Staff,1996-03-11,9999-01-01
454938,Clyde,Rosin,Engineer,1987-09-18,1995-09-18
454938,Clyde,Rosin,Senior Engineer,1995-09-18,9999-01-01
454942,Mokhtar,Speek,Senior Staff,2001-12-31,9999-01-01
454942,Mokhtar,Speek,Staff,1996-01-01,2001-12-31
454965,Teunis,Lamparter,Engineer,1985-06-16,1990-06-16
454965,Teunis,Lamparter,Senior Engineer,1990-06-16,9999-01-01
454967,Yongmao,Nooteboom,Engineer,1994-09-21,2001-09-21
454967,Yongmao,Nooteboom,Senior Engineer,2001-09-21,2001-10-05
454976,Peternela,Nyanchama,Staff,1999-06-26,9999-01-01
454978,Yannik,Chandrasekhar,Senior Staff,1985-06-13,9999-01-01
455002,Abdelghani,Hanabata,Engineer,1992-02-08,1999-02-08
455002,Abdelghani,Hanabata,Senior Engineer,1999-02-08,9999-01-01
455014,Bernd,Ginneken,Engineer,1997-04-07,9999-01-01
455018,Xiong,Coombs,Senior Staff,1992-07-05,9999-01-01
455018,Xiong,Coombs,Staff,1986-07-06,1992-07-05
455023,Ziva,Stavenow,Engineer,1994-10-03,1999-10-03
455023,Ziva,Stavenow,Senior Engineer,1999-10-03,9999-01-01
455031,Boalin,Driscoll,Staff,1997-03-06,9999-01-01
455035,Xiaocheng,Baar,Senior Staff,1994-10-15,9999-01-01
455035,Xiaocheng,Baar,Staff,1985-10-15,1994-10-15
455043,Heeju,Braunmuhl,Senior Staff,1999-02-20,9999-01-01
455075,Patricio,Zhang,Senior Staff,1994-07-10,9999-01-01
455078,Seongbae,Baaz,Senior Staff,1998-11-30,9999-01-01
455078,Seongbae,Baaz,Staff,1989-11-30,1998-11-30
455101,Kazuhira,Ellozy,Technique Leader,1996-04-03,9999-01-01
455107,Dharmaraja,Emiris,Staff,1994-05-06,9999-01-01
455140,Arne,Krohn,Technique Leader,1990-12-15,9999-01-01
455144,Ennio,Tsukune,Senior Staff,1999-11-14,9999-01-01
455144,Ennio,Tsukune,Staff,1992-11-13,1999-11-14
455156,Odoardo,Weiland,Engineer,1989-02-14,1997-02-14
455156,Odoardo,Weiland,Senior Engineer,1997-02-14,9999-01-01
455184,Arno,Rajaraman,Assistant Engineer,1996-12-03,9999-01-01
455193,Tsutomu,Boguraev,Engineer,1999-10-09,9999-01-01
455196,Jongsuk,Binkley,Engineer,1986-02-25,1993-02-25
455196,Jongsuk,Binkley,Senior Engineer,1993-02-25,9999-01-01
455202,Sakthirel,Apsitis,Senior Engineer,1992-04-14,1993-08-01
455224,Arlette,Samarati,Staff,1989-06-09,1996-11-09
455232,Dannz,Felder,Senior Engineer,1997-02-18,2001-11-04
455236,Kitty,Giveon,Engineer,1996-09-10,2000-10-03
455239,Pascal,Waeselynck,Assistant Engineer,1987-12-30,1996-12-29
455239,Pascal,Waeselynck,Engineer,1996-12-29,9999-01-01
455250,Mohua,Ermel,Engineer,1996-07-05,9999-01-01
455256,Bojan,Simkin,Engineer,1996-09-19,9999-01-01
455263,Sungwon,Sessa,Senior Staff,1993-10-20,1999-06-24
455268,Shooichi,Pettey,Staff,1993-12-24,9999-01-01
455273,Charlene,Schach,Engineer,1998-09-10,9999-01-01
455277,Alagu,Wiegley,Engineer,1988-04-03,1994-04-03
455277,Alagu,Wiegley,Senior Engineer,1994-04-03,9999-01-01
455293,Tamiya,Nicolson,Engineer,1989-12-01,1995-12-01
455293,Tamiya,Nicolson,Senior Engineer,1995-12-01,9999-01-01
455312,Masadi,Holburn,Senior Engineer,1990-07-27,9999-01-01
455315,Kwan,Gurbaxani,Senior Engineer,1994-02-16,9999-01-01
455326,Shaowen,Baaz,Senior Staff,1996-07-04,2000-07-11
455326,Shaowen,Baaz,Staff,1991-07-05,1996-07-04
455327,Shaunak,Murtagh,Staff,1997-12-23,9999-01-01
455334,Arunachalam,Schwartzbauer,Senior Staff,1997-09-18,9999-01-01
455334,Arunachalam,Schwartzbauer,Staff,1990-09-18,1997-09-18
455351,Zhensheng,Tomescu,Staff,1998-07-02,9999-01-01
455357,Tru,Falck,Assistant Engineer,1997-09-20,2002-02-10
455359,Hyuncheol,Standera,Engineer,1992-12-27,2000-12-27
455359,Hyuncheol,Standera,Senior Engineer,2000-12-27,9999-01-01
455389,Nahum,Rabejac,Staff,1986-11-05,1991-03-19
455391,Ipke,Kampfer,Senior Staff,2000-12-08,9999-01-01
455391,Ipke,Kampfer,Staff,1991-12-09,2000-12-08
455400,Tzvetan,Rosin,Staff,1992-02-07,2000-05-31
455403,Claudi,Narahara,Engineer,1986-03-28,1993-03-28
455403,Claudi,Narahara,Senior Engineer,1993-03-28,1996-08-02
455416,Guoxiang,Falck,Staff,1997-12-07,2002-07-08
455440,Clyde,Ellozy,Senior Engineer,1986-06-05,9999-01-01
455455,Mahmut,Mahnke,Staff,1992-12-23,1998-05-05
455467,Yannik,Klyachko,Staff,1998-09-16,9999-01-01
455474,Tadahiko,Toyoshima,Technique Leader,1997-09-26,1998-09-23
455491,Premal,Koshino,Senior Engineer,1993-04-18,9999-01-01
455505,Goetz,Perna,Assistant Engineer,1999-09-27,9999-01-01
455521,Sham,Piazza,Senior Staff,1987-02-10,9999-01-01
455534,Kazuhiro,Gilg,Senior Staff,1996-03-25,9999-01-01
455534,Kazuhiro,Gilg,Staff,1987-03-26,1996-03-25
455549,Christoph,Rissland,Engineer,1998-07-31,9999-01-01
455556,Mansur,Auria,Senior Engineer,1998-12-25,9999-01-01
455572,Xuejun,Nitsch,Assistant Engineer,1991-08-31,1999-08-31
455572,Xuejun,Nitsch,Engineer,1999-08-31,9999-01-01
455575,Hitofumi,Koprowski,Senior Engineer,1985-03-05,9999-01-01
455585,Tadanori,Schneeberger,Engineer,1986-09-18,1994-09-18
455585,Tadanori,Schneeberger,Senior Engineer,1994-09-18,9999-01-01
455589,Eishiro,Snedden,Engineer,1997-11-19,1998-10-09
455609,Jayesh,Murtha,Technique Leader,1996-12-23,9999-01-01
455611,Rasikan,Michaels,Engineer,1992-02-20,2001-02-19
455611,Rasikan,Michaels,Senior Engineer,2001-02-19,9999-01-01
455658,Ingmar,Strandh,Senior Engineer,1990-10-25,9999-01-01
455659,Zhiguo,Mondadori,Engineer,1990-02-22,1995-02-22
455659,Zhiguo,Mondadori,Senior Engineer,1995-02-22,9999-01-01
455662,Brendon,Zaiane,Senior Staff,1992-05-31,9999-01-01
455662,Brendon,Zaiane,Staff,1985-05-31,1992-05-31
455663,Percy,Papastamatiou,Staff,1995-12-05,9999-01-01
455692,Abdelkader,Basart,Senior Engineer,1999-11-20,9999-01-01
455701,Dmitri,Fadgyas,Engineer,1986-05-23,1995-05-23
455701,Dmitri,Fadgyas,Senior Engineer,1995-05-23,9999-01-01
455723,Tze,Jullig,Senior Staff,1993-06-10,2001-01-21
455723,Tze,Jullig,Staff,1985-06-10,1993-06-10
455728,Genta,Kalafatis,Senior Staff,1991-01-15,9999-01-01
455728,Genta,Kalafatis,Staff,1986-01-15,1991-01-15
455735,Marl,Zeidenstein,Senior Staff,1990-12-23,9999-01-01
455735,Marl,Zeidenstein,Staff,1985-12-23,1990-12-23
455738,JoAnna,Kinley,Technique Leader,1994-12-30,9999-01-01
455740,Christoph,Heuser,Senior Engineer,1990-04-25,1999-03-18
455741,Przemyslawa,Papadias,Technique Leader,1991-03-22,9999-01-01
455743,Lunjin,Streit,Engineer,1994-01-09,9999-01-01
455747,Ramzi,Kavvadias,Senior Staff,1994-05-25,9999-01-01
455780,Hauke,Lichtner,Engineer,1995-07-05,9999-01-01
455784,Hugo,Falby,Senior Engineer,1996-08-11,9999-01-01
455786,Feixiong,Cherinka,Senior Staff,2001-02-14,9999-01-01
455786,Feixiong,Cherinka,Staff,1994-02-14,2001-02-14
455790,Hironoby,Schahn,Assistant Engineer,1996-05-18,9999-01-01
455830,Xiaopeng,Jeansoulin,Staff,1996-10-30,9999-01-01
455831,Ingmar,Landherr,Assistant Engineer,1985-05-04,1992-05-04
455831,Ingmar,Landherr,Engineer,1992-05-04,1999-05-05
455831,Ingmar,Landherr,Senior Engineer,1999-05-05,9999-01-01
455903,Jaroslava,Castellani,Senior Staff,1991-12-11,9999-01-01
455903,Jaroslava,Castellani,Staff,1985-12-11,1991-12-11
455917,Van,Khalid,Engineer,1998-01-09,9999-01-01
455958,Mircea,Chaudhury,Technique Leader,1995-12-21,9999-01-01
455960,Zhigen,Heystek,Senior Staff,1991-09-01,9999-01-01
455960,Zhigen,Heystek,Staff,1985-09-01,1991-09-01
455972,Paris,Vanwelkenhuysen,Senior Staff,1990-05-18,9999-01-01
455972,Paris,Vanwelkenhuysen,Staff,1985-05-18,1990-05-18
455989,Lucien,Welham,Engineer,1989-09-24,1997-09-24
455989,Lucien,Welham,Senior Engineer,1997-09-24,9999-01-01
456008,Hatem,Sluis,Senior Staff,1994-02-28,9999-01-01
456008,Hatem,Sluis,Staff,1989-02-28,1994-02-28
456023,Tayeb,Krzyzanowski,Engineer,1998-09-03,2000-08-14
456033,Guadalupe,Dymetman,Senior Staff,1988-05-04,1992-11-29
456034,Christophe,Bellone,Senior Engineer,2000-02-01,9999-01-01
456037,Arie,Unno,Engineer,1986-12-27,1994-12-27
456037,Arie,Unno,Senior Engineer,1994-12-27,9999-01-01
456055,Nathan,Andreotta,Senior Staff,1994-07-21,9999-01-01
456108,Sadegh,Kilgore,Senior Staff,2001-01-19,9999-01-01
456108,Sadegh,Kilgore,Staff,1996-01-20,2001-01-19
456119,Shakhar,Quadeer,Assistant Engineer,1996-02-11,1998-02-03
456129,DAIDA,Demke,Engineer,1996-03-18,2001-03-18
456129,DAIDA,Demke,Senior Engineer,2001-03-18,9999-01-01
456148,Hatsukazu,Bain,Staff,1988-11-28,1993-04-15
456155,Maha,Luks,Senior Staff,1993-08-24,9999-01-01
456155,Maha,Luks,Staff,1985-08-24,1993-08-24
456200,Matt,Krichel,Engineer,1993-07-23,2001-07-23
456200,Matt,Krichel,Senior Engineer,2001-07-23,9999-01-01
456210,Suzette,Broomell,Engineer,1992-08-13,2001-08-13
456210,Suzette,Broomell,Senior Engineer,2001-08-13,9999-01-01
456215,Kellyn,Marchegay,Senior Staff,1993-04-06,9999-01-01
456215,Kellyn,Marchegay,Staff,1987-04-07,1993-04-06
456219,Moty,Kolvik,Engineer,1994-05-09,1999-05-09
456219,Moty,Kolvik,Senior Engineer,1999-05-09,9999-01-01
456242,Chiranjit,Dratva,Engineer,1986-01-08,1994-01-08
456242,Chiranjit,Dratva,Senior Engineer,1994-01-08,9999-01-01
456261,Babette,Horswill,Engineer,1990-11-21,1996-03-06
456280,Rafols,Iisaka,Engineer,1990-08-26,1995-08-26
456280,Rafols,Iisaka,Senior Engineer,1995-08-26,9999-01-01
456296,Golgen,Luef,Engineer,1987-03-31,1992-03-30
456296,Golgen,Luef,Senior Engineer,1992-03-30,9999-01-01
456308,Shunichi,Terekhov,Staff,1994-06-09,9999-01-01
456321,Felicidad,Dalton,Senior Staff,1990-07-20,9999-01-01
456334,Foong,Peak,Senior Staff,1995-08-15,9999-01-01
456334,Foong,Peak,Staff,1987-08-15,1995-08-15
456358,Torsten,Escriba,Staff,1991-02-14,1991-11-24
456374,Xudong,Hitomi,Assistant Engineer,1987-07-18,1992-07-17
456374,Xudong,Hitomi,Engineer,1992-07-17,1997-07-17
456374,Xudong,Hitomi,Senior Engineer,1997-07-17,9999-01-01
456379,Toshiko,Ranon,Engineer,1989-03-13,1995-03-13
456379,Toshiko,Ranon,Senior Engineer,1995-03-13,9999-01-01
456391,Kendra,Marciano,Engineer,1987-04-29,1990-07-29
456392,Martina,Edelhoff,Senior Staff,2001-06-18,9999-01-01
456392,Martina,Edelhoff,Staff,1992-06-18,2001-06-18
456404,Visit,Sooriamurthi,Senior Staff,1996-06-21,9999-01-01
456404,Visit,Sooriamurthi,Staff,1989-06-21,1996-06-21
456478,Yifei,Jording,Senior Staff,1999-10-27,9999-01-01
456478,Yifei,Jording,Staff,1991-10-27,1999-10-27
456482,Stevo,Luiz,Staff,1996-03-24,9999-01-01
456504,Xudong,Stanfel,Senior Engineer,1998-12-26,2002-07-17
456507,Terresa,Pargas,Engineer,1988-06-21,1994-06-21
456507,Terresa,Pargas,Senior Engineer,1994-06-21,9999-01-01
456519,Yongmin,Muhling,Senior Staff,1993-02-12,9999-01-01
456524,Sergi,Dusink,Assistant Engineer,1993-03-29,1999-03-29
456524,Sergi,Dusink,Engineer,1999-03-29,9999-01-01
456530,Morrie,Fujisaki,Staff,1996-07-02,9999-01-01
456539,Sadun,Waymire,Senior Staff,2001-10-31,9999-01-01
456539,Sadun,Waymire,Staff,1992-10-31,2001-10-31
456550,Odysseas,Muhling,Senior Staff,2000-07-20,9999-01-01
456550,Odysseas,Muhling,Staff,1994-07-21,2000-07-20
456555,Khosrow,Sadowski,Senior Staff,1993-12-26,9999-01-01
456555,Khosrow,Sadowski,Staff,1987-12-27,1993-12-26
456561,Tomoyuki,Butterworth,Senior Staff,1998-04-09,9999-01-01
456561,Tomoyuki,Butterworth,Staff,1990-04-09,1998-04-09
456570,Fuqing,Cappelletti,Engineer,1991-02-14,1997-02-13
456570,Fuqing,Cappelletti,Senior Engineer,1997-02-13,9999-01-01
456577,Ibibia,Biros,Engineer,1988-09-11,1994-09-11
456577,Ibibia,Biros,Senior Engineer,1994-09-11,9999-01-01
456606,Masami,Alpay,Engineer,1985-11-12,1990-11-12
456606,Masami,Alpay,Senior Engineer,1990-11-12,9999-01-01
456627,Susumu,Cangellaris,Senior Staff,2000-11-04,9999-01-01
456627,Susumu,Cangellaris,Staff,1991-11-05,2000-11-04
456687,Pranjal,Michaeli,Senior Staff,1988-01-15,1998-01-12
456698,Arve,Bamford,Senior Staff,1999-05-24,2002-04-20
456706,Giao,Sudkamp,Senior Engineer,1987-08-22,9999-01-01
456756,Monique,Copas,Engineer,1996-02-02,1997-02-25
456781,Cheong,Zucker,Senior Engineer,1986-12-20,9999-01-01
456785,Margareta,Chorvat,Senior Engineer,1996-12-26,9999-01-01
456786,Aamod,Frolund,Engineer,1986-05-02,1992-05-01
456786,Aamod,Frolund,Senior Engineer,1992-05-01,9999-01-01
456841,Claude,Schaaf,Technique Leader,1985-04-04,9999-01-01
456849,Leszek,Decleir,Senior Staff,1992-08-17,2001-07-08
456849,Leszek,Decleir,Staff,1985-08-17,1992-08-17
456868,Adly,Kolvik,Senior Staff,1986-03-27,9999-01-01
456883,Garnik,Ramsay,Engineer,1985-10-23,1994-10-23
456883,Garnik,Ramsay,Senior Engineer,1994-10-23,9999-01-01
456888,Geoff,Hammerschmidt,Engineer,1990-11-01,1995-08-24
456890,Cedric,Cools,Senior Staff,1992-02-08,9999-01-01
456890,Cedric,Cools,Staff,1985-02-07,1992-02-08
456914,Yinlin,Docker,Engineer,1985-08-14,1990-08-14
456914,Yinlin,Docker,Senior Engineer,1990-08-14,9999-01-01
456920,Nalini,Yurek,Senior Staff,1992-04-01,9999-01-01
456920,Nalini,Yurek,Staff,1985-04-01,1992-04-01
456934,Kitty,Kitsuregawa,Senior Staff,1995-12-27,9999-01-01
456934,Kitty,Kitsuregawa,Staff,1988-12-26,1995-12-27
456935,Hiroyasu,Christ,Senior Staff,1995-12-01,1998-01-28
456935,Hiroyasu,Christ,Staff,1988-11-30,1995-12-01
456938,Kiyotoshi,Reeken,Engineer,1987-03-28,1995-03-28
456938,Kiyotoshi,Reeken,Senior Engineer,1995-03-28,9999-01-01
456950,Rimon,Ebeling,Senior Engineer,1998-02-19,9999-01-01
456961,Sreekrishna,Strehl,Senior Engineer,1990-12-27,9999-01-01
456981,Ennio,Vrecion,Senior Staff,2000-08-12,9999-01-01
456981,Ennio,Vrecion,Staff,1995-08-13,2000-08-12
456984,Sumali,Peak,Senior Staff,2000-10-01,9999-01-01
456984,Sumali,Peak,Staff,1992-10-01,2000-10-01
456995,Souichi,Attimonelli,Senior Staff,1996-08-20,9999-01-01
456995,Souichi,Attimonelli,Staff,1988-08-20,1996-08-20
456999,Sigeru,Ligten,Engineer,1990-07-01,1996-06-30
456999,Sigeru,Ligten,Senior Engineer,1996-06-30,2001-03-14
457002,Mohan,Botman,Senior Engineer,1991-07-31,1996-07-11
457009,Gudjon,Botman,Senior Staff,1993-11-24,9999-01-01
457009,Gudjon,Botman,Staff,1987-11-25,1993-11-24
457012,Owen,Lund,Engineer,1991-05-07,1996-05-06
457012,Owen,Lund,Senior Engineer,1996-05-06,9999-01-01
457030,Thanasis,Constantine,Staff,1995-02-13,9999-01-01
457031,Fei,Guting,Engineer,1997-02-27,2002-02-27
457031,Fei,Guting,Senior Engineer,2002-02-27,9999-01-01
457035,Vivian,Rande,Staff,1998-10-14,9999-01-01
457039,KayLiang,Zedlitz,Senior Staff,1998-03-28,9999-01-01
457039,KayLiang,Zedlitz,Staff,1993-03-28,1998-03-28
457050,Snehasis,Velasco,Engineer,1998-07-09,2000-09-29
457065,Behnaam,Henseler,Staff,1994-01-11,2000-03-02
457077,Sreenivas,Brodie,Staff,1991-02-02,1992-06-11
457086,Jeanna,Cichocki,Engineer,1997-08-27,9999-01-01
457091,Dannz,Dulay,Technique Leader,1986-04-21,1999-11-14
457109,Jackson,Baaz,Engineer,1990-04-27,1994-01-16
457133,Chiradeep,Demian,Senior Engineer,1997-09-15,1998-12-01
457140,Shahid,Zykh,Senior Staff,1998-09-23,9999-01-01
457141,Yefim,Bolotov,Senior Staff,1998-11-26,2001-07-28
457153,Xiaoshan,Mahmud,Senior Engineer,1987-10-04,1999-03-19
457157,Danil,Terkki,Senior Staff,1996-05-10,9999-01-01
457163,Badri,Hertweck,Senior Staff,1992-02-26,9999-01-01
457197,Michaela,Schwartzburd,Engineer,1997-11-02,9999-01-01
457205,Sungwon,Ruther,Engineer,1999-06-14,9999-01-01
457214,Sailaja,Perri,Senior Staff,1999-12-18,9999-01-01
457214,Sailaja,Perri,Staff,1994-12-18,1999-12-18
457234,Tamiya,Munoz,Senior Staff,1997-07-05,9999-01-01
457238,Zhenbing,Atchley,Senior Engineer,1999-07-03,2000-02-27
457241,Dmitri,Vidya,Senior Engineer,1998-12-20,2001-05-31
457249,Remko,Spell,Engineer,1994-09-11,1999-09-11
457249,Remko,Spell,Senior Engineer,1999-09-11,9999-01-01
457258,Zijian,Ozeki,Senior Engineer,1991-06-06,9999-01-01
457262,Tsuneo,Kornatzky,Staff,1995-12-04,1998-02-06
457272,Subir,Kroft,Senior Engineer,1987-11-02,9999-01-01
457274,Yurij,Marakhovsky,Engineer,1995-12-18,9999-01-01
457280,Ebbe,Fontan,Senior Staff,1999-02-25,9999-01-01
457280,Ebbe,Fontan,Staff,1992-02-25,1999-02-25
457288,Ranan,Brodie,Engineer,1997-09-01,9999-01-01
457296,Ziyad,Perna,Assistant Engineer,1987-12-17,1991-01-28
457304,Garnet,Fioravanti,Senior Staff,1990-09-06,9999-01-01
457304,Garnet,Fioravanti,Staff,1985-09-06,1990-09-06
457311,Tsvetan,Stranks,Staff,1986-05-20,1992-12-06
457320,Domenico,Ghandeharizadeh,Engineer,1999-03-30,9999-01-01
457326,Tadahiko,Vural,Senior Staff,1997-10-30,9999-01-01
457327,Aamod,Rando,Senior Staff,1991-04-02,9999-01-01
457327,Aamod,Rando,Staff,1985-04-02,1991-04-02
457330,Shuji,Mitzlaff,Senior Staff,2000-08-26,9999-01-01
457330,Shuji,Mitzlaff,Staff,1991-08-27,2000-08-26
457354,Tzvetan,Giaccio,Engineer,1999-05-09,2002-07-31
457362,Alois,Rubsam,Staff,1999-02-28,9999-01-01
457374,Nikolaos,Spell,Engineer,1995-03-15,2001-11-18
457376,Feipei,Stanger,Engineer,1992-04-01,2001-04-01
457376,Feipei,Stanger,Senior Engineer,2001-04-01,9999-01-01
457378,Danny,Rissland,Engineer,1986-08-25,1993-08-25
457378,Danny,Rissland,Senior Engineer,1993-08-25,9999-01-01
457397,Kazuhito,Przulj,Senior Staff,1998-09-06,9999-01-01
457397,Kazuhito,Przulj,Staff,1993-09-06,1998-09-06
457399,Marie,Toyoshima,Engineer,1989-01-21,1992-07-28
457408,Mototsugu,Plessier,Senior Staff,1998-05-01,9999-01-01
457408,Mototsugu,Plessier,Staff,1991-05-01,1998-05-01
457418,Chanjung,Xiaoshan,Engineer,1999-08-14,2002-03-18
457425,Moon,Uchoa,Engineer,1992-03-08,1998-03-08
457425,Moon,Uchoa,Senior Engineer,1998-03-08,9999-01-01
457444,Arvind,Penz,Senior Staff,1996-06-27,9999-01-01
457444,Arvind,Penz,Staff,1990-06-28,1996-06-27
457447,Poornachandra,Mahnke,Engineer,1991-12-13,1998-12-13
457447,Poornachandra,Mahnke,Senior Engineer,1998-12-13,9999-01-01
457485,Gianluca,Sinicrope,Engineer,1995-09-01,2001-08-31
457485,Gianluca,Sinicrope,Senior Engineer,2001-08-31,9999-01-01
457490,Heekeun,Nations,Senior Engineer,1988-12-28,9999-01-01
457492,Yurij,Conia,Technique Leader,1998-12-07,1999-02-26
457507,Khedija,Sankaranarayanan,Engineer,1993-10-27,9999-01-01
457516,Mohd,Heyers,Senior Staff,2001-04-04,9999-01-01
457516,Mohd,Heyers,Staff,1996-04-04,2001-04-04
457517,Ute,Tiemann,Staff,1997-01-13,9999-01-01
457525,Serif,Muhlberg,Senior Staff,1996-12-20,9999-01-01
457525,Serif,Muhlberg,Staff,1990-12-21,1996-12-20
457527,Caolyn,Kopetz,Engineer,1987-09-16,1995-09-16
457527,Caolyn,Kopetz,Senior Engineer,1995-09-16,9999-01-01
457533,Jacopo,Sethi,Senior Engineer,1988-01-03,1989-07-06
457536,Giordano,Jansch,Engineer,1998-03-29,9999-01-01
457540,Tran,Engelmann,Engineer,1992-07-30,2000-07-30
457540,Tran,Engelmann,Senior Engineer,2000-07-30,9999-01-01
457542,Ennio,Camarinopoulos,Technique Leader,1997-12-20,9999-01-01
457543,Gila,Mahnke,Engineer,1991-11-05,2000-11-04
457543,Gila,Mahnke,Senior Engineer,2000-11-04,9999-01-01
457546,Munehiro,Tsukune,Senior Engineer,1987-08-06,9999-01-01
457549,Laurentiu,Vernadat,Engineer,1985-08-26,1993-08-26
457549,Laurentiu,Vernadat,Senior Engineer,1993-08-26,9999-01-01
457604,Maia,Rosis,Technique Leader,1994-12-27,9999-01-01
457621,Duro,Stemann,Staff,1998-06-05,9999-01-01
457639,Aamer,Lieberherr,Engineer,1993-08-09,2000-08-09
457639,Aamer,Lieberherr,Senior Engineer,2000-08-09,9999-01-01
457640,Werner,Cappello,Senior Staff,1999-12-21,9999-01-01
457640,Werner,Cappello,Staff,1992-12-20,1999-12-21
457647,Shaowen,Hellwagner,Engineer,1996-02-09,2001-02-08
457647,Shaowen,Hellwagner,Senior Engineer,2001-02-08,9999-01-01
457654,Niclas,Griswold,Engineer,1995-05-21,9999-01-01
457688,Gilbert,Fasbender,Assistant Engineer,1997-05-06,9999-01-01
457689,Janalee,Sommen,Senior Staff,1995-01-14,9999-01-01
457689,Janalee,Sommen,Staff,1987-01-14,1995-01-14
457712,Hyuckchul,Hennebert,Senior Staff,2001-04-14,9999-01-01
457712,Hyuckchul,Hennebert,Staff,1996-04-14,2001-04-14
457740,Anwar,Tempesti,Senior Staff,1994-09-12,9999-01-01
457740,Anwar,Tempesti,Staff,1985-09-12,1994-09-12
457750,Sanjay,Kaltofen,Engineer,1987-12-17,1994-12-17
457750,Sanjay,Kaltofen,Senior Engineer,1994-12-17,9999-01-01
457753,Marit,Varley,Senior Staff,1996-05-19,9999-01-01
457753,Marit,Varley,Staff,1990-05-20,1996-05-19
457755,Doowon,Sidje,Senior Staff,1988-02-15,9999-01-01
457758,Jacopo,Buescher,Senior Staff,1994-05-12,9999-01-01
457765,Arif,Melter,Senior Staff,1996-11-10,9999-01-01
457765,Arif,Melter,Staff,1987-11-11,1996-11-10
457771,Subbu,Syang,Assistant Engineer,1986-11-13,1993-11-13
457771,Subbu,Syang,Engineer,1993-11-13,2000-11-13
457771,Subbu,Syang,Senior Engineer,2000-11-13,9999-01-01
457790,Lihong,Huhdanpaa,Engineer,1994-10-02,9999-01-01
457791,Duangkaew,Sury,Staff,1994-06-20,9999-01-01
457792,Vishv,Billawala,Engineer,1989-08-09,1997-08-09
457792,Vishv,Billawala,Senior Engineer,1997-08-09,9999-01-01
457797,Haldun,Vesel,Staff,1998-08-09,9999-01-01
457804,Tru,Vecchio,Technique Leader,1987-03-22,1999-05-10
457806,Hyuckchul,Improta,Engineer,1991-06-19,1998-06-19
457806,Hyuckchul,Improta,Senior Engineer,1998-06-19,9999-01-01
457808,Kwok,Bennis,Engineer,1996-03-26,9999-01-01
457809,Yishai,Pappas,Engineer,1986-05-02,1986-07-16
457820,Taizo,Wixon,Senior Engineer,1999-02-26,9999-01-01
457872,Sachar,Burnard,Engineer,1989-06-23,1997-06-23
457872,Sachar,Burnard,Senior Engineer,1997-06-23,1998-02-10
457879,Arno,Caine,Senior Engineer,1997-11-30,2001-04-24
457885,Yuuichi,Zumaque,Senior Staff,1992-10-05,9999-01-01
457885,Yuuichi,Zumaque,Staff,1987-10-06,1992-10-05
457907,Geoffrey,Osgood,Senior Staff,1997-07-06,9999-01-01
457907,Geoffrey,Osgood,Staff,1992-07-06,1997-07-06
457932,Boguslaw,Rabehasaina,Technique Leader,1985-11-03,1991-04-24
457940,Temple,Pietracaprina,Senior Engineer,1988-11-09,9999-01-01
457949,Aruna,Setia,Assistant Engineer,1992-11-22,1997-11-22
457949,Aruna,Setia,Engineer,1997-11-22,9999-01-01
457955,Mitchel,Staudhammer,Senior Staff,1995-10-07,9999-01-01
457986,Yucai,Isard,Senior Staff,1994-01-11,9999-01-01
457986,Yucai,Isard,Staff,1988-01-12,1994-01-11
457996,Yolla,Schmiedel,Staff,1997-11-16,1998-06-12
458002,KayLiang,Preusig,Senior Engineer,1999-01-16,9999-01-01
458010,Kristina,Reghbati,Engineer,1994-12-04,1999-12-04
458010,Kristina,Reghbati,Senior Engineer,1999-12-04,9999-01-01
458019,Sverrir,Vecchio,Staff,1999-03-17,9999-01-01
458021,Serge,Kugler,Senior Staff,1991-03-30,9999-01-01
458021,Serge,Kugler,Staff,1985-03-30,1991-03-30
458035,Pranav,Hooghiemstra,Engineer,1996-03-25,2002-03-25
458035,Pranav,Hooghiemstra,Senior Engineer,2002-03-25,9999-01-01
458046,Moriyoshi,Flowers,Senior Staff,1994-09-27,9999-01-01
458046,Moriyoshi,Flowers,Staff,1988-09-27,1994-09-27
458047,Gaetan,Denos,Staff,1997-05-15,9999-01-01
458092,Changho,Rosis,Engineer,1999-05-24,9999-01-01
458124,Rosella,Miara,Assistant Engineer,1992-11-04,2001-11-04
458124,Rosella,Miara,Engineer,2001-11-04,9999-01-01
458130,Make,Tischendorf,Engineer,1987-04-05,1989-05-20
458132,Bartek,Sichman,Engineer,1989-06-02,1997-06-02
458132,Bartek,Sichman,Senior Engineer,1997-06-02,9999-01-01
458137,Lokesh,Peral,Senior Staff,1995-12-24,9999-01-01
458137,Lokesh,Peral,Staff,1987-12-24,1995-12-24
458144,Otmar,Massonet,Engineer,1993-05-23,2002-05-23
458144,Otmar,Massonet,Senior Engineer,2002-05-23,9999-01-01
458152,Kolar,Lindenbaum,Engineer,1988-01-10,1997-01-09
458152,Kolar,Lindenbaum,Senior Engineer,1997-01-09,9999-01-01
458159,Zvonko,Hoppenstand,Engineer,1999-09-25,2001-03-19
458173,Janalee,Mandell,Engineer,1997-10-22,9999-01-01
458175,Mats,Luders,Senior Staff,1995-06-11,1996-11-28
458175,Mats,Luders,Staff,1989-06-11,1995-06-11
458189,Hilari,Rusterholz,Engineer,1986-03-10,1992-03-09
458189,Hilari,Rusterholz,Senior Engineer,1992-03-09,9999-01-01
458194,Ranan,Kugler,Senior Staff,1988-04-24,9999-01-01
458227,Sivanarayana,Morris,Staff,1995-06-10,1998-12-23
458265,Adhemar,Norsworthy,Senior Staff,2002-07-30,9999-01-01
458265,Adhemar,Norsworthy,Staff,1993-07-30,2002-07-30
458268,Guiseppe,Bail,Engineer,1987-01-13,1992-01-13
458268,Guiseppe,Bail,Senior Engineer,1992-01-13,9999-01-01
458276,Huiqun,Thebaut,Senior Staff,2002-05-05,9999-01-01
458276,Huiqun,Thebaut,Staff,1994-05-05,2002-05-05
458310,Leucio,Asmuth,Engineer,1985-11-09,1990-11-09
458310,Leucio,Asmuth,Senior Engineer,1990-11-09,1991-09-30
458331,Marlo,Thiran,Engineer,1999-07-21,9999-01-01
458346,Naraig,Karcich,Engineer,1991-07-29,2000-07-28
458346,Naraig,Karcich,Senior Engineer,2000-07-28,9999-01-01
458353,Nirmal,Rosis,Engineer,1986-06-24,1992-06-23
458353,Nirmal,Rosis,Senior Engineer,1992-06-23,9999-01-01
458374,Owen,Servieres,Senior Staff,1997-12-01,9999-01-01
458374,Owen,Servieres,Staff,1989-12-01,1997-12-01
458381,Adit,Randi,Engineer,1988-01-22,1996-01-22
458381,Adit,Randi,Senior Engineer,1996-01-22,2002-02-02
458393,Hugo,Basawa,Engineer,1997-08-12,9999-01-01
458400,Rayond,Greibach,Engineer,1986-07-03,1994-07-03
458400,Rayond,Greibach,Senior Engineer,1994-07-03,9999-01-01
458413,Tadanori,Vendrig,Engineer,1995-06-06,2001-06-05
458413,Tadanori,Vendrig,Senior Engineer,2001-06-05,9999-01-01
458420,Fumitake,Benner,Engineer,1994-07-27,2002-07-27
458420,Fumitake,Benner,Senior Engineer,2002-07-27,9999-01-01
458447,Lillian,Copas,Technique Leader,1995-09-28,9999-01-01
458454,Adly,Schonegge,Engineer,1990-08-10,1997-08-10
458454,Adly,Schonegge,Senior Engineer,1997-08-10,9999-01-01
458484,Pranav,Baez,Assistant Engineer,1992-06-01,1998-06-01
458484,Pranav,Baez,Engineer,1998-06-01,9999-01-01
458514,Youngkon,Matteis,Technique Leader,1992-03-05,9999-01-01
458578,Christfried,Melski,Staff,1998-03-21,1998-03-26
458586,Bernice,Kriebel,Senior Staff,1989-04-07,9999-01-01
458627,Hercules,Hertweck,Senior Staff,1992-05-15,9999-01-01
458627,Hercules,Hertweck,Staff,1986-05-16,1992-05-15
458628,Ramya,Czaja,Senior Staff,1994-08-12,9999-01-01
458628,Ramya,Czaja,Staff,1985-08-12,1994-08-12
458639,Candida,Bauknecht,Senior Staff,1997-04-28,9999-01-01
458639,Candida,Bauknecht,Staff,1989-04-28,1997-04-28
458661,Stepehn,Staelin,Senior Staff,1995-11-12,9999-01-01
458668,Duri,Pettey,Engineer,1988-02-18,1989-05-15
458709,Khalid,Kuzuoka,Senior Staff,1994-01-31,9999-01-01
458709,Khalid,Kuzuoka,Staff,1989-01-31,1994-01-31
458713,Xiadong,Stroustrup,Engineer,1998-09-25,9999-01-01
458714,Youjian,Covnot,Senior Staff,1994-11-10,9999-01-01
458733,Xianlong,Ducloy,Senior Staff,1994-02-20,9999-01-01
458733,Xianlong,Ducloy,Staff,1989-02-20,1994-02-20
458757,Cathie,Cmelik,Senior Staff,1994-07-19,9999-01-01
458757,Cathie,Cmelik,Staff,1986-07-19,1994-07-19
458758,Divine,Kemmerer,Staff,1997-06-01,9999-01-01
458762,Shih,Haumacher,Staff,1998-09-08,9999-01-01
458773,Kazuhito,Klerer,Technique Leader,1990-12-03,9999-01-01
458801,Stein,Boreale,Assistant Engineer,1995-01-15,9999-01-01
458802,Tokuyasu,Feinberg,Assistant Engineer,1993-05-05,2000-05-05
458802,Tokuyasu,Feinberg,Engineer,2000-05-05,9999-01-01
458821,Danny,Sifakis,Senior Staff,1997-05-09,9999-01-01
458821,Danny,Sifakis,Staff,1989-05-09,1997-05-09
458852,Jackson,Bael,Senior Staff,1994-06-04,9999-01-01
458852,Jackson,Bael,Staff,1988-06-04,1994-06-04
458865,Huai,Binding,Engineer,1991-02-27,1998-02-27
458865,Huai,Binding,Senior Engineer,1998-02-27,9999-01-01
458898,Fumitaka,Ebeling,Staff,1998-07-29,9999-01-01
458906,Cheong,Luce,Staff,1999-04-16,2001-08-15
458921,Stevo,Muniz,Engineer,1996-04-09,1997-09-08
458942,Hidefumi,Mahnke,Senior Staff,2001-01-19,9999-01-01
458942,Hidefumi,Mahnke,Staff,1992-01-20,2001-01-19
458947,Zhenhua,Poupard,Senior Staff,1999-09-02,9999-01-01
458947,Zhenhua,Poupard,Staff,1991-09-02,1999-09-02
458983,Khoa,Milicic,Engineer,1990-10-11,1998-10-11
458983,Khoa,Milicic,Senior Engineer,1998-10-11,9999-01-01
458989,Shigeaki,Delaune,Engineer,1995-05-28,2000-05-27
458989,Shigeaki,Delaune,Senior Engineer,2000-05-27,9999-01-01
458993,Roded,Ponthieu,Technique Leader,1992-12-15,9999-01-01
458995,Anneke,Peot,Senior Engineer,1985-09-28,9999-01-01
459017,Parke,Litvinov,Engineer,1991-11-08,2000-11-07
459017,Parke,Litvinov,Senior Engineer,2000-11-07,9999-01-01
459059,Weiwu,McFarlan,Senior Engineer,1986-11-24,9999-01-01
459071,Changho,Sethi,Engineer,1985-12-01,1992-12-01
459071,Changho,Sethi,Senior Engineer,1992-12-01,9999-01-01
459072,Chuanyi,Lieberherr,Staff,1996-12-26,9999-01-01
459074,Aiichiro,Demke,Senior Staff,2001-02-18,9999-01-01
459074,Aiichiro,Demke,Staff,1994-02-18,2001-02-18
459081,Shaw,Siegrist,Senior Staff,1998-02-21,9999-01-01
459081,Shaw,Siegrist,Staff,1989-02-21,1998-02-21
459106,Shaibal,Lambe,Senior Staff,1992-06-03,9999-01-01
459106,Shaibal,Lambe,Staff,1985-06-03,1992-06-03
459112,Masasuke,Perko,Engineer,1998-08-21,9999-01-01
459134,Anwar,Grabner,Engineer,1996-12-31,9999-01-01
459140,Remco,Garrabrants,Engineer,1987-11-17,1995-11-17
459140,Remco,Garrabrants,Senior Engineer,1995-11-17,9999-01-01
459155,Kenton,Sambasivam,Senior Staff,1994-11-10,9999-01-01
459155,Kenton,Sambasivam,Staff,1985-11-10,1994-11-10
459162,Ziva,Pews,Senior Staff,1992-09-26,9999-01-01
459162,Ziva,Pews,Staff,1986-09-27,1992-09-26
459179,Larisa,Cooke,Engineer,1988-08-13,1989-08-15
459185,Lakshmi,Toyoshima,Technique Leader,1986-05-25,9999-01-01
459206,Chenye,Monkewich,Staff,1996-07-29,1999-03-05
459222,Stamatina,Hennings,Staff,1999-01-04,9999-01-01
459223,Subhash,Lupu,Engineer,1991-11-14,1997-11-13
459223,Subhash,Lupu,Senior Engineer,1997-11-13,9999-01-01
459241,Niranjan,Champarnaud,Staff,1997-03-25,9999-01-01
459260,Shmuel,Pappas,Engineer,1989-12-07,1994-12-07
459260,Shmuel,Pappas,Senior Engineer,1994-12-07,1995-08-19
459291,Visit,Kakkar,Assistant Engineer,1990-02-08,1999-02-08
459291,Visit,Kakkar,Engineer,1999-02-08,9999-01-01
459301,Manohar,Copas,Senior Staff,1994-07-12,9999-01-01
459301,Manohar,Copas,Staff,1989-07-12,1994-07-12
459312,Ute,Maksimenko,Engineer,1993-07-13,2001-07-13
459312,Ute,Maksimenko,Senior Engineer,2001-07-13,9999-01-01
459319,Thodoros,Gill,Senior Staff,1999-11-10,9999-01-01
459319,Thodoros,Gill,Staff,1993-11-10,1999-11-10
459328,Chinhyun,Katalagarianos,Engineer,1993-06-01,2000-06-01
459328,Chinhyun,Katalagarianos,Senior Engineer,2000-06-01,9999-01-01
459348,Toshimo,Koyama,Senior Staff,2001-05-31,9999-01-01
459348,Toshimo,Koyama,Staff,1993-05-31,2001-05-31
459353,Sachio,Veeraraghavan,Engineer,1991-12-11,1993-02-08
459355,Gianluca,Kermarrec,Staff,1997-04-02,2001-04-21
459425,Mong,Shinomoto,Senior Staff,1997-11-23,9999-01-01
459425,Mong,Shinomoto,Staff,1992-11-23,1997-11-23
459433,Shichao,Nollmann,Senior Staff,1993-06-09,9999-01-01
459437,Freyja,Baaz,Senior Engineer,1999-04-05,2000-10-18
459446,Oksana,Demeyer,Technique Leader,1987-02-03,9999-01-01
459447,Zita,Hinsberger,Engineer,1988-12-11,1996-12-11
459447,Zita,Hinsberger,Senior Engineer,1996-12-11,9999-01-01
459454,Jolita,Lanzelotte,Engineer,1996-07-25,9999-01-01
459457,Mooi,Narahara,Senior Engineer,1993-12-24,9999-01-01
459472,Arne,Bojadziev,Engineer,1994-10-18,9999-01-01
459475,Richard,Jervis,Senior Engineer,1997-07-15,1999-08-08
459480,Lillian,Hegner,Senior Engineer,1994-04-19,9999-01-01
459521,Adel,Kuzuoka,Engineer,1987-05-28,1995-05-28
459521,Adel,Kuzuoka,Senior Engineer,1995-05-28,9999-01-01
459523,Aksel,Halevi,Engineer,1991-01-24,1997-01-23
459523,Aksel,Halevi,Senior Engineer,1997-01-23,1998-10-09
459554,Gladys,Pleszkun,Engineer,1995-01-05,9999-01-01
459566,Filipp,Kawashimo,Staff,1996-02-28,1996-05-20
459575,Shigehito,Rijckaert,Engineer,1997-12-01,2000-01-05
459576,Adin,Tetzlaff,Senior Staff,1998-12-29,9999-01-01
459576,Adin,Tetzlaff,Staff,1989-12-29,1998-12-29
459586,Adil,Kriebel,Engineer,1989-06-30,1995-06-30
459586,Adil,Kriebel,Senior Engineer,1995-06-30,9999-01-01
459607,Dmitri,Lammel,Engineer,1988-06-17,1996-06-17
459607,Dmitri,Lammel,Senior Engineer,1996-06-17,9999-01-01
459608,Matk,Randi,Senior Staff,2002-04-24,9999-01-01
459608,Matk,Randi,Staff,1993-04-24,2002-04-24
459626,Shao,Neiman,Engineer,1999-03-07,9999-01-01
459629,Zejun,Laventhal,Senior Staff,2001-04-29,9999-01-01
459629,Zejun,Laventhal,Staff,1995-04-30,2001-04-29
459644,Barton,Polajnar,Senior Staff,1999-05-28,9999-01-01
459644,Barton,Polajnar,Staff,1992-05-27,1999-05-28
459647,Abdelghani,Peak,Senior Engineer,1998-05-22,9999-01-01
459655,Toney,Menyhert,Staff,1990-05-16,1998-04-04
459675,Yishai,Lieberherr,Staff,1997-04-29,9999-01-01
459694,Youssef,Huxford,Senior Staff,1996-02-25,9999-01-01
459694,Youssef,Huxford,Staff,1990-02-25,1996-02-25
459702,Xuejun,Passino,Senior Staff,1999-03-30,9999-01-01
459702,Xuejun,Passino,Staff,1993-03-30,1999-03-30
459712,Utz,Merks,Engineer,1992-07-21,1998-07-21
459712,Utz,Merks,Senior Engineer,1998-07-21,9999-01-01
459718,Barna,Dahlbom,Senior Staff,1998-04-03,9999-01-01
459718,Barna,Dahlbom,Staff,1993-04-03,1998-04-03
459729,Renee,Fioravanti,Engineer,1991-06-14,2000-06-13
459729,Renee,Fioravanti,Senior Engineer,2000-06-13,9999-01-01
459734,Khue,Rossi,Senior Staff,1995-05-13,9999-01-01
459734,Khue,Rossi,Staff,1988-05-12,1995-05-13
459736,Falguni,Conia,Engineer,1992-07-29,1998-07-29
459736,Falguni,Conia,Senior Engineer,1998-07-29,9999-01-01
459748,Renee,Rajcani,Engineer,1987-09-29,1994-09-29
459748,Renee,Rajcani,Senior Engineer,1994-09-29,9999-01-01
459756,Reinhold,Lindqvist,Senior Staff,1997-10-17,9999-01-01
459759,Charmane,Hagimont,Senior Staff,1999-06-25,9999-01-01
459776,Cedric,Litzler,Senior Engineer,1987-07-20,9999-01-01
459801,Perla,Straney,Senior Staff,2000-12-02,9999-01-01
459801,Perla,Straney,Staff,1993-12-02,2000-12-02
459808,Conal,Pelz,Engineer,1989-06-23,1996-06-23
459808,Conal,Pelz,Senior Engineer,1996-06-23,9999-01-01
459834,Yongmao,Dratva,Staff,1994-09-30,9999-01-01
459837,Berry,Nations,Engineer,1993-11-14,2001-11-14
459837,Berry,Nations,Senior Engineer,2001-11-14,9999-01-01
459842,Uta,Katalagarianos,Senior Staff,1999-02-19,9999-01-01
459842,Uta,Katalagarianos,Staff,1994-02-19,1999-02-19
459853,Makato,Gewali,Staff,1991-04-25,1999-09-29
459879,Candida,Reutenauer,Engineer,1996-06-03,2002-06-03
459879,Candida,Reutenauer,Senior Engineer,2002-06-03,9999-01-01
459885,Abdulah,Carrera,Senior Staff,1995-01-27,9999-01-01
459885,Abdulah,Carrera,Staff,1990-01-27,1995-01-27
459895,Werner,Chinin,Senior Staff,1991-08-31,9999-01-01
459895,Werner,Chinin,Staff,1986-08-31,1991-08-31
459898,Gina,Gruenwald,Engineer,1996-11-25,1998-06-19
459901,Kendra,Conde,Technique Leader,1998-10-05,9999-01-01
459914,Heejo,Kalorkoti,Assistant Engineer,1992-10-17,1997-10-17
459914,Heejo,Kalorkoti,Engineer,1997-10-17,9999-01-01
459933,Tianruo,Masaki,Senior Staff,1991-07-19,9999-01-01
459942,Geoffry,Merli,Staff,1997-12-18,9999-01-01
459943,Licheng,Harbusch,Engineer,1997-01-29,9999-01-01
459964,Maya,Barriga,Engineer,1988-10-29,1995-10-29
459964,Maya,Barriga,Senior Engineer,1995-10-29,9999-01-01
460024,Tetsurou,Srimani,Senior Staff,1993-07-16,9999-01-01
460024,Tetsurou,Srimani,Staff,1986-07-16,1993-07-16
460039,Sajjan,Berztiss,Senior Staff,1998-08-23,9999-01-01
460054,Mori,Zyda,Engineer,1996-06-12,9999-01-01
460062,Deniz,Salverda,Engineer,1994-06-20,2002-06-20
460062,Deniz,Salverda,Senior Engineer,2002-06-20,9999-01-01
460096,Subhada,Perna,Senior Engineer,1986-09-30,1996-09-20
460101,Snehasis,Conia,Technique Leader,1993-01-19,9999-01-01
460145,Remko,McAffer,Senior Staff,1985-09-08,1993-12-26
460151,Steve,Langford,Senior Engineer,1993-12-19,9999-01-01
460165,Shan,Decleir,Engineer,1991-06-09,1999-06-09
460165,Shan,Decleir,Senior Engineer,1999-06-09,1999-12-15
460167,Nahla,Zaumen,Senior Staff,1997-02-22,9999-01-01
460167,Nahla,Zaumen,Staff,1988-02-23,1997-02-22
460175,Yonghong,Stellhorn,Engineer,1987-01-27,1992-01-27
460175,Yonghong,Stellhorn,Senior Engineer,1992-01-27,9999-01-01
460184,Edwin,Munch,Engineer,1996-07-30,2002-07-30
460184,Edwin,Munch,Senior Engineer,2002-07-30,9999-01-01
460185,Zhigen,Pappas,Engineer,1991-06-29,1996-06-28
460185,Zhigen,Pappas,Senior Engineer,1996-06-28,9999-01-01
460208,Nishit,Mandelberg,Engineer,1996-10-01,1997-04-04
460224,Kazuhira,Hennings,Senior Engineer,1994-03-12,1995-12-30
460249,Munir,Wynblatt,Staff,1995-06-10,9999-01-01
460277,Billie,Flasterstein,Senior Engineer,1996-02-24,9999-01-01
460291,Collette,Leaver,Senior Staff,1998-03-04,9999-01-01
460291,Collette,Leaver,Staff,1991-03-04,1998-03-04
460306,Emdad,Kemmerer,Engineer,1993-10-16,1994-10-29
460321,Huai,Glowinski,Engineer,1991-12-07,1996-12-06
460321,Huai,Glowinski,Senior Engineer,1996-12-06,9999-01-01
460329,Ottavia,Chimia,Senior Staff,2000-11-28,9999-01-01
460329,Ottavia,Chimia,Staff,1992-11-28,2000-11-28
460367,Rimli,Ouhyoung,Assistant Engineer,1986-03-10,1993-03-10
460367,Rimli,Ouhyoung,Engineer,1993-03-10,2000-03-10
460367,Rimli,Ouhyoung,Senior Engineer,2000-03-10,9999-01-01
460369,Makato,Dehkordi,Senior Staff,1998-04-09,9999-01-01
460369,Makato,Dehkordi,Staff,1992-04-09,1998-04-09
460374,Susumu,Crelier,Senior Engineer,1996-09-11,9999-01-01
460379,Rosine,Lindqvist,Engineer,1992-10-29,2000-10-29
460379,Rosine,Lindqvist,Senior Engineer,2000-10-29,2000-12-18
460417,Baziley,Anido,Staff,1992-07-04,1996-06-23
460418,Leen,Ruemmler,Senior Staff,1992-04-08,9999-01-01
460418,Leen,Ruemmler,Staff,1986-04-09,1992-04-08
460423,Jessie,Cappelli,Engineer,1991-03-19,1997-03-18
460423,Jessie,Cappelli,Senior Engineer,1997-03-18,9999-01-01
460455,Taizo,Saoudi,Senior Staff,1997-04-02,9999-01-01
460455,Taizo,Saoudi,Staff,1991-04-03,1997-04-02
460472,Subhankar,Thisen,Assistant Engineer,1999-03-30,9999-01-01
460502,Kristina,Gente,Senior Staff,1992-07-13,9999-01-01
460510,Christfried,Zolotykh,Staff,1997-04-11,9999-01-01
460528,Shahab,Orlowski,Senior Staff,2001-03-15,9999-01-01
460528,Shahab,Orlowski,Staff,1992-03-15,2001-03-15
460535,Barton,Picht,Engineer,1991-02-04,1991-06-04
460555,Kazuyasu,Perl,Senior Staff,2002-05-20,9999-01-01
460555,Kazuyasu,Perl,Staff,1993-05-20,2002-05-20
460556,Mohan,Gulla,Senior Staff,1996-03-07,9999-01-01
460556,Mohan,Gulla,Staff,1988-03-07,1996-03-07
460569,Qiwen,Grospietsch,Senior Engineer,1995-04-28,9999-01-01
460622,Susumu,Sommer,Engineer,1997-02-05,9999-01-01
460624,Shirish,Flowers,Engineer,1986-07-13,1992-07-12
460624,Shirish,Flowers,Senior Engineer,1992-07-12,9999-01-01
460634,Satosi,Uehara,Senior Engineer,1997-07-12,9999-01-01
460639,Mrinalini,Demeyer,Senior Staff,2002-03-20,9999-01-01
460639,Mrinalini,Demeyer,Staff,1996-03-20,2002-03-20
460646,Baziley,Pollacia,Staff,1998-10-31,9999-01-01
460649,Sadok,Ritzmann,Senior Staff,1999-07-23,2001-06-14
460649,Sadok,Ritzmann,Staff,1994-07-23,1999-07-23
460676,Yechezkel,Koyama,Senior Staff,1999-08-03,9999-01-01
460676,Yechezkel,Koyama,Staff,1991-08-03,1999-08-03
460678,Surveyors,Stamatiou,Engineer,1995-01-06,9999-01-01
460706,Aris,Jakobus,Senior Engineer,1992-12-30,9999-01-01
460748,Peer,Hiroyama,Senior Staff,1992-08-28,9999-01-01
460748,Peer,Hiroyama,Staff,1987-08-29,1992-08-28
460771,Parto,Schade,Staff,1999-03-26,9999-01-01
460777,Martins,Auria,Staff,1999-05-29,9999-01-01
460786,Persi,Zweizig,Engineer,1988-03-04,1996-03-04
460786,Persi,Zweizig,Senior Engineer,1996-03-04,9999-01-01
460833,Matt,Selvestrel,Senior Staff,1985-04-23,9999-01-01
460842,Elgin,Bennet,Engineer,1996-06-29,9999-01-01
460861,Yuchang,Alencar,Engineer,1997-11-14,1999-12-08
460874,Shan,Katzenelson,Senior Staff,1994-07-03,9999-01-01
460878,Jeanna,Ghalwash,Engineer,1985-05-30,1991-05-30
460878,Jeanna,Ghalwash,Senior Engineer,1991-05-30,9999-01-01
460896,Divine,Siochi,Senior Staff,2000-05-15,9999-01-01
460896,Divine,Siochi,Staff,1994-05-16,2000-05-15
460905,Bokyung,Yemenis,Staff,1996-12-25,9999-01-01
460914,Rimon,Douceur,Senior Engineer,1992-04-08,9999-01-01
460921,Zhongwei,Masand,Staff,1999-10-29,9999-01-01
460927,Izaskun,Delgrossi,Engineer,1992-11-15,1998-11-15
460927,Izaskun,Delgrossi,Senior Engineer,1998-11-15,9999-01-01
460932,Fun,Albarhamtoshy,Senior Staff,1999-03-09,9999-01-01
460935,Snehasis,Debuse,Senior Staff,1990-03-14,9999-01-01
460935,Snehasis,Debuse,Staff,1985-03-14,1990-03-14
460937,Xinan,Lores,Engineer,1997-05-26,9999-01-01
460949,Taizo,Lodder,Senior Staff,1996-10-01,9999-01-01
460952,Djelloul,Gire,Engineer,1990-09-27,1997-09-27
460952,Djelloul,Gire,Senior Engineer,1997-09-27,1998-10-22
460976,Mircea,Slobodova,Technique Leader,1992-12-21,9999-01-01
460982,Oksana,Ozery,Technique Leader,1997-02-20,9999-01-01
461004,Ranan,Ratnaker,Technique Leader,1991-08-24,1999-10-14
461009,Jolita,Compeau,Engineer,1986-07-02,1995-07-02
461009,Jolita,Compeau,Senior Engineer,1995-07-02,9999-01-01
461012,Shirish,Hofting,Engineer,1992-12-17,1999-12-18
461012,Shirish,Hofting,Senior Engineer,1999-12-18,9999-01-01
461025,Mari,Pashtan,Senior Staff,1993-12-21,9999-01-01
461025,Mari,Pashtan,Staff,1988-12-21,1993-12-21
461028,Goetz,Domenig,Engineer,1989-12-09,1998-12-09
461028,Goetz,Domenig,Senior Engineer,1998-12-09,9999-01-01
461036,Moie,Pulkowski,Staff,1999-12-24,9999-01-01
461064,Sadok,Flowers,Engineer,1993-10-30,1999-10-30
461064,Sadok,Flowers,Senior Engineer,1999-10-30,9999-01-01
461080,Zhenhua,Hoppenstand,Senior Engineer,1987-04-16,9999-01-01
461107,Berto,Castellani,Senior Staff,1993-03-08,9999-01-01
461128,Froduald,Ozeri,Senior Staff,2002-01-02,9999-01-01
461128,Froduald,Ozeri,Staff,1996-01-03,2002-01-02
461159,Youssef,Berendt,Technique Leader,1993-05-02,2001-02-01
461168,Anestis,Kushner,Senior Staff,1990-02-21,9999-01-01
461224,Khalil,Janocha,Senior Staff,1993-03-11,9999-01-01
461224,Khalil,Janocha,Staff,1985-03-11,1993-03-11
461230,Toshimo,Schoegge,Senior Staff,1995-05-28,9999-01-01
461245,Berthier,Servi,Senior Engineer,1998-11-10,9999-01-01
461272,Ioana,Merle,Engineer,1996-01-28,2002-01-27
461272,Ioana,Merle,Senior Engineer,2002-01-27,9999-01-01
461281,Shuky,Vural,Engineer,1989-05-01,1996-05-01
461281,Shuky,Vural,Senior Engineer,1996-05-01,9999-01-01
461332,Padma,Tokunaga,Staff,1994-09-08,9999-01-01
461361,Macha,Gulla,Staff,1997-04-23,9999-01-01
461367,Niclas,Marrakchi,Staff,1994-11-14,2002-05-02
461369,Ipke,Munawer,Senior Staff,2002-03-26,9999-01-01
461369,Ipke,Munawer,Staff,1997-03-26,2002-03-26
461383,Aram,Turnbull,Engineer,1999-11-07,9999-01-01
461401,Marc,Jullig,Senior Staff,1997-07-04,9999-01-01
461401,Marc,Jullig,Staff,1988-07-04,1997-07-04
461425,Masami,Kaelbling,Senior Staff,1992-03-25,9999-01-01
461428,Gian,Jarecki,Staff,1998-01-27,9999-01-01
461454,Jessie,Janocha,Staff,1994-12-18,9999-01-01
461482,IEEE,Pollock,Senior Staff,1995-04-16,9999-01-01
461497,Dharmaraja,Baranowski,Senior Staff,1998-08-14,9999-01-01
461501,Hyuckchul,Viele,Senior Staff,1998-11-18,2002-04-01
461501,Hyuckchul,Viele,Staff,1989-11-18,1998-11-18
461505,Feiyu,Dredge,Engineer,1993-11-03,1994-09-27
461518,Kristen,Kaelbling,Senior Staff,1999-09-11,9999-01-01
461536,Denis,Luders,Senior Engineer,1992-01-07,9999-01-01
461564,Shir,Setiz,Senior Staff,2000-10-16,9999-01-01
461564,Shir,Setiz,Staff,1995-10-17,2000-10-16
461571,Toney,Ranta,Senior Staff,1993-06-09,9999-01-01
461571,Toney,Ranta,Staff,1985-06-09,1993-06-09
461578,Maia,Shackel,Senior Engineer,1991-02-23,9999-01-01
461593,Visit,Rodham,Engineer,1988-04-08,1996-04-08
461593,Visit,Rodham,Senior Engineer,1996-04-08,9999-01-01
461598,Rafail,Kaelbling,Engineer,1995-11-24,2001-11-23
461598,Rafail,Kaelbling,Senior Engineer,2001-11-23,9999-01-01
461599,Maren,Verspoor,Senior Staff,1993-10-05,9999-01-01
461599,Maren,Verspoor,Staff,1985-10-05,1993-10-05
461606,Sibyl,Pocchiola,Senior Staff,1985-10-13,9999-01-01
461611,Filipe,Lampe,Senior Staff,1993-02-23,9999-01-01
461611,Filipe,Lampe,Staff,1988-02-24,1993-02-23
461622,Alenka,Kulisch,Staff,1990-12-17,1992-09-13
461669,Xudong,Peroz,Engineer,1989-09-05,1996-09-05
461669,Xudong,Peroz,Senior Engineer,1996-09-05,9999-01-01
461680,Giordano,Spelt,Staff,1999-11-25,9999-01-01
461692,Abdelkader,Rusterholz,Staff,1997-05-04,9999-01-01
461696,Xudong,Cheshire,Senior Engineer,1987-11-27,1990-04-12
461697,Dhritiman,Casperson,Senior Engineer,1994-07-12,9999-01-01
461699,Foong,Baja,Engineer,1994-04-10,2002-04-10
461699,Foong,Baja,Senior Engineer,2002-04-10,9999-01-01
461705,Xiadong,Vasanthakumar,Engineer,1997-12-21,9999-01-01
461708,Piyush,Srimani,Engineer,1998-10-13,9999-01-01
461713,Tayeb,Piveteau,Senior Staff,1996-03-11,9999-01-01
461713,Tayeb,Piveteau,Staff,1988-03-11,1996-03-11
461717,Yakkov,Fetvedt,Engineer,1995-05-05,9999-01-01
461760,Sariel,Stanger,Engineer,1992-03-28,1994-11-27
461761,Ohad,Maliniak,Engineer,1995-03-16,2001-03-15
461761,Ohad,Maliniak,Senior Engineer,2001-03-15,9999-01-01
461784,Hatem,Greibach,Engineer,1993-04-25,1999-04-25
461784,Hatem,Greibach,Senior Engineer,1999-04-25,9999-01-01
461787,Kendra,Esposito,Engineer,1991-08-22,2000-08-21
461787,Kendra,Esposito,Senior Engineer,2000-08-21,9999-01-01
461802,Parviz,Swick,Senior Staff,1998-04-01,9999-01-01
461802,Parviz,Swick,Staff,1992-04-01,1998-04-01
461843,Munir,Ullian,Senior Staff,1993-11-30,9999-01-01
461843,Munir,Ullian,Staff,1988-11-30,1993-11-30
461852,Weijing,Feinberg,Engineer,1996-01-11,9999-01-01
461859,Rosella,Schlegelmilch,Engineer,1999-06-11,9999-01-01
461881,Somnath,Angelopoulos,Staff,1995-03-08,9999-01-01
461890,Gritta,Nivat,Engineer,1993-04-08,2002-04-08
461890,Gritta,Nivat,Senior Engineer,2002-04-08,9999-01-01
461902,Collette,Chelton,Staff,1996-07-13,9999-01-01
461911,Tru,Ponthieu,Engineer,1994-06-18,2001-06-18
461911,Tru,Ponthieu,Senior Engineer,2001-06-18,9999-01-01
461921,Kshitij,Ananiadou,Engineer,1999-02-25,9999-01-01
461943,Kazuhiko,Schieder,Staff,1999-12-15,9999-01-01
461978,Macha,Christianini,Engineer,1998-03-05,2001-10-19
461983,Rosita,Basagni,Staff,1999-09-27,9999-01-01
461991,Yunming,Spieker,Engineer,1993-02-16,1998-02-16
461991,Yunming,Spieker,Senior Engineer,1998-02-16,9999-01-01
461992,Shimshon,Lorie,Senior Engineer,1999-02-13,2002-06-11
462000,Candida,Himler,Engineer,1989-12-15,1998-12-15
462000,Candida,Himler,Senior Engineer,1998-12-15,9999-01-01
462025,Shem,Bahk,Senior Staff,1997-12-30,9999-01-01
462025,Shem,Bahk,Staff,1988-12-30,1997-12-30
462039,Mary,Yavatkar,Senior Staff,1995-12-22,9999-01-01
462039,Mary,Yavatkar,Staff,1988-12-21,1995-12-22
462046,Greger,Xiaoshan,Engineer,1994-04-30,2000-04-29
462046,Greger,Xiaoshan,Senior Engineer,2000-04-29,9999-01-01
462055,Rafail,Ibel,Senior Staff,1999-01-09,9999-01-01
462055,Rafail,Ibel,Staff,1993-01-09,1999-01-09
462103,Filipe,Vecchi,Engineer,1997-07-08,9999-01-01
462108,Pranay,Nitta,Engineer,1996-07-13,9999-01-01
462110,Breannda,Heusch,Staff,1996-03-03,9999-01-01
462118,Mizuhito,Yoshizawa,Senior Staff,2000-07-03,2002-01-29
462118,Mizuhito,Yoshizawa,Staff,1991-07-04,2000-07-03
462127,Ghassan,Zeidenstein,Engineer,1985-09-22,1990-09-22
462127,Ghassan,Zeidenstein,Senior Engineer,1990-09-22,9999-01-01
462130,Murthy,Thambidurai,Engineer,1996-10-31,9999-01-01
462137,Qiwen,Radwan,Engineer,1996-10-07,9999-01-01
462143,Sumant,Wuwongse,Engineer,1996-09-18,9999-01-01
462168,Ebbe,Frolund,Technique Leader,1999-05-04,9999-01-01
462184,Hitomi,Vasanthakumar,Senior Staff,1997-08-19,9999-01-01
462242,Valdiodio,Chepyzhov,Senior Staff,1997-08-25,2000-02-28
462244,Claude,Baby,Engineer,1997-08-13,9999-01-01
462253,Percy,Rathonyi,Senior Staff,1998-07-18,9999-01-01
462253,Percy,Rathonyi,Staff,1991-07-18,1998-07-18
462255,Branimir,Cochrane,Senior Engineer,1999-06-30,9999-01-01
462265,Basil,Cannard,Senior Staff,2002-03-18,9999-01-01
462265,Basil,Cannard,Staff,1996-03-18,2002-03-18
462268,Zita,Terekhov,Engineer,1987-01-20,1990-12-15
462288,Rimli,Journel,Engineer,1988-08-02,1994-08-02
462288,Rimli,Journel,Senior Engineer,1994-08-02,1997-06-09
462301,Randi,Pusterhofer,Engineer,1989-04-19,1998-04-19
462301,Randi,Pusterhofer,Senior Engineer,1998-04-19,1999-08-14
462319,Heeju,Snyers,Senior Staff,1993-06-04,9999-01-01
462319,Heeju,Snyers,Staff,1987-06-05,1993-06-04
462350,Sven,Vieri,Engineer,1997-11-12,9999-01-01
462352,Kazuhiko,Murrill,Engineer,1985-07-17,1992-04-08
462357,Dante,Birge,Senior Engineer,1986-05-29,9999-01-01
462361,Kwangsub,Crouzet,Senior Staff,1994-07-19,9999-01-01
462361,Kwangsub,Crouzet,Staff,1986-07-19,1994-07-19
462365,Somnath,Dusink,Technique Leader,1992-09-30,9999-01-01
462377,Wonhee,Swiss,Engineer,1987-08-30,1993-08-29
462377,Wonhee,Swiss,Senior Engineer,1993-08-29,9999-01-01
462378,Indrajit,Plump,Staff,1988-09-16,1991-09-03
462380,Serge,Brookman,Engineer,1990-02-13,1997-02-13
462380,Serge,Brookman,Senior Engineer,1997-02-13,9999-01-01
462382,Barton,Riexinger,Engineer,1995-08-20,9999-01-01
462392,Gou,Murillo,Senior Staff,1998-03-15,9999-01-01
462392,Gou,Murillo,Staff,1991-03-15,1998-03-15
462406,Luise,Verhoeff,Engineer,1989-07-04,1995-07-04
462406,Luise,Verhoeff,Senior Engineer,1995-07-04,9999-01-01
462447,Georgi,Fontan,Assistant Engineer,1994-06-17,1995-07-20
462460,Honesty,Benantar,Senior Staff,1995-05-14,1997-07-14
462460,Honesty,Benantar,Staff,1990-05-14,1995-05-14
462490,Carrsten,Marzano,Engineer,1999-12-26,9999-01-01
462504,Yakichi,Pezzoli,Staff,1999-10-15,9999-01-01
462516,Lobel,Rosch,Engineer,1998-06-23,9999-01-01
462521,Eben,Ibel,Senior Staff,1992-03-08,9999-01-01
462521,Eben,Ibel,Staff,1986-03-09,1992-03-08
462533,Soenke,Barriga,Senior Staff,2001-06-04,9999-01-01
462533,Soenke,Barriga,Staff,1996-06-04,2001-06-04
462541,Frederique,Grabner,Engineer,1996-05-31,2002-05-31
462541,Frederique,Grabner,Senior Engineer,2002-05-31,9999-01-01
462547,Shahid,Marciano,Engineer,1991-01-08,1999-01-08
462547,Shahid,Marciano,Senior Engineer,1999-01-08,9999-01-01
462556,Shuichi,Salverda,Senior Staff,2002-01-23,9999-01-01
462556,Shuichi,Salverda,Staff,1996-01-24,2002-01-23
462572,Kazuyasu,Haumacher,Engineer,1998-01-02,9999-01-01
462584,Kwangyoen,Varley,Engineer,1997-03-22,9999-01-01
462588,Francoise,Gladwell,Senior Staff,1990-11-06,9999-01-01
462589,Xinglin,Zaumen,Senior Engineer,1990-04-07,1995-05-14
462591,Percy,Bridgland,Senior Staff,1997-02-26,9999-01-01
462591,Percy,Bridgland,Staff,1991-02-27,1997-02-26
462626,Niclas,Zschoche,Senior Staff,1992-10-22,9999-01-01
462630,Kamran,Sommen,Technique Leader,1992-12-07,9999-01-01
462633,Shir,Kalorkoti,Senior Staff,1992-08-14,9999-01-01
462633,Shir,Kalorkoti,Staff,1986-08-15,1992-08-14
462636,Martine,Zucker,Senior Staff,1985-08-23,9999-01-01
462645,Basem,Limongiello,Engineer,1991-12-03,1997-12-02
462645,Basem,Limongiello,Senior Engineer,1997-12-02,9999-01-01
462657,Baruch,Salvesen,Staff,1986-05-08,1988-02-28
462658,Marke,Knightly,Senior Staff,1991-07-10,9999-01-01
462658,Marke,Knightly,Staff,1986-07-10,1991-07-10
462673,Yoshinari,Codenie,Senior Staff,1996-05-14,9999-01-01
462673,Yoshinari,Codenie,Staff,1989-05-14,1996-05-14
462709,Szabolcs,Farrow,Staff,1997-01-20,9999-01-01
462715,Make,Benveniste,Senior Staff,1986-07-14,1990-05-20
462722,Malu,Wolniewicz,Senior Staff,1997-09-25,9999-01-01
462722,Malu,Wolniewicz,Staff,1989-09-25,1997-09-25
462730,Maria,Compeau,Senior Staff,1994-08-13,9999-01-01
462730,Maria,Compeau,Staff,1987-08-13,1994-08-13
462744,Uli,Marciano,Engineer,1996-11-29,9999-01-01
462799,Xiaoqiu,Maginnis,Senior Staff,1998-05-22,9999-01-01
462799,Xiaoqiu,Maginnis,Staff,1993-05-22,1998-05-22
462808,DAIDA,Lichtner,Engineer,1989-05-11,1995-05-11
462808,DAIDA,Lichtner,Senior Engineer,1995-05-11,2001-04-07
462811,Shietung,Stanger,Engineer,1998-12-03,9999-01-01
462817,Nimmagadda,Perelgut,Technique Leader,1993-09-19,9999-01-01
462821,Nitsan,Slobodova,Technique Leader,1986-08-24,9999-01-01
462823,Wilmer,Papadias,Engineer,1989-10-14,1994-10-14
462823,Wilmer,Papadias,Senior Engineer,1994-10-14,9999-01-01
462840,Miquel,Hoppenstand,Staff,1996-12-27,9999-01-01
462842,Kensei,Cannata,Engineer,1992-10-11,2001-10-11
462842,Kensei,Cannata,Senior Engineer,2001-10-11,9999-01-01
462847,Teruyuki,Erdi,Staff,1998-11-05,9999-01-01
462851,Ekawit,Jeong,Engineer,1987-10-06,1994-10-06
462851,Ekawit,Jeong,Senior Engineer,1994-10-06,9999-01-01
462868,Troy,Denis,Senior Staff,2002-05-07,9999-01-01
462868,Troy,Denis,Staff,1993-05-07,2002-05-07
462878,Aruna,Rubsam,Senior Engineer,1986-08-25,1990-08-30
462888,Constantijn,Bresenham,Senior Engineer,1994-06-02,9999-01-01
462901,Leucio,Berztiss,Senior Staff,2002-05-21,9999-01-01
462901,Leucio,Berztiss,Staff,1994-05-21,2002-05-21
462913,Hiroyasu,Staudhammer,Engineer,1985-04-08,1994-04-08
462913,Hiroyasu,Staudhammer,Senior Engineer,1994-04-08,9999-01-01
462917,Hitofumi,Miake,Senior Engineer,1996-03-16,1996-06-18
462926,Moty,Rande,Engineer,1997-02-09,2000-01-31
462930,Wuxu,Vural,Engineer,1998-03-28,9999-01-01
462935,Aamod,Rikino,Engineer,1987-05-02,1993-05-01
462935,Aamod,Rikino,Senior Engineer,1993-05-01,9999-01-01
462977,Tesuya,Masada,Senior Staff,1996-04-21,2002-05-27
462977,Tesuya,Masada,Staff,1990-04-22,1996-04-21
462986,Bernice,Camarinopoulos,Senior Engineer,1992-10-20,9999-01-01
462993,Krister,Brobst,Staff,1996-09-19,9999-01-01
463005,Toshimo,Schrooten,Engineer,1994-06-27,2001-06-27
463005,Toshimo,Schrooten,Senior Engineer,2001-06-27,9999-01-01
463017,Djelloul,Snyers,Staff,1996-05-13,9999-01-01
463028,Syozo,Velardi,Senior Engineer,1993-08-26,9999-01-01
463035,Tremaine,Barreiro,Engineer,1994-03-21,1997-08-01
463036,Aram,Beetstra,Engineer,1987-07-05,1996-07-04
463036,Aram,Beetstra,Senior Engineer,1996-07-04,9999-01-01
463044,Dhritiman,Khamsi,Assistant Engineer,1990-10-01,1995-07-27
463046,Val,Itschner,Senior Staff,2001-11-02,9999-01-01
463046,Val,Itschner,Staff,1996-11-02,2001-11-02
463066,Rajmohan,Bolsens,Staff,1997-12-19,9999-01-01
463069,Beshir,Kawashima,Staff,1998-11-06,9999-01-01
463083,Bouchung,Bratten,Engineer,1999-10-16,2000-09-15
463113,Serge,Krohn,Senior Staff,1992-05-02,9999-01-01
463113,Serge,Krohn,Staff,1986-05-03,1992-05-02
463127,Sanjai,Bellone,Staff,1990-07-28,1994-11-30
463144,Somnath,Peternell,Staff,1993-01-14,1998-05-15
463146,Aiman,Maksimenko,Senior Staff,1996-12-03,9999-01-01
463146,Aiman,Maksimenko,Staff,1989-12-03,1996-12-03
463158,Yoshinari,Cesareni,Engineer,1988-04-26,1997-04-26
463158,Yoshinari,Cesareni,Senior Engineer,1997-04-26,9999-01-01
463167,Hironoby,Plavsic,Senior Engineer,1991-06-30,9999-01-01
463168,Renee,Danecki,Senior Staff,1998-07-19,2002-04-03
463186,Raimond,Srimani,Senior Engineer,1999-06-02,9999-01-01
463190,Gritta,Lunn,Engineer,1992-10-16,2001-10-16
463190,Gritta,Lunn,Senior Engineer,2001-10-16,9999-01-01
463193,Fan,Aloisi,Staff,1993-12-11,1999-10-22
463198,Conal,Worfolk,Senior Staff,1994-09-10,9999-01-01
463201,Evgueni,Francisci,Engineer,2000-01-03,9999-01-01
463203,Shigeaki,Shihab,Engineer,1988-12-20,1992-04-13
463209,Denny,Rubsam,Technique Leader,1994-08-12,9999-01-01
463243,Genki,Marchegay,Engineer,1991-04-02,2000-04-01
463243,Genki,Marchegay,Senior Engineer,2000-04-01,9999-01-01
463258,Shooichi,Bratten,Engineer,1992-05-23,1993-09-11
463271,Bezalel,Kavraki,Staff,1996-04-02,9999-01-01
463273,Berna,Wossner,Engineer,1999-04-23,9999-01-01
463285,Piyush,Lally,Senior Staff,1991-04-07,9999-01-01
463292,Yefim,Oaver,Senior Staff,1997-11-21,9999-01-01
463292,Yefim,Oaver,Staff,1992-11-21,1997-11-21
463296,Xiaoshan,Chorvat,Senior Staff,1997-08-26,9999-01-01
463296,Xiaoshan,Chorvat,Staff,1990-08-26,1997-08-26
463331,Abdelkader,Lanteri,Senior Staff,2000-05-27,9999-01-01
463331,Abdelkader,Lanteri,Staff,1994-05-28,2000-05-27
463338,Tran,Falco,Staff,1994-10-25,2001-12-07
463339,Lansing,Bamford,Senior Staff,1998-01-12,9999-01-01
463339,Lansing,Bamford,Staff,1993-01-12,1998-01-12
463343,Shahid,Leonhardt,Senior Staff,1994-12-04,9999-01-01
463343,Shahid,Leonhardt,Staff,1989-12-04,1994-12-04
463348,Rosli,Shiratori,Engineer,1996-11-16,2001-11-16
463348,Rosli,Shiratori,Senior Engineer,2001-11-16,9999-01-01
463349,Arie,Rosis,Senior Engineer,1992-02-18,2002-06-16
463352,Huan,Trystram,Staff,1998-09-06,9999-01-01
463382,Katsuyuki,Lambe,Staff,1999-03-11,2001-02-10
463447,Dipayan,Melton,Senior Staff,1988-09-30,9999-01-01
463457,Dietrich,Ouhyoung,Staff,1994-11-17,1998-03-06
463473,Kristina,Shackel,Engineer,1986-08-08,1992-08-07
463473,Kristina,Shackel,Senior Engineer,1992-08-07,9999-01-01
463485,Supot,Danley,Engineer,1997-05-16,2002-05-16
463485,Supot,Danley,Senior Engineer,2002-05-16,9999-01-01
463497,Mingsen,Jarecki,Engineer,1998-11-04,9999-01-01
463505,Martins,McFarlan,Engineer,1987-01-22,1992-01-22
463505,Martins,McFarlan,Senior Engineer,1992-01-22,2000-02-05
463559,Zhiwei,Apsitis,Senior Engineer,1997-06-05,9999-01-01
463574,Toshimo,Demke,Senior Engineer,1992-06-19,9999-01-01
463581,Jeanne,Bratsberg,Senior Staff,2002-05-14,9999-01-01
463581,Jeanne,Bratsberg,Staff,1996-05-14,2002-05-14
463584,Anneke,Walston,Senior Engineer,1988-04-26,9999-01-01
463596,Tamiya,Himler,Engineer,1994-07-18,2002-07-18
463596,Tamiya,Himler,Senior Engineer,2002-07-18,9999-01-01
463611,Mori,Valiente,Senior Staff,1994-01-31,9999-01-01
463611,Mori,Valiente,Staff,1988-02-01,1994-01-31
463624,Itzchak,Peron,Senior Staff,1996-07-04,1996-08-19
463628,Gully,Suppi,Senior Staff,1999-03-04,9999-01-01
463628,Gully,Suppi,Staff,1991-03-04,1999-03-04
463636,Taiji,Zongker,Senior Staff,1991-11-17,9999-01-01
463636,Taiji,Zongker,Staff,1986-11-17,1991-11-17
463666,Khaled,Yoshizawa,Senior Staff,1999-05-14,9999-01-01
463666,Khaled,Yoshizawa,Staff,1994-05-14,1999-05-14
463682,Guther,Schicker,Senior Staff,1995-06-06,9999-01-01
463682,Guther,Schicker,Staff,1990-06-06,1995-06-06
463695,Masamitsu,Dichev,Senior Staff,1995-05-20,9999-01-01
463695,Masamitsu,Dichev,Staff,1990-05-20,1995-05-20
463698,Thodoros,Veccia,Technique Leader,1986-07-17,9999-01-01
463702,Maja,Coorg,Staff,1999-08-07,9999-01-01
463730,Boguslaw,Dulin,Senior Staff,1995-01-20,9999-01-01
463737,Oscal,Cyre,Senior Staff,1993-03-20,9999-01-01
463740,Aamer,Cochrane,Senior Engineer,1991-02-11,1991-11-27
463763,Alexius,Hiyoshi,Staff,1995-11-28,1996-05-07
463776,Basem,Veeraraghavan,Technique Leader,1986-12-30,9999-01-01
463844,Vitaly,Lalonde,Staff,1995-04-15,9999-01-01
463878,Leon,Kamber,Engineer,1992-06-02,1999-06-03
463878,Leon,Kamber,Senior Engineer,1999-06-03,9999-01-01
463880,Mohd,Kamber,Engineer,1990-07-27,1998-07-27
463880,Mohd,Kamber,Senior Engineer,1998-07-27,9999-01-01
463884,Susanta,Lanteri,Technique Leader,1987-07-23,9999-01-01
463887,Gay,Verhoeff,Senior Staff,1998-05-02,9999-01-01
463887,Gay,Verhoeff,Staff,1991-05-02,1998-05-02
463891,Kazuyasu,Baumann,Engineer,1998-07-31,9999-01-01
463892,Marl,Zeleznik,Technique Leader,1999-01-22,9999-01-01
463898,Prodip,Gyorkos,Engineer,1998-07-12,9999-01-01
463909,Anyuan,Swist,Engineer,1985-08-06,1994-08-06
463909,Anyuan,Swist,Senior Engineer,1994-08-06,9999-01-01
463915,Nirmal,Vadhan,Staff,1995-02-24,9999-01-01
463916,Udaiprakash,Zambonelli,Engineer,1990-03-17,1995-03-17
463916,Udaiprakash,Zambonelli,Senior Engineer,1995-03-17,9999-01-01
463931,Vincent,Brattka,Senior Staff,1998-09-07,9999-01-01
463931,Vincent,Brattka,Staff,1989-09-07,1998-09-07
463933,Jouni,Reeker,Engineer,1991-06-04,1991-08-20
463955,Zhonghua,Conia,Technique Leader,1985-12-30,9999-01-01
463972,Neelam,Lagarias,Senior Staff,2002-03-12,9999-01-01
463972,Neelam,Lagarias,Staff,1995-03-12,2002-03-12
463988,Bodo,Range,Engineer,1995-09-29,1998-06-28
463998,Akeno,Rossi,Staff,1995-09-02,9999-01-01
464004,Aruna,Henders,Senior Staff,2000-11-30,9999-01-01
464004,Aruna,Henders,Staff,1994-12-01,2000-11-30
464071,Sushant,Dratva,Senior Staff,2001-02-06,9999-01-01
464071,Sushant,Dratva,Staff,1994-02-06,2001-02-06
464088,Sushant,Setia,Senior Staff,1996-07-15,9999-01-01
464088,Sushant,Setia,Staff,1989-07-15,1996-07-15
464118,Dietrich,Jenevein,Engineer,1997-08-02,9999-01-01
464122,Maris,Kalafatis,Engineer,1990-12-30,1997-12-30
464122,Maris,Kalafatis,Senior Engineer,1997-12-30,9999-01-01
464123,Subir,Krybus,Engineer,1990-08-25,1996-08-24
464123,Subir,Krybus,Senior Engineer,1996-08-24,9999-01-01
464170,Mokhtar,Callaway,Senior Engineer,1997-10-01,9999-01-01
464173,Basil,Chinen,Senior Staff,1991-05-01,1992-11-24
464173,Basil,Chinen,Staff,1985-05-01,1991-05-01
464184,Yuriy,Suri,Engineer,1994-05-20,1999-05-20
464184,Yuriy,Suri,Senior Engineer,1999-05-20,9999-01-01
464201,Edwin,Rosaz,Engineer,1985-03-09,1992-03-09
464201,Edwin,Rosaz,Senior Engineer,1992-03-09,9999-01-01
464257,Hein,Scallan,Engineer,1999-11-06,9999-01-01
464264,Mariusz,Remmele,Engineer,1993-07-21,2001-07-21
464264,Mariusz,Remmele,Senior Engineer,2001-07-21,9999-01-01
464266,Shmuel,Nitsche,Senior Staff,1999-10-03,9999-01-01
464275,Gao,Murtagh,Engineer,1993-04-14,2001-04-14
464275,Gao,Murtagh,Senior Engineer,2001-04-14,9999-01-01
464276,Alselm,Iisaku,Engineer,1997-06-17,9999-01-01
464277,Suebskul,Harllee,Engineer,1996-06-03,1997-08-10
464285,Kwok,Ducloy,Staff,1996-09-04,9999-01-01
464292,Zhenhua,Glinert,Technique Leader,1995-11-25,1996-10-05
464296,Moie,Uhrig,Senior Staff,1995-02-07,9999-01-01
464296,Moie,Uhrig,Staff,1990-02-07,1995-02-07
464305,Tomoyuki,Terwilliger,Technique Leader,1989-10-22,1999-10-20
464336,Manohar,Bernick,Engineer,1999-12-29,9999-01-01
464342,Lansing,Peac,Technique Leader,1993-11-26,1997-05-25
464350,Kwangho,Muniz,Senior Staff,2002-02-13,9999-01-01
464350,Kwangho,Muniz,Staff,1997-02-13,2002-02-13
464354,Serenella,Fraisse,Assistant Engineer,1988-09-03,1993-09-03
464354,Serenella,Fraisse,Engineer,1993-09-03,1998-01-12
464364,Kirk,Cronan,Assistant Engineer,1998-09-03,9999-01-01
464368,Brigham,Cooman,Senior Staff,1998-03-11,9999-01-01
464368,Brigham,Cooman,Staff,1990-03-11,1998-03-11
464395,Dinah,Takanami,Senior Staff,1996-09-16,9999-01-01
464395,Dinah,Takanami,Staff,1987-09-17,1996-09-16
464408,Boguslaw,Gruenwald,Staff,1998-01-08,9999-01-01
464415,Masasuke,Provine,Staff,1985-06-26,1991-03-16
464419,Kristina,Tiemann,Senior Engineer,1988-03-07,9999-01-01
464420,Faiza,Kilgore,Senior Staff,1988-03-27,9999-01-01
464484,Naraig,Takanami,Staff,1999-05-22,9999-01-01
464505,Christoph,Sgarro,Engineer,1996-01-19,2001-01-18
464505,Christoph,Sgarro,Senior Engineer,2001-01-18,9999-01-01
464507,Ramzi,Luft,Engineer,1999-04-11,9999-01-01
464535,Marlo,Szilard,Engineer,1999-08-20,9999-01-01
464565,Margareta,Bellmore,Senior Staff,2001-05-23,9999-01-01
464565,Margareta,Bellmore,Staff,1996-05-23,2001-05-23
464576,Hsiangchu,Leuchs,Assistant Engineer,1987-08-01,1996-07-31
464576,Hsiangchu,Leuchs,Engineer,1996-07-31,9999-01-01
464579,Gian,Thisen,Engineer,1990-02-28,1997-03-17
464584,Mantis,Duclos,Senior Staff,1985-12-13,2001-08-21
464591,Inderjeet,Ghalwash,Engineer,1986-07-12,1991-07-12
464591,Inderjeet,Ghalwash,Senior Engineer,1991-07-12,9999-01-01
464592,Gou,Kohling,Engineer,1985-11-20,1992-11-20
464592,Gou,Kohling,Senior Engineer,1992-11-20,9999-01-01
464634,Caolyn,Waleschkowski,Staff,1997-09-05,9999-01-01
464651,Xiaoshan,Rahier,Engineer,1986-02-02,1992-02-02
464651,Xiaoshan,Rahier,Senior Engineer,1992-02-02,9999-01-01
464663,Fox,Zweizig,Senior Staff,1997-04-28,9999-01-01
464678,Marin,Kitsuregawa,Assistant Engineer,1993-08-05,9999-01-01
464702,Shin,Molenaar,Staff,1999-09-01,9999-01-01
464745,Shaleah,Porenta,Engineer,2000-01-15,9999-01-01
464777,Piyush,Serov,Engineer,1995-06-23,9999-01-01
464791,Jianwen,Hutter,Senior Staff,1990-03-08,9999-01-01
464791,Jianwen,Hutter,Staff,1985-03-08,1990-03-08
464806,Shalesh,Slutz,Senior Engineer,1998-09-06,9999-01-01
464812,Masami,Binding,Engineer,1988-03-29,1995-03-30
464812,Masami,Binding,Senior Engineer,1995-03-30,9999-01-01
464840,Paraskevi,Guardalben,Engineer,1994-10-05,2000-10-04
464840,Paraskevi,Guardalben,Senior Engineer,2000-10-04,9999-01-01
464858,Greger,Gien,Senior Engineer,1986-11-04,9999-01-01
464867,Jaber,Pehl,Senior Staff,1999-11-13,9999-01-01
464876,Chrisa,Denis,Senior Staff,1992-04-27,9999-01-01
464876,Chrisa,Denis,Staff,1987-04-28,1992-04-27
464880,Persi,Ruther,Senior Staff,1992-05-02,9999-01-01
464880,Persi,Ruther,Staff,1985-05-02,1992-05-02
464900,Rafols,Breugel,Senior Staff,1997-11-04,9999-01-01
464900,Rafols,Breugel,Staff,1989-11-04,1997-11-04
464923,Anwar,Laventhal,Technique Leader,1990-09-03,9999-01-01
464961,Shahab,Velasco,Engineer,1987-06-19,1992-06-18
464961,Shahab,Velasco,Senior Engineer,1992-06-18,9999-01-01
464966,Mototsugu,Ritzmann,Engineer,1987-09-21,1992-09-20
464966,Mototsugu,Ritzmann,Senior Engineer,1992-09-20,9999-01-01
464972,Navid,Serna,Senior Staff,1991-02-11,9999-01-01
464972,Navid,Serna,Staff,1985-02-11,1991-02-11
464985,Haldun,Anido,Assistant Engineer,1996-08-06,9999-01-01
464990,Chanjung,Glowinski,Technique Leader,1996-09-24,9999-01-01
465006,Patricia,Besselaar,Engineer,1997-02-19,2002-02-19
465006,Patricia,Besselaar,Senior Engineer,2002-02-19,9999-01-01
465035,Sreekrishna,Smailagic,Senior Staff,1997-12-02,9999-01-01
465035,Sreekrishna,Smailagic,Staff,1992-12-02,1997-12-02
465042,Genki,Zyda,Senior Staff,1993-11-05,1999-09-04
465042,Genki,Zyda,Staff,1988-11-05,1993-11-05
465061,Xinyu,Undy,Staff,1993-04-10,1995-08-17
465063,Weijing,Chimia,Senior Staff,1987-07-28,1995-08-08
465079,Atilio,Vingron,Engineer,1987-06-22,1992-06-21
465079,Atilio,Vingron,Senior Engineer,1992-06-21,9999-01-01
465091,Chirstian,Beeson,Engineer,1993-12-01,1999-12-01
465091,Chirstian,Beeson,Senior Engineer,1999-12-01,9999-01-01
465097,Sachar,Ventosa,Engineer,1993-04-12,1994-06-21
465100,Ayonca,Servi,Engineer,1995-03-05,2002-03-05
465100,Ayonca,Servi,Senior Engineer,2002-03-05,9999-01-01
465115,Sanjiv,Peek,Staff,1997-04-03,9999-01-01
465117,Heon,Seuren,Senior Staff,1994-10-23,9999-01-01
465117,Heon,Seuren,Staff,1989-10-23,1994-10-23
465132,Malu,Swab,Senior Engineer,1985-06-28,9999-01-01
465141,Debatosh,Slaats,Senior Staff,1997-06-05,9999-01-01
465141,Debatosh,Slaats,Staff,1992-06-05,1997-06-05
465156,Luerbio,Poupard,Senior Staff,1995-10-10,9999-01-01
465156,Luerbio,Poupard,Staff,1990-10-10,1995-10-10
465185,Billur,Badache,Assistant Engineer,1992-04-18,1999-04-19
465185,Billur,Badache,Engineer,1999-04-19,9999-01-01
465186,Mohammad,Vidya,Senior Engineer,1997-06-18,9999-01-01
465204,Ebbe,Schaaf,Senior Engineer,1994-10-12,1998-07-16
465225,Hironobu,Kulisch,Engineer,1988-12-19,1993-12-19
465225,Hironobu,Kulisch,Senior Engineer,1993-12-19,9999-01-01
465233,Atreyi,Lamma,Engineer,1998-06-01,9999-01-01
465239,Jixiang,Ponthieu,Staff,1993-06-24,1999-11-02
465266,Ioana,Eppinger,Staff,1987-04-02,1990-08-10
465275,Subhrajyoti,Selenyi,Engineer,1986-04-23,1993-04-23
465275,Subhrajyoti,Selenyi,Senior Engineer,1993-04-23,9999-01-01
465288,Hidde,Birsak,Staff,1999-09-25,9999-01-01
465354,Behnaam,Lukaszewicz,Assistant Engineer,1990-02-03,1997-02-03
465354,Behnaam,Lukaszewicz,Engineer,1997-02-03,9999-01-01
465369,Amabile,Serre,Technique Leader,1987-11-15,1994-09-25
465387,Tadahiro,Rodham,Engineer,1991-01-20,1999-09-04
465397,Ziyad,Szemeredi,Technique Leader,1986-08-04,1998-06-24
465411,Duke,Benantar,Senior Staff,2001-12-03,9999-01-01
465411,Duke,Benantar,Staff,1992-12-03,2001-12-03
465422,Odinaldo,Kragelund,Senior Staff,1997-03-20,9999-01-01
465422,Odinaldo,Kragelund,Staff,1991-03-21,1997-03-20
465429,Valeska,Krybus,Senior Staff,1994-11-19,9999-01-01
465429,Valeska,Krybus,Staff,1988-11-19,1994-11-19
465437,Avishai,Rosay,Engineer,1994-08-30,1999-08-30
465437,Avishai,Rosay,Senior Engineer,1999-08-30,9999-01-01
465462,Zeljko,Cronau,Senior Engineer,1995-01-09,9999-01-01
465466,Bedrich,Lubachevsky,Senior Staff,1985-02-05,9999-01-01
465483,Sushant,Clemencon,Engineer,1986-05-03,1991-05-03
465483,Sushant,Clemencon,Senior Engineer,1991-05-03,9999-01-01
465495,Hugh,Huttel,Senior Engineer,1987-02-07,9999-01-01
465508,Nimmagadda,Peron,Technique Leader,1987-05-16,9999-01-01
465514,Paris,Kugler,Senior Engineer,1996-06-12,9999-01-01
465517,Fai,Chinin,Technique Leader,1994-10-30,9999-01-01
465523,Honglan,Nyanchama,Senior Engineer,1992-02-29,9999-01-01
465545,Kyoichi,Alpin,Engineer,1997-12-27,9999-01-01
465566,Navid,Farrar,Senior Staff,2000-01-25,9999-01-01
465574,Rimon,Sigstam,Engineer,1992-09-29,2000-09-29
465574,Rimon,Sigstam,Senior Engineer,2000-09-29,2002-01-05
465589,Tzvetan,Luks,Senior Staff,1995-09-03,9999-01-01
465589,Tzvetan,Luks,Staff,1987-09-03,1995-09-03
465592,Charmane,Roohalamini,Staff,1998-06-11,9999-01-01
465601,Oddvar,Schneeberger,Senior Staff,1992-03-12,9999-01-01
465604,Shuichi,Tomescu,Senior Staff,1994-11-03,9999-01-01
465611,Dzung,Lenart,Engineer,1989-08-22,1997-08-22
465611,Dzung,Lenart,Senior Engineer,1997-08-22,9999-01-01
465617,Hideyuki,Hempstead,Senior Staff,1995-10-17,9999-01-01
465617,Hideyuki,Hempstead,Staff,1986-10-17,1995-10-17
465620,Zvonko,Klyachko,Senior Staff,1995-08-09,9999-01-01
465620,Zvonko,Klyachko,Staff,1988-08-08,1995-08-09
465623,Adas,Couchot,Senior Engineer,2000-01-28,9999-01-01
465624,Piyawadee,Claffy,Engineer,1992-09-13,1998-09-13
465624,Piyawadee,Claffy,Senior Engineer,1998-09-13,9999-01-01
465644,Phule,Khamsi,Engineer,1994-01-22,2002-01-22
465644,Phule,Khamsi,Senior Engineer,2002-01-22,9999-01-01
465648,Otmar,Morris,Engineer,1989-03-06,1995-03-06
465648,Otmar,Morris,Senior Engineer,1995-03-06,9999-01-01
465672,Tesuro,Himler,Engineer,1996-09-03,2000-10-05
465677,Yuichiro,Azevdeo,Assistant Engineer,1985-03-30,1994-03-30
465677,Yuichiro,Azevdeo,Engineer,1994-03-30,9999-01-01
465684,Henk,Bauknecht,Assistant Engineer,1991-09-10,1996-09-09
465684,Henk,Bauknecht,Engineer,1996-09-09,2001-09-09
465684,Henk,Bauknecht,Senior Engineer,2001-09-09,9999-01-01
465685,Heping,Melton,Assistant Engineer,1993-01-30,2000-12-31
465691,Theirry,Antonisse,Engineer,1985-12-22,1994-12-22
465691,Theirry,Antonisse,Senior Engineer,1994-12-22,9999-01-01
465695,Chandrasekaran,Chaudhuri,Engineer,1996-08-10,9999-01-01
465710,Mingzeng,Harbusch,Engineer,1999-06-26,2000-01-09
465713,Maja,Smeets,Senior Staff,1997-01-28,9999-01-01
465713,Maja,Smeets,Staff,1988-01-29,1997-01-28
465717,Arup,Picaronny,Senior Staff,2001-04-28,9999-01-01
465717,Arup,Picaronny,Staff,1994-04-28,2001-04-28
465719,Ottavia,Siegrist,Senior Staff,1997-12-26,9999-01-01
465719,Ottavia,Siegrist,Staff,1991-12-27,1997-12-26
465724,Udaiprakash,Boreale,Assistant Engineer,1994-12-14,9999-01-01
465726,Haldon,Staudhammer,Staff,1995-12-08,9999-01-01
465734,Shigehito,Peng,Staff,1999-02-23,9999-01-01
465756,Renny,Harllee,Senior Staff,1991-04-04,9999-01-01
465756,Renny,Harllee,Staff,1986-04-04,1991-04-04
465770,Toshimori,Nicolson,Senior Staff,2001-01-18,2001-03-27
465770,Toshimori,Nicolson,Staff,1995-01-19,2001-01-18
465778,Szabolcs,Przulj,Engineer,1987-03-02,1994-03-02
465778,Szabolcs,Przulj,Senior Engineer,1994-03-02,9999-01-01
465805,Izaskun,Redmiles,Senior Staff,1994-10-30,9999-01-01
465805,Izaskun,Redmiles,Staff,1985-10-30,1994-10-30
465812,Gina,Klyachko,Engineer,1987-12-21,1992-12-20
465812,Gina,Klyachko,Senior Engineer,1992-12-20,9999-01-01
465836,Shahid,Klerer,Senior Staff,1995-11-08,9999-01-01
465836,Shahid,Klerer,Staff,1986-11-08,1995-11-08
465851,Gilbert,Felder,Senior Staff,1993-07-27,9999-01-01
465851,Gilbert,Felder,Staff,1986-07-27,1993-07-27
465861,Tua,Ciolek,Assistant Engineer,1996-09-12,9999-01-01
465905,Saeed,Hertweck,Engineer,1989-05-02,1995-05-02
465905,Saeed,Hertweck,Senior Engineer,1995-05-02,9999-01-01
465945,Margareta,Rohrbach,Senior Staff,1999-08-03,9999-01-01
465945,Margareta,Rohrbach,Staff,1994-08-03,1999-08-03
465948,Guoxiang,Tanemo,Senior Staff,1994-03-21,9999-01-01
465957,Valeri,Detkin,Engineer,1999-01-13,9999-01-01
465964,Jiann,Marrevee,Engineer,1986-06-04,1995-06-04
465964,Jiann,Marrevee,Senior Engineer,1995-06-04,9999-01-01
465986,Yonghoan,Boreale,Engineer,1990-03-31,1997-03-31
465986,Yonghoan,Boreale,Senior Engineer,1997-03-31,9999-01-01
465992,Sigeru,Maraist,Technique Leader,1992-09-15,1993-08-27
466002,Vasilii,Ponthieu,Engineer,1995-09-06,2000-09-05
466002,Vasilii,Ponthieu,Senior Engineer,2000-09-05,9999-01-01
466018,Sreenivas,Kalloufi,Senior Staff,1997-08-27,9999-01-01
466037,Along,Hatcliff,Senior Staff,1996-12-16,9999-01-01
466037,Along,Hatcliff,Staff,1987-12-17,1996-12-16
466041,Abdulla,Rehfuss,Senior Engineer,1989-04-17,9999-01-01
466047,Deborah,Schnabel,Staff,1993-11-19,1995-12-06
466055,Marco,Danner,Senior Staff,1996-06-27,9999-01-01
466055,Marco,Danner,Staff,1987-06-28,1996-06-27
466069,Yongdong,Stellhorn,Senior Staff,1998-03-07,9999-01-01
466108,Nikolaus,Kroft,Senior Staff,1985-04-29,9999-01-01
466130,Seongbin,Ballarin,Technique Leader,1988-05-23,1990-04-17
466136,Shaunak,Brizzi,Staff,1999-09-16,9999-01-01
466150,Hongzue,Malinowski,Senior Staff,2001-10-01,9999-01-01
466150,Hongzue,Malinowski,Staff,1994-10-01,2001-10-01
466162,Shushma,Hennebert,Engineer,1998-07-27,9999-01-01
466195,Larisa,Levasseur,Senior Staff,2002-02-27,9999-01-01
466195,Larisa,Levasseur,Staff,1997-02-27,2002-02-27
466199,Diederik,Camurati,Senior Staff,1994-09-01,2001-12-12
466199,Diederik,Camurati,Staff,1985-09-01,1994-09-01
466203,Kwangyoen,Oberman,Engineer,1987-07-29,1994-07-29
466203,Kwangyoen,Oberman,Senior Engineer,1994-07-29,9999-01-01
466242,Weijing,Gonthier,Senior Staff,1990-12-09,9999-01-01
466254,Aamer,Beausoleil,Technique Leader,1994-03-21,9999-01-01
466255,Boguslaw,Halloran,Senior Staff,1993-04-02,9999-01-01
466255,Boguslaw,Halloran,Staff,1985-04-02,1993-04-02
466268,Bedir,Eickenmeyer,Engineer,1986-05-15,1991-05-15
466268,Bedir,Eickenmeyer,Senior Engineer,1991-05-15,9999-01-01
466276,Arco,Tsunoo,Engineer,1989-06-05,1994-06-05
466276,Arco,Tsunoo,Senior Engineer,1994-06-05,1996-07-01
466307,Takahito,Chartres,Staff,1999-09-13,2001-10-08
466325,Rosli,Basagni,Staff,1996-04-26,9999-01-01
466337,Gian,Babu,Engineer,1986-02-15,1992-02-15
466337,Gian,Babu,Senior Engineer,1992-02-15,9999-01-01
466348,Ebru,Valette,Engineer,1988-05-05,1997-05-05
466348,Ebru,Valette,Senior Engineer,1997-05-05,9999-01-01
466349,Zeydy,Pehl,Senior Engineer,1995-05-08,1997-12-02
466365,KayLiang,Slaats,Senior Staff,1997-10-20,9999-01-01
466372,Marin,Chachaty,Staff,1996-05-16,2001-05-18
466384,Maya,Barriga,Engineer,1986-10-01,1994-10-01
466384,Maya,Barriga,Senior Engineer,1994-10-01,9999-01-01
466452,Hidefumi,Jullig,Engineer,1985-04-06,1994-04-06
466452,Hidefumi,Jullig,Senior Engineer,1994-04-06,9999-01-01
466455,Sanjeeva,Stenning,Engineer,1989-04-19,1994-04-19
466455,Sanjeeva,Stenning,Senior Engineer,1994-04-19,9999-01-01
466459,Randy,Flexer,Senior Engineer,1986-01-28,9999-01-01
466460,Gina,Marquardt,Senior Staff,1997-12-17,9999-01-01
466466,Gopalakrishnan,Prenel,Assistant Engineer,1987-12-05,1996-12-04
466466,Gopalakrishnan,Prenel,Engineer,1996-12-04,9999-01-01
466478,Gunilla,Uhrig,Engineer,1986-06-16,1991-06-16
466478,Gunilla,Uhrig,Senior Engineer,1991-06-16,9999-01-01
466481,Petter,McClurg,Staff,1994-12-01,9999-01-01
466497,Fumiko,Siochi,Staff,1995-07-08,9999-01-01
466498,Hatsukazu,Fasbender,Senior Staff,2001-01-28,9999-01-01
466498,Hatsukazu,Fasbender,Staff,1996-01-29,2001-01-28
466500,Kwun,Suppi,Staff,1998-10-25,9999-01-01
466517,Mart,Porenta,Senior Staff,1985-11-26,9999-01-01
466530,Otmar,Erni,Engineer,1994-06-18,1999-06-18
466530,Otmar,Erni,Senior Engineer,1999-06-18,9999-01-01
466542,Yurii,Lindenbaum,Senior Staff,1987-01-30,9999-01-01
466546,Xiong,Lorho,Staff,1999-03-17,2002-03-10
466549,DAIDA,Bahi,Engineer,1991-06-19,1999-06-19
466549,DAIDA,Bahi,Senior Engineer,1999-06-19,9999-01-01
466554,Spyrose,Rullman,Senior Staff,1986-02-27,9999-01-01
466571,Tru,Nations,Staff,1988-03-14,1994-12-02
466588,Dung,Fetvedt,Senior Staff,1993-06-19,2002-06-06
466588,Dung,Fetvedt,Staff,1986-06-19,1993-06-19
466591,Dipayan,Birjandi,Senior Staff,1998-03-02,9999-01-01
466600,Sasan,Egerstedt,Senior Staff,1992-02-11,9999-01-01
466600,Sasan,Egerstedt,Staff,1986-02-11,1992-02-11
466633,Eirik,Schwartzbauer,Senior Engineer,1994-09-09,9999-01-01
466637,Ronghao,Menhoudj,Assistant Engineer,1988-10-04,1997-10-04
466637,Ronghao,Menhoudj,Engineer,1997-10-04,9999-01-01
466646,Cheong,Cannane,Senior Staff,1990-09-12,9999-01-01
466651,Yongmao,Delgrande,Staff,1998-12-02,9999-01-01
466667,Mizuhito,Delaune,Engineer,1993-02-09,1998-02-09
466667,Mizuhito,Delaune,Senior Engineer,1998-02-09,2000-01-03
466672,Sreenivas,Pell,Staff,1998-03-08,9999-01-01
466677,Kazuhisa,Reutenauer,Senior Staff,1993-04-19,2000-10-25
466677,Kazuhisa,Reutenauer,Staff,1986-04-19,1993-04-19
466683,Mircea,Rijsenbrij,Senior Staff,2001-04-08,9999-01-01
466683,Mircea,Rijsenbrij,Staff,1994-04-08,2001-04-08
466691,Szabolcs,Beetstra,Engineer,1992-01-09,1997-01-08
466691,Szabolcs,Beetstra,Senior Engineer,1997-01-08,9999-01-01
466713,Arunachalam,Cools,Engineer,1985-07-31,1992-07-31
466713,Arunachalam,Cools,Senior Engineer,1992-07-31,9999-01-01
466717,Reinhard,Jullig,Assistant Engineer,1987-10-04,1996-10-03
466717,Reinhard,Jullig,Engineer,1996-10-03,9999-01-01
466737,Elvis,Solares,Staff,1998-04-13,9999-01-01
466748,Zeljko,Lueh,Engineer,1997-05-18,1999-04-18
466856,Odinaldo,Heemskerk,Engineer,1995-01-05,9999-01-01
466859,Augustine,Schieder,Senior Staff,2000-12-06,9999-01-01
466859,Augustine,Schieder,Staff,1995-12-07,2000-12-06
466872,Moss,Matzov,Engineer,1986-09-05,1992-09-04
466872,Moss,Matzov,Senior Engineer,1992-09-04,9999-01-01
466874,Aemilian,Mersereau,Staff,1998-10-03,9999-01-01
466884,Tsutomu,Nishimukai,Engineer,1997-10-04,9999-01-01
466885,Sanjeeva,Linares,Senior Engineer,1991-11-27,9999-01-01
466902,Moni,Denna,Engineer,1994-06-16,1996-05-14
466903,Marsal,Cullers,Staff,1995-05-06,1997-12-14
466906,Persi,Kroll,Engineer,1999-01-18,9999-01-01
466917,Billur,Rande,Senior Staff,1996-07-17,9999-01-01
466917,Billur,Rande,Staff,1991-07-18,1996-07-17
466923,Inderjeet,Rodiger,Engineer,1996-08-29,9999-01-01
466926,Hilari,Coombs,Senior Staff,1988-04-29,9999-01-01
466937,Moss,Parascandalo,Engineer,1997-02-20,9999-01-01
466971,Zsolt,Alencar,Senior Staff,1987-02-20,9999-01-01
467009,Tuval,Preusig,Senior Staff,1998-12-02,9999-01-01
467009,Tuval,Preusig,Staff,1989-12-02,1998-12-02
467042,Shalesh,Backhouse,Senior Staff,1989-02-15,9999-01-01
467055,Piyush,Pagter,Engineer,1990-08-08,1995-08-08
467055,Piyush,Pagter,Senior Engineer,1995-08-08,9999-01-01
467061,Xuedong,Lampe,Engineer,1991-02-07,1997-02-06
467061,Xuedong,Lampe,Senior Engineer,1997-02-06,9999-01-01
467084,Nobuyoshi,Janocha,Senior Staff,1985-07-21,1997-10-03
467091,Masamitsu,Potthoff,Technique Leader,1997-12-26,9999-01-01
467099,Otilia,Kadhim,Engineer,1994-07-09,1999-07-09
467099,Otilia,Kadhim,Senior Engineer,1999-07-09,9999-01-01
467119,Yuchang,Speckmann,Staff,1999-11-25,9999-01-01
467138,Alenka,Ventosa,Engineer,1998-09-29,9999-01-01
467148,Navin,Brlek,Senior Staff,1992-04-14,9999-01-01
467148,Navin,Brlek,Staff,1986-04-15,1992-04-14
467150,Ziva,Barbanera,Engineer,1991-02-06,1996-02-06
467150,Ziva,Barbanera,Senior Engineer,1996-02-06,9999-01-01
467170,Jianhui,Mandelberg,Senior Engineer,1990-06-04,1994-08-13
467180,Mabhin,Varley,Senior Engineer,1988-11-02,9999-01-01
467190,Shuho,Ginneken,Engineer,1997-06-06,2002-06-06
467190,Shuho,Ginneken,Senior Engineer,2002-06-06,9999-01-01
467232,Arnould,Baak,Senior Staff,1993-05-09,9999-01-01
467232,Arnould,Baak,Staff,1985-05-09,1993-05-09
467241,Fun,Standera,Senior Staff,1989-02-25,9999-01-01
467245,Etsuo,Beausoleil,Senior Staff,1999-10-26,9999-01-01
467245,Etsuo,Beausoleil,Staff,1992-10-25,1999-10-26
467277,Erez,Speek,Assistant Engineer,1991-08-22,1999-08-22
467277,Erez,Speek,Engineer,1999-08-22,9999-01-01
467286,Aruna,Mitina,Staff,1998-03-04,9999-01-01
467296,Shuzo,Angelov,Staff,1994-09-08,9999-01-01
467322,Boutros,Ozeri,Senior Staff,1986-07-19,9999-01-01
467337,Howell,Parhami,Engineer,1996-10-22,9999-01-01
467363,Thanasis,Peck,Senior Staff,1999-01-25,9999-01-01
467363,Thanasis,Peck,Staff,1991-01-25,1999-01-25
467364,Kristin,Schauser,Senior Staff,1994-06-16,9999-01-01
467364,Kristin,Schauser,Staff,1987-06-16,1994-06-16
467373,Leucio,Swen,Engineer,1995-08-10,9999-01-01
467419,Menkae,Poulakidas,Engineer,1993-05-05,2002-05-05
467419,Menkae,Poulakidas,Senior Engineer,2002-05-05,9999-01-01
467424,Ortrun,Morrin,Engineer,1990-11-04,1998-11-04
467424,Ortrun,Morrin,Senior Engineer,1998-11-04,9999-01-01
467432,Lillian,Merli,Senior Staff,1995-01-09,9999-01-01
467432,Lillian,Merli,Staff,1987-01-09,1995-01-09
467463,Steve,Kading,Engineer,1991-06-25,2000-06-24
467463,Steve,Kading,Senior Engineer,2000-06-24,9999-01-01
467465,Peternela,Setlzner,Engineer,1990-03-02,1997-03-02
467465,Peternela,Setlzner,Senior Engineer,1997-03-02,9999-01-01
467492,Inderjeet,Hainaut,Senior Staff,1992-03-03,9999-01-01
467493,Neven,Schaft,Senior Staff,2001-12-29,9999-01-01
467493,Neven,Schaft,Staff,1996-12-29,2001-12-29
467495,Matk,Peot,Assistant Engineer,1992-11-30,1999-12-01
467495,Matk,Peot,Engineer,1999-12-01,9999-01-01
467538,Taisook,Tempesti,Senior Engineer,1990-07-04,9999-01-01
467547,Bokyung,Berztiss,Assistant Engineer,1999-08-05,9999-01-01
467553,Juichirou,Fasbender,Engineer,1997-03-14,9999-01-01
467569,Aral,Quaggetto,Senior Engineer,1996-01-08,1998-10-17
467575,Xinglin,Czap,Engineer,1996-08-19,9999-01-01
467597,Mack,Brlek,Senior Staff,1997-03-11,9999-01-01
467597,Mack,Brlek,Staff,1989-03-11,1997-03-11
467610,Tayeb,Plumb,Engineer,1994-07-29,1999-07-29
467610,Tayeb,Plumb,Senior Engineer,1999-07-29,9999-01-01
467617,Mack,Georg,Engineer,1986-06-23,1995-06-23
467617,Mack,Georg,Senior Engineer,1995-06-23,9999-01-01
467621,Lucian,Cincotta,Assistant Engineer,1987-01-24,1992-01-24
467621,Lucian,Cincotta,Engineer,1992-01-24,1997-01-23
467621,Lucian,Cincotta,Senior Engineer,1997-01-23,1998-01-09
467631,Pintsang,Unni,Senior Staff,1998-05-15,9999-01-01
467631,Pintsang,Unni,Staff,1991-05-15,1998-05-15
467641,Masadi,Engberts,Senior Staff,1992-01-27,9999-01-01
467641,Masadi,Engberts,Staff,1986-01-27,1992-01-27
467652,Itzchak,Pell,Senior Staff,1987-02-24,9999-01-01
467664,Shmuel,Bisiani,Assistant Engineer,1986-12-16,1994-12-16
467664,Shmuel,Bisiani,Engineer,1994-12-16,9999-01-01
467666,Hironobu,Bierman,Engineer,1985-07-20,1994-07-20
467666,Hironobu,Bierman,Senior Engineer,1994-07-20,9999-01-01
467688,Dipayan,Szemeredi,Technique Leader,1988-09-01,9999-01-01
467701,Troy,Viele,Senior Staff,2000-11-04,9999-01-01
467701,Troy,Viele,Staff,1995-11-05,2000-11-04
467711,Anneke,Kamble,Engineer,1985-02-16,1991-02-16
467711,Anneke,Kamble,Senior Engineer,1991-02-16,9999-01-01
467718,Fatemeh,Pews,Staff,1993-06-21,1996-09-16
467776,Cristinel,Aumann,Staff,1998-03-08,1998-04-09
467778,Mingdong,Lamparter,Assistant Engineer,1992-12-29,1999-12-30
467778,Mingdong,Lamparter,Engineer,1999-12-30,9999-01-01
467781,Marla,Assaf,Engineer,1995-02-28,2000-02-28
467781,Marla,Assaf,Senior Engineer,2000-02-28,9999-01-01
467789,Fayez,Zhiwei,Engineer,1989-05-07,1998-05-07
467789,Fayez,Zhiwei,Senior Engineer,1998-05-07,9999-01-01
467794,Ebbe,Kavvadias,Senior Staff,1988-01-31,1998-01-22
467810,Duro,Kavanagh,Assistant Engineer,1993-10-15,2000-10-15
467810,Duro,Kavanagh,Engineer,2000-10-15,9999-01-01
467811,Masadi,Mersereau,Assistant Engineer,1992-12-30,1998-12-30
467811,Masadi,Mersereau,Engineer,1998-12-30,9999-01-01
467833,Xiadong,Ouhyoung,Senior Engineer,1992-04-26,9999-01-01
467863,Mooi,Rahier,Senior Staff,1999-08-29,9999-01-01
467864,Shahaf,Biros,Engineer,1987-05-20,1992-05-19
467864,Shahaf,Biros,Senior Engineer,1992-05-19,9999-01-01
467877,Nechama,Dayana,Engineer,1996-04-21,9999-01-01
467883,Mana,Stafford,Technique Leader,1988-09-10,9999-01-01
467898,Pramod,Syang,Engineer,1987-06-13,1994-06-13
467898,Pramod,Syang,Senior Engineer,1994-06-13,9999-01-01
467899,Lena,Garrabrants,Senior Staff,1996-06-10,9999-01-01
467899,Lena,Garrabrants,Staff,1990-06-11,1996-06-10
467919,Arnd,Bergere,Staff,1998-03-02,9999-01-01
467929,Toney,Tiemann,Assistant Engineer,1993-10-02,9999-01-01
467981,Mahmut,Copas,Engineer,1986-02-01,1991-02-01
467981,Mahmut,Copas,Senior Engineer,1991-02-01,9999-01-01
467999,Janalee,Valiente,Senior Staff,2000-06-23,2001-03-02
467999,Janalee,Valiente,Staff,1995-06-24,2000-06-23
468033,Limsoon,Hellwagner,Senior Staff,1993-03-25,9999-01-01
468033,Limsoon,Hellwagner,Staff,1987-03-26,1993-03-25
468041,Mrinalini,Lambe,Technique Leader,1987-09-24,9999-01-01
468069,Kiyotoshi,Gill,Senior Staff,1998-11-08,9999-01-01
468069,Kiyotoshi,Gill,Staff,1992-11-08,1998-11-08
468090,Along,Bierman,Staff,1997-12-21,1999-07-22
468096,Abdelghani,Middleton,Senior Staff,1998-10-11,9999-01-01
468096,Abdelghani,Middleton,Staff,1993-10-11,1998-10-11
468098,Berto,Schlumberger,Engineer,1999-11-17,9999-01-01
468118,Carrsten,Cooke,Staff,1985-11-21,1987-12-30
468183,Lech,Gulak,Staff,1996-05-15,1998-01-25
468186,Jaber,Rosen,Senior Staff,1986-01-18,1993-12-18
468197,Fei,Badr,Technique Leader,1996-06-16,9999-01-01
468202,Udaiprakash,Zaiane,Staff,1998-01-28,2002-06-04
468206,Garnet,Farrow,Staff,1998-06-22,1999-10-30
468213,Yolla,Michaels,Engineer,1989-03-21,1997-03-21
468213,Yolla,Michaels,Senior Engineer,1997-03-21,9999-01-01
468219,Qingxiang,Aamodt,Technique Leader,1986-03-05,9999-01-01
468243,Zhonghua,Zuberek,Engineer,1987-12-14,1994-12-14
468243,Zhonghua,Zuberek,Senior Engineer,1994-12-14,9999-01-01
468282,Zhensheng,Templeman,Engineer,1993-09-26,1999-09-26
468282,Zhensheng,Templeman,Senior Engineer,1999-09-26,9999-01-01
468293,Abdelkader,Yetto,Engineer,1998-07-30,9999-01-01
468294,Sergi,Erbe,Engineer,1989-05-07,1991-10-20
468298,Kousuke,Lichtner,Engineer,1996-01-25,9999-01-01
468309,Garnik,Lichtman,Senior Staff,1996-11-27,9999-01-01
468309,Garnik,Lichtman,Staff,1988-11-27,1996-11-27
468319,Rafols,Kaelbling,Engineer,1997-07-31,9999-01-01
468327,Mong,Bednarek,Engineer,1985-12-31,1991-12-31
468327,Mong,Bednarek,Senior Engineer,1991-12-31,9999-01-01
468357,Richara,Lindqvist,Technique Leader,1999-06-14,9999-01-01
468367,Eric,Vuskovic,Technique Leader,1989-07-06,1990-02-15
468382,Xiong,Butner,Engineer,1989-03-22,1994-03-22
468382,Xiong,Butner,Senior Engineer,1994-03-22,9999-01-01
468383,Pantung,Improta,Senior Staff,1989-11-26,9999-01-01
468408,Herb,Skrikant,Staff,1996-12-12,9999-01-01
468441,Samphel,Lorch,Engineer,1995-04-20,1998-10-31
468464,Ingmar,Beilner,Engineer,1992-07-26,2001-07-26
468464,Ingmar,Beilner,Senior Engineer,2001-07-26,9999-01-01
468466,Arie,Frijda,Senior Engineer,1987-07-21,9999-01-01
468469,Bernd,Worfolk,Senior Engineer,1987-10-11,9999-01-01
468474,Heng,Slaats,Senior Staff,1986-01-30,9999-01-01
468485,Chikara,Malabarba,Engineer,1989-11-28,1994-11-28
468485,Chikara,Malabarba,Senior Engineer,1994-11-28,9999-01-01
468498,Chandrasekaran,Rikino,Engineer,1997-03-30,9999-01-01
468508,Lunjin,Famili,Senior Staff,1996-04-13,9999-01-01
468508,Lunjin,Famili,Staff,1988-04-13,1996-04-13
468511,Ugo,Mansanne,Engineer,1987-04-05,1993-04-04
468511,Ugo,Mansanne,Senior Engineer,1993-04-04,9999-01-01
468567,Kiyomitsu,Gulak,Senior Staff,1998-06-08,9999-01-01
468567,Kiyomitsu,Gulak,Staff,1990-06-08,1998-06-08
468576,Mariangiola,Trelles,Engineer,1985-04-05,1992-04-05
468576,Mariangiola,Trelles,Senior Engineer,1992-04-05,9999-01-01
468636,Jasminko,Picci,Assistant Engineer,1989-03-18,1990-07-21
468638,Berto,Pagter,Engineer,1995-01-20,2001-01-19
468638,Berto,Pagter,Senior Engineer,2001-01-19,9999-01-01
468641,Harjit,Hofstetter,Senior Staff,1992-02-23,9999-01-01
468641,Harjit,Hofstetter,Staff,1987-02-23,1992-02-23
468648,Kensei,Begiun,Senior Engineer,1999-04-19,9999-01-01
468656,Uri,Morris,Senior Staff,2001-08-27,9999-01-01
468656,Uri,Morris,Staff,1995-08-28,2001-08-27
468660,Girolamo,Ruther,Staff,1999-02-25,9999-01-01
468676,Beshir,DuCasse,Senior Engineer,1999-10-21,9999-01-01
468681,Gina,Maginnis,Senior Engineer,1998-09-03,9999-01-01
468707,Kauko,Heuser,Engineer,1998-01-18,9999-01-01
468718,Yinlin,Panwar,Assistant Engineer,1992-11-22,1997-11-22
468718,Yinlin,Panwar,Engineer,1997-11-22,1999-03-02
468722,Marsha,Mapelli,Senior Engineer,1987-06-21,9999-01-01
468732,Leaf,Yamaashi,Senior Staff,1998-06-30,9999-01-01
468737,Josyula,Pollacia,Senior Staff,1986-10-05,9999-01-01
468746,Hatem,Oberman,Engineer,1991-09-24,1999-09-24
468746,Hatem,Oberman,Senior Engineer,1999-09-24,9999-01-01
468761,Danny,Kalafatis,Engineer,1996-12-18,9999-01-01
468768,Freyja,Schusler,Engineer,1993-10-14,2000-10-14
468768,Freyja,Schusler,Senior Engineer,2000-10-14,9999-01-01
468770,Ger,Marletta,Staff,1997-08-27,2000-02-11
468774,Godehard,Vidya,Senior Staff,1996-03-20,9999-01-01
468774,Godehard,Vidya,Staff,1989-03-20,1996-03-20
468777,Shaz,Perna,Staff,1996-09-29,9999-01-01
468784,Ramalingam,Bottner,Engineer,1993-08-14,1995-12-18
468809,Chaosheng,Ouhyoung,Senior Engineer,1991-02-27,1992-08-18
468812,Jianhao,Steenbeek,Senior Staff,1989-07-26,9999-01-01
468813,Arco,Tomescu,Senior Staff,1987-12-29,9999-01-01
468819,Susanne,Jahnichen,Engineer,1996-10-26,9999-01-01
468851,Berhard,Thimonier,Senior Staff,1995-11-23,9999-01-01
468851,Berhard,Thimonier,Staff,1987-11-23,1995-11-23
468852,Alselm,Merlo,Senior Staff,1997-11-14,9999-01-01
468857,Tadahiko,Plotkin,Engineer,1986-11-25,1991-11-25
468857,Tadahiko,Plotkin,Senior Engineer,1991-11-25,9999-01-01
468858,Christoper,Kolinko,Senior Staff,1992-03-09,1997-03-14
468875,Miquel,Aloia,Engineer,1997-12-30,9999-01-01
468894,Zissis,Schach,Staff,1996-07-27,1998-05-29
468910,Tsvetan,Snedden,Engineer,1991-03-28,1996-03-27
468910,Tsvetan,Snedden,Senior Engineer,1996-03-27,9999-01-01
468917,Limsoon,Swick,Senior Staff,1996-07-28,9999-01-01
468917,Limsoon,Swick,Staff,1989-07-28,1996-07-28
468940,Ramzi,Keustermans,Assistant Engineer,1986-11-28,1991-11-28
468940,Ramzi,Keustermans,Engineer,1991-11-28,1996-11-27
468940,Ramzi,Keustermans,Senior Engineer,1996-11-27,9999-01-01
468954,Reinhard,Cannard,Engineer,1988-09-03,1994-09-03
468954,Reinhard,Cannard,Senior Engineer,1994-09-03,9999-01-01
468995,Bodo,Schiper,Engineer,1994-10-20,9999-01-01
469000,Giri,Erman,Engineer,1996-04-23,2001-04-23
469000,Giri,Erman,Senior Engineer,2001-04-23,9999-01-01
469015,Nigel,Cannane,Staff,1999-01-04,9999-01-01
469016,Tetsurou,Straney,Staff,1999-11-07,9999-01-01
469023,Eric,Zultner,Staff,1997-02-07,9999-01-01
469026,Hein,Navazio,Engineer,1985-03-06,1992-03-06
469026,Hein,Navazio,Senior Engineer,1992-03-06,9999-01-01
469037,Brewster,Stifter,Senior Staff,1998-09-13,9999-01-01
469037,Brewster,Stifter,Staff,1991-09-13,1998-09-13
469042,Branimir,Validov,Senior Engineer,1996-06-16,9999-01-01
469043,Guozhong,Yurov,Engineer,1998-01-08,9999-01-01
469047,Mohammed,Hatcliff,Senior Engineer,1997-09-11,9999-01-01
469070,Jinxi,Ernst,Technique Leader,1993-03-27,9999-01-01
469072,Wayne,Morrow,Technique Leader,1995-11-15,9999-01-01
469122,Fumiya,Emmerich,Assistant Engineer,1991-11-28,1996-11-27
469122,Fumiya,Emmerich,Engineer,1996-11-27,2001-11-27
469122,Fumiya,Emmerich,Senior Engineer,2001-11-27,9999-01-01
469140,Piyush,Hutter,Senior Staff,2002-02-07,2002-04-21
469140,Piyush,Hutter,Staff,1997-02-07,2002-02-07
469147,Jessie,Pehl,Senior Staff,1991-04-18,1996-09-22
469147,Jessie,Pehl,Staff,1986-04-18,1991-04-18
469148,Udaiprakash,Radwan,Engineer,1992-12-21,1999-12-22
469148,Udaiprakash,Radwan,Senior Engineer,1999-12-22,9999-01-01
469149,Rayond,Lueh,Technique Leader,1989-05-08,1992-07-26
469154,Arlette,Magliocco,Senior Engineer,1990-10-14,9999-01-01
469175,Mototsugu,Beausoleil,Senior Staff,1995-07-25,9999-01-01
469175,Mototsugu,Beausoleil,Staff,1987-07-25,1995-07-25
469177,Sorina,Oskamp,Senior Staff,2000-02-05,9999-01-01
469177,Sorina,Oskamp,Staff,1993-02-04,2000-02-05
469180,Troy,Kavvadias,Engineer,1990-11-04,1997-11-04
469180,Troy,Kavvadias,Senior Engineer,1997-11-04,9999-01-01
469184,Tomofumi,Yurov,Assistant Engineer,1992-04-29,1998-04-29
469184,Tomofumi,Yurov,Engineer,1998-04-29,9999-01-01
469190,Zita,Riesenhuber,Senior Staff,1995-05-11,9999-01-01
469190,Zita,Riesenhuber,Staff,1987-05-11,1995-05-11
469195,Anyuan,Segond,Staff,1997-04-02,9999-01-01
469196,Anyuan,Pokrovskii,Engineer,1995-07-14,9999-01-01
469197,Kasturi,Vigier,Senior Staff,1998-04-03,9999-01-01
469197,Kasturi,Vigier,Staff,1992-04-03,1998-04-03
469207,Mang,Litzkow,Senior Staff,1993-03-04,9999-01-01
469211,Vitaly,Hiltgen,Engineer,1993-06-19,2001-06-19
469211,Vitaly,Hiltgen,Senior Engineer,2001-06-19,9999-01-01
469215,Juyoung,Smailagic,Engineer,1996-06-25,9999-01-01
469231,Franziska,Honiden,Engineer,1985-03-05,1993-03-05
469231,Franziska,Honiden,Senior Engineer,1993-03-05,1999-01-02
469240,Radhia,Penn,Technique Leader,1985-08-02,9999-01-01
469244,Shaowen,Perl,Senior Staff,2001-07-11,9999-01-01
469244,Shaowen,Perl,Staff,1993-07-11,2001-07-11
469260,Deborah,Ambroszkiewicz,Engineer,1990-10-30,1997-10-30
469260,Deborah,Ambroszkiewicz,Senior Engineer,1997-10-30,9999-01-01
469261,Chinhyun,Bernini,Staff,1998-11-21,9999-01-01
469271,Chinya,Bridgland,Engineer,1994-01-20,9999-01-01
469294,Xiadong,Perl,Staff,1996-01-13,9999-01-01
469298,Takahira,McAffer,Staff,1990-04-21,1995-02-14
469328,Leah,Kalefeld,Senior Engineer,1994-10-30,9999-01-01
469332,Marjo,Cichocki,Staff,1985-03-14,1988-12-17
469335,Mohan,Farrag,Staff,1999-07-19,9999-01-01
469355,Visit,Schaft,Engineer,1999-09-05,9999-01-01
469415,Ramya,Gecsei,Engineer,1987-05-22,1996-05-21
469415,Ramya,Gecsei,Senior Engineer,1996-05-21,9999-01-01
469446,Mana,Docker,Senior Staff,1994-04-23,9999-01-01
469446,Mana,Docker,Staff,1988-04-23,1994-04-23
469460,Bernd,Luga,Senior Engineer,1995-03-15,9999-01-01
469472,Susuma,Weedman,Senior Engineer,1994-04-10,1995-01-06
469523,Susanna,Demos,Engineer,1997-12-26,9999-01-01
469526,Radhakrishnan,Ullian,Senior Staff,1985-09-26,9999-01-01
469542,Lakshmi,Menhoudj,Staff,1991-11-20,1993-10-23
469550,Khatoun,Butner,Engineer,1998-05-19,9999-01-01
469552,Sanjai,Panwar,Technique Leader,1995-02-09,9999-01-01
469553,Shen,Hennings,Technique Leader,1990-10-10,1993-10-23
469556,Gaurav,Badr,Senior Staff,1991-01-28,9999-01-01
469563,Kwan,Teitelbaum,Technique Leader,1989-07-16,9999-01-01
469564,Peer,Roison,Senior Staff,1988-04-20,1989-06-11
469578,Constantino,Chelton,Senior Engineer,1992-09-17,9999-01-01
469586,Youpyo,Lambe,Staff,1987-01-24,1988-01-16
469591,Morrie,Borovoy,Senior Staff,1994-01-25,1998-12-25
469591,Morrie,Borovoy,Staff,1988-01-26,1994-01-25
469605,Uta,Syang,Engineer,1987-08-16,1994-08-16
469605,Uta,Syang,Senior Engineer,1994-08-16,9999-01-01
469606,Miomir,Cesareni,Engineer,1990-09-09,1997-09-09
469606,Miomir,Cesareni,Senior Engineer,1997-09-09,9999-01-01
469609,Mana,Milicic,Senior Staff,1988-07-29,9999-01-01
469613,Annemarie,Ulupinar,Assistant Engineer,1993-07-25,1999-07-25
469613,Annemarie,Ulupinar,Engineer,1999-07-25,9999-01-01
469633,Uma,Hitomi,Engineer,1990-10-07,1998-10-07
469633,Uma,Hitomi,Senior Engineer,1998-10-07,9999-01-01
469651,Gaetan,Ananiadou,Staff,1997-02-28,9999-01-01
469654,Kitty,Khalil,Engineer,1992-05-31,2001-05-31
469654,Kitty,Khalil,Senior Engineer,2001-05-31,9999-01-01
469655,Fay,Dymetman,Senior Staff,1993-09-11,9999-01-01
469655,Fay,Dymetman,Staff,1985-09-11,1993-09-11
469693,Abdulah,Baar,Engineer,1985-04-12,1994-04-12
469693,Abdulah,Baar,Senior Engineer,1994-04-12,9999-01-01
469714,Foong,Ciolek,Senior Staff,1997-03-23,9999-01-01
469715,Saddek,Jeong,Senior Engineer,1985-08-31,1987-02-08
469718,Amalendu,Peltason,Engineer,1999-06-02,9999-01-01
469743,Koldo,Ratnaker,Senior Engineer,1997-03-20,9999-01-01
469766,Aamer,Peroz,Engineer,1996-05-06,2000-07-11
469773,Byong,McClure,Assistant Engineer,1987-01-06,1995-01-06
469773,Byong,McClure,Engineer,1995-01-06,2001-07-06
469781,Taizo,Azumi,Engineer,1986-11-16,1991-11-16
469781,Taizo,Azumi,Senior Engineer,1991-11-16,9999-01-01
469782,Jongsuk,Garnick,Engineer,1995-05-12,2000-05-11
469782,Jongsuk,Garnick,Senior Engineer,2000-05-11,9999-01-01
469787,Alagu,Vasanthakumar,Senior Staff,1993-10-07,9999-01-01
469787,Alagu,Vasanthakumar,Staff,1986-10-07,1993-10-07
469792,Kerhong,Szilard,Senior Staff,1998-04-08,9999-01-01
469792,Kerhong,Szilard,Staff,1993-04-08,1998-04-08
469797,Geoff,Bach,Staff,2000-01-13,9999-01-01
469815,Tse,Varker,Engineer,1992-02-18,1997-02-17
469815,Tse,Varker,Senior Engineer,1997-02-17,9999-01-01
469823,Chiranjit,Baby,Senior Staff,1992-04-11,9999-01-01
469823,Chiranjit,Baby,Staff,1986-04-12,1992-04-11
469825,Shaunak,Bierman,Engineer,1985-07-13,1993-07-13
469825,Shaunak,Bierman,Senior Engineer,1993-07-13,9999-01-01
469847,Akemi,Prampolini,Engineer,1996-03-19,9999-01-01
469849,Xiong,Kalafatis,Senior Staff,1992-08-06,9999-01-01
469864,Roddy,Maliniak,Engineer,1997-12-07,9999-01-01
469874,Ute,Brodie,Senior Staff,1999-09-13,9999-01-01
469874,Ute,Brodie,Staff,1990-09-13,1999-09-13
469879,Cullen,Syrzycki,Technique Leader,1997-09-15,9999-01-01
469881,Mohamadou,Jeong,Engineer,1987-04-04,1994-04-04
469881,Mohamadou,Jeong,Senior Engineer,1994-04-04,9999-01-01
469895,Lein,Heusch,Senior Staff,1996-09-03,9999-01-01
469900,Jinxi,Alameldin,Engineer,1990-12-30,1998-12-30
469900,Jinxi,Alameldin,Senior Engineer,1998-12-30,9999-01-01
469901,Arun,Guerreiro,Senior Staff,2002-03-01,9999-01-01
469901,Arun,Guerreiro,Staff,1994-03-01,2002-03-01
469902,Mohua,Kopetz,Engineer,1999-02-04,9999-01-01
469909,Sreekrishna,Sluis,Staff,1994-09-28,9999-01-01
469916,Kazuhiko,Dalton,Senior Staff,1999-03-02,1999-09-25
469916,Kazuhiko,Dalton,Staff,1993-03-02,1999-03-02
469917,Katsuyuki,Sgarro,Senior Staff,1994-05-02,9999-01-01
469917,Katsuyuki,Sgarro,Staff,1985-05-02,1994-05-02
469940,Bedrich,Erdmenger,Senior Engineer,1986-06-16,9999-01-01
469949,Constantine,Frolund,Senior Staff,1992-02-25,9999-01-01
469949,Constantine,Frolund,Staff,1987-02-25,1992-02-25
469962,Arlette,Demos,Technique Leader,1990-07-16,9999-01-01
469964,Serif,Honiden,Senior Staff,1991-08-18,9999-01-01
470005,Heping,Dulin,Senior Staff,1996-12-21,9999-01-01
470005,Heping,Dulin,Staff,1991-12-22,1996-12-21
470010,Ute,Kadhim,Senior Engineer,1994-04-23,9999-01-01
470025,Badri,Legleitner,Senior Engineer,1996-06-07,1996-09-05
470029,Shimshon,Wursthorn,Senior Staff,1997-06-09,9999-01-01
470029,Shimshon,Wursthorn,Staff,1988-06-09,1997-06-09
470037,Dharmaraja,Senzako,Engineer,1991-08-01,1994-02-05
470040,Ekawit,Rosch,Senior Staff,2002-07-09,9999-01-01
470040,Ekawit,Rosch,Staff,1996-07-09,2002-07-09
470042,Kwangyoen,Rajcani,Senior Staff,1998-08-09,9999-01-01
470042,Kwangyoen,Rajcani,Staff,1992-08-09,1998-08-09
470043,Billur,Lovengreen,Staff,1995-11-12,9999-01-01
470048,Bouchung,Halevi,Senior Engineer,1998-05-08,9999-01-01
470052,Serge,Middleton,Senior Staff,1999-06-29,9999-01-01
470061,Moheb,Braunmuhl,Senior Staff,1992-02-11,9999-01-01
470061,Moheb,Braunmuhl,Staff,1985-02-10,1992-02-11
470065,Mariangiola,Simkin,Engineer,1987-09-26,1992-09-25
470065,Mariangiola,Simkin,Senior Engineer,1992-09-25,9999-01-01
470086,Shao,Marzano,Staff,1995-02-18,1999-06-03
470091,Naftaly,Bail,Engineer,1989-05-13,1997-05-13
470091,Naftaly,Bail,Senior Engineer,1997-05-13,9999-01-01
470113,Kristen,Bridgland,Engineer,1987-04-26,1996-04-25
470113,Kristen,Bridgland,Senior Engineer,1996-04-25,2000-01-07
470119,Isaac,Kroon,Senior Staff,1990-11-09,9999-01-01
470162,Gully,Veevers,Senior Staff,1995-09-17,9999-01-01
470162,Gully,Veevers,Staff,1987-09-17,1995-09-17
470169,Jaana,Roison,Senior Staff,1995-09-24,9999-01-01
470174,Caolyn,Kaelbling,Senior Engineer,1997-11-29,2000-05-18
470224,Remco,Staylopatis,Senior Staff,1999-08-08,2002-08-01
470247,Leah,Serna,Senior Staff,1997-03-29,9999-01-01
470247,Leah,Serna,Staff,1991-03-30,1997-03-29
470266,Yurii,Irland,Senior Staff,1996-12-31,2001-04-12
470280,Moss,Rosiles,Engineer,1999-10-26,9999-01-01
470305,Trygve,Schwabacher,Senior Engineer,1986-04-23,2000-06-02
470331,Caolyn,Lortz,Engineer,1988-06-13,1995-12-07
470337,JoAnna,Hiyoshi,Engineer,2000-01-04,9999-01-01
470353,Ayonca,Poujol,Senior Staff,1998-08-09,9999-01-01
470359,Xinan,Borovoy,Staff,1997-04-14,9999-01-01
470378,Chiradeep,Nilsson,Senior Staff,1992-04-04,9999-01-01
470378,Chiradeep,Nilsson,Staff,1987-04-05,1992-04-04
470398,Taizo,Bondorf,Technique Leader,1986-04-13,9999-01-01
470408,Anyuan,Etalle,Senior Engineer,1989-01-12,1999-07-03
470417,Uta,Masada,Senior Staff,1995-11-17,9999-01-01
470417,Uta,Masada,Staff,1989-11-17,1995-11-17
470425,Tuval,Servi,Engineer,1989-11-21,1997-11-21
470425,Tuval,Servi,Senior Engineer,1997-11-21,9999-01-01
470442,Akeno,Zaumen,Engineer,1997-07-26,9999-01-01
470448,Stabislas,Bierbaum,Assistant Engineer,1990-05-14,1995-05-14
470448,Stabislas,Bierbaum,Engineer,1995-05-14,2000-05-13
470448,Stabislas,Bierbaum,Senior Engineer,2000-05-13,9999-01-01
470452,Jaber,Vidya,Engineer,1987-07-09,1993-05-29
470453,Mani,Herber,Engineer,1998-01-29,9999-01-01
470487,Supot,Christianini,Senior Staff,1997-07-13,2000-12-04
470487,Supot,Christianini,Staff,1990-07-13,1997-07-13
470502,Kendra,Terwilliger,Senior Staff,2001-05-07,9999-01-01
470502,Kendra,Terwilliger,Staff,1994-05-07,2001-05-07
470516,Qingxiang,Verhoeff,Technique Leader,1997-04-10,9999-01-01
470523,Chaosheng,Leonhardt,Senior Staff,2000-03-16,9999-01-01
470523,Chaosheng,Leonhardt,Staff,1994-03-17,2000-03-16
470530,Evgueni,Clouatre,Staff,1999-09-22,2000-11-26
470543,Lunjin,Fortenbacher,Engineer,1992-12-24,2000-12-24
470543,Lunjin,Fortenbacher,Senior Engineer,2000-12-24,9999-01-01
470561,Vugranam,Bolsens,Technique Leader,1996-08-04,9999-01-01
470572,Randy,Melski,Senior Staff,1989-04-25,9999-01-01
470580,Hisao,Pollacia,Senior Engineer,1999-11-02,9999-01-01
470589,Moie,Pena,Senior Engineer,1989-02-09,9999-01-01
470601,Abdelghani,Bahk,Engineer,1988-05-14,1996-05-14
470601,Abdelghani,Bahk,Senior Engineer,1996-05-14,9999-01-01
470608,Augustine,Provine,Engineer,1990-10-04,1996-10-03
470608,Augustine,Provine,Senior Engineer,1996-10-03,9999-01-01
470616,Stein,Mamelak,Staff,1990-06-16,1992-10-15
470617,Taisook,Usdin,Engineer,1995-12-02,2000-05-13
470642,Lein,Teitelbaum,Staff,1997-02-13,9999-01-01
470656,Matt,Taubman,Engineer,1993-07-21,1998-07-21
470656,Matt,Taubman,Senior Engineer,1998-07-21,1999-10-28
470663,Sudharsan,Rosis,Senior Staff,1994-02-26,2002-06-25
470671,Toshiki,Goodrum,Senior Staff,2002-04-30,9999-01-01
470671,Toshiki,Goodrum,Staff,1996-04-30,2002-04-30
470680,Toshimi,Karner,Staff,1997-08-20,9999-01-01
470685,Shuzo,Polupanov,Staff,1994-11-14,9999-01-01
470692,Aloys,Jumpertz,Senior Staff,1991-01-14,1997-03-07
470692,Aloys,Jumpertz,Staff,1986-01-14,1991-01-14
470697,Shigenori,Siksek,Senior Staff,1994-02-25,9999-01-01
470697,Shigenori,Siksek,Staff,1989-02-25,1994-02-25
470700,Xumin,Cmelik,Senior Staff,2001-12-24,9999-01-01
470700,Xumin,Cmelik,Staff,1996-12-24,2001-12-24
470708,Yechiam,Bernini,Engineer,1989-09-13,1994-09-13
470708,Yechiam,Bernini,Senior Engineer,1994-09-13,9999-01-01
470713,Toshimo,Maliniak,Staff,1993-12-03,2001-10-21
470749,Siddarth,Matzen,Assistant Engineer,1987-09-04,1993-09-03
470749,Siddarth,Matzen,Engineer,1993-09-03,1999-09-03
470749,Siddarth,Matzen,Senior Engineer,1999-09-03,9999-01-01
470751,Anneke,Erez,Staff,1998-12-24,9999-01-01
470788,Zito,Terkki,Senior Engineer,1988-12-06,1995-06-06
470789,Herbert,Muhling,Engineer,1992-02-08,1999-02-08
470789,Herbert,Muhling,Senior Engineer,1999-02-08,9999-01-01
470806,Shushma,Foote,Senior Engineer,1990-01-13,9999-01-01
470828,Evgueni,Hammerschmidt,Engineer,1987-09-13,1991-01-04
470871,Annemarie,Nitsche,Staff,1999-05-31,9999-01-01
470880,Zsolt,Levergood,Senior Staff,1994-12-07,9999-01-01
470880,Zsolt,Levergood,Staff,1986-12-07,1994-12-07
470889,Pranjal,Weisert,Engineer,1997-06-27,9999-01-01
470892,Adam,Naudin,Engineer,1994-03-17,2002-03-17
470892,Adam,Naudin,Senior Engineer,2002-03-17,9999-01-01
470897,Udi,Ruemmler,Staff,1995-04-02,9999-01-01
470911,Arra,Jakobus,Senior Staff,1997-09-21,9999-01-01
470911,Arra,Jakobus,Staff,1991-09-22,1997-09-21
470927,Venkatesan,Huttel,Engineer,1987-12-10,1993-12-09
470927,Venkatesan,Huttel,Senior Engineer,1993-12-09,9999-01-01
470932,Sachin,Giaccio,Engineer,1988-01-18,1995-01-18
470932,Sachin,Giaccio,Senior Engineer,1995-01-18,9999-01-01
470938,Zhenhua,Rando,Engineer,1991-09-13,1999-05-18
470975,Yonghong,Reutenauer,Engineer,1988-01-25,1995-01-25
470975,Yonghong,Reutenauer,Senior Engineer,1995-01-25,9999-01-01
470984,Pantung,Choobineh,Engineer,1988-08-26,1996-08-26
470984,Pantung,Choobineh,Senior Engineer,1996-08-26,1997-02-09
471013,Naraig,Siksek,Engineer,1996-01-13,2002-01-12
471013,Naraig,Siksek,Senior Engineer,2002-01-12,9999-01-01
471024,Gonzalo,Baumann,Engineer,1986-05-30,1991-05-30
471024,Gonzalo,Baumann,Senior Engineer,1991-05-30,1996-12-15
471026,Hairong,Denos,Engineer,1995-09-21,1999-03-03
471041,Srinidhi,Servieres,Senior Engineer,1992-02-10,9999-01-01
471044,Hugh,Ratnakar,Engineer,1993-05-31,2001-05-31
471044,Hugh,Ratnakar,Senior Engineer,2001-05-31,9999-01-01
471078,Zito,Conia,Assistant Engineer,1997-12-21,9999-01-01
471081,Dzung,Angot,Engineer,1991-07-19,1996-07-18
471081,Dzung,Angot,Senior Engineer,1996-07-18,9999-01-01
471084,Kwangsub,Perelgut,Staff,1994-11-29,1996-06-08
471087,Yuqun,Hartvigsen,Engineer,1985-09-30,1990-09-30
471087,Yuqun,Hartvigsen,Senior Engineer,1990-09-30,9999-01-01
471088,Munenori,Llado,Engineer,1998-01-17,9999-01-01
471120,Zine,Hiroyama,Engineer,1995-08-25,9999-01-01
471132,Takahito,Minakawa,Assistant Engineer,1985-12-28,1992-12-28
471132,Takahito,Minakawa,Engineer,1992-12-28,1999-12-29
471132,Takahito,Minakawa,Senior Engineer,1999-12-29,9999-01-01
471141,Shimshon,Pluym,Senior Engineer,1991-12-16,9999-01-01
471159,Kayoko,Hooghiemstra,Staff,1995-05-10,9999-01-01
471170,Valdiodio,Negoita,Senior Engineer,1995-03-01,9999-01-01
471174,Venkatesan,Lemarechal,Engineer,1992-05-27,1996-03-08
471187,Masoud,Goldhammer,Senior Staff,1999-06-20,9999-01-01
471187,Masoud,Goldhammer,Staff,1992-06-19,1999-06-20
471189,Sanjay,Ozeki,Senior Engineer,1996-09-22,9999-01-01
471206,Anyuan,Doering,Engineer,1996-02-11,9999-01-01
471211,Goa,Thisen,Staff,1999-05-26,9999-01-01
471218,Ronnie,Selenyi,Senior Engineer,1995-02-20,9999-01-01
471225,Licheng,Portugali,Engineer,1996-04-26,9999-01-01
471229,Gladys,Vernadat,Engineer,1992-04-18,2001-04-18
471229,Gladys,Vernadat,Senior Engineer,2001-04-18,9999-01-01
471231,Toshimo,Vecchi,Staff,1987-08-15,1988-04-02
471235,Maha,Andreotta,Staff,1998-12-22,9999-01-01
471236,Vishv,Picel,Engineer,1997-07-06,9999-01-01
471241,Ymte,Strandh,Senior Staff,2002-06-02,9999-01-01
471241,Ymte,Strandh,Staff,1993-06-02,2002-06-02
471262,Demin,Compeau,Technique Leader,1989-09-10,9999-01-01
471263,Uzi,Zhiwei,Senior Staff,2000-07-30,2000-08-20
471263,Uzi,Zhiwei,Staff,1995-07-31,2000-07-30
471268,Kenton,Bellmore,Senior Staff,2001-08-08,9999-01-01
471268,Kenton,Bellmore,Staff,1996-08-08,2001-08-08
471273,Ibibia,Herath,Staff,1998-01-23,2000-03-03
471274,Jaideep,Chinal,Senior Staff,2000-01-02,9999-01-01
471274,Jaideep,Chinal,Staff,1992-01-02,2000-01-02
471280,Odoardo,Pluym,Staff,1990-05-05,1996-06-30
471292,Aris,Boissier,Engineer,1991-07-04,1997-07-03
471292,Aris,Boissier,Senior Engineer,1997-07-03,9999-01-01
471303,Georgi,Curless,Engineer,1995-08-04,2001-08-03
471303,Georgi,Curless,Senior Engineer,2001-08-03,9999-01-01
471308,Chiradeep,Calkin,Engineer,1999-10-27,9999-01-01
471311,Yuguang,Gaughan,Staff,1999-10-03,9999-01-01
471323,Kankanahalli,Tiemann,Staff,1996-06-23,9999-01-01
471341,Janche,Veccia,Engineer,1985-08-17,1994-08-17
471341,Janche,Veccia,Senior Engineer,1994-08-17,9999-01-01
471344,Zhilian,Beznosov,Senior Staff,1995-05-01,9999-01-01
471344,Zhilian,Beznosov,Staff,1990-05-01,1995-05-01
471364,Junsik,Georg,Senior Staff,2001-12-17,9999-01-01
471364,Junsik,Georg,Staff,1995-12-18,2001-12-17
471411,Lidong,Luit,Staff,1997-08-17,9999-01-01
471436,Mokhtar,Lakshmanan,Senior Engineer,1987-03-19,9999-01-01
471442,Inderjeet,Furudate,Senior Engineer,1998-08-12,9999-01-01
471446,Jouko,Chenney,Engineer,1995-02-01,2002-02-01
471446,Jouko,Chenney,Senior Engineer,2002-02-01,9999-01-01
471466,Behnaam,Ranum,Assistant Engineer,1995-02-05,2002-02-01
471481,Niteen,Schueller,Senior Engineer,1989-01-11,9999-01-01
471487,Barry,Bazzichi,Technique Leader,1988-01-08,9999-01-01
471504,Fen,Petereit,Technique Leader,1990-09-23,1992-02-02
471518,Kankanahalli,Tokunaga,Senior Staff,1992-11-13,9999-01-01
471518,Kankanahalli,Tokunaga,Staff,1986-11-14,1992-11-13
471564,Hyuncheol,Gaughan,Senior Staff,1999-09-20,9999-01-01
471576,Filipp,Kemmerer,Technique Leader,1998-12-21,2002-07-25
471583,Adamantios,Fraisse,Senior Staff,1996-11-02,9999-01-01
471583,Adamantios,Fraisse,Staff,1991-11-03,1996-11-02
471590,Geraldo,Plotkin,Engineer,1998-04-03,9999-01-01
471599,Xiaoheng,Kambil,Assistant Engineer,1986-03-04,1995-03-04
471599,Xiaoheng,Kambil,Engineer,1995-03-04,9999-01-01
471641,Genta,Falster,Engineer,1994-08-01,2001-08-01
471641,Genta,Falster,Senior Engineer,2001-08-01,9999-01-01
471657,Shigeaki,Zobel,Senior Staff,1999-12-08,9999-01-01
471668,Kolar,Thombley,Senior Engineer,1994-07-26,9999-01-01
471674,Siddarth,Scharstein,Senior Staff,1993-08-24,9999-01-01
471674,Siddarth,Scharstein,Staff,1985-08-24,1993-08-24
471682,Tesuro,Raczkowsky,Engineer,1986-05-24,1993-05-24
471682,Tesuro,Raczkowsky,Senior Engineer,1993-05-24,9999-01-01
471724,Mack,Baaz,Senior Engineer,1997-09-27,9999-01-01
471732,Szabolcs,Fendler,Engineer,1986-07-17,1993-07-17
471732,Szabolcs,Fendler,Senior Engineer,1993-07-17,9999-01-01
471737,Taisook,Jeong,Senior Engineer,1995-11-26,9999-01-01
471752,Dulce,Rothe,Senior Staff,1992-11-13,9999-01-01
471783,Susanne,Kirkerud,Senior Engineer,1985-02-10,9999-01-01
471811,Dulce,Baranowski,Staff,1997-07-12,9999-01-01
471817,Alois,Munos,Engineer,1988-02-10,1996-02-10
471817,Alois,Munos,Senior Engineer,1996-02-10,9999-01-01
471830,Stafford,Bellmore,Engineer,1989-03-08,1997-03-08
471830,Stafford,Bellmore,Senior Engineer,1997-03-08,9999-01-01
471845,Toshiki,Gini,Senior Staff,1992-05-29,9999-01-01
471846,Bodh,Goldhammer,Senior Engineer,1994-09-16,9999-01-01
471889,Apostol,Ranze,Engineer,1995-04-24,2001-04-23
471889,Apostol,Ranze,Senior Engineer,2001-04-23,9999-01-01
471891,Lokesh,Suppi,Senior Staff,1997-09-13,9999-01-01
471891,Lokesh,Suppi,Staff,1990-09-13,1997-09-13
471901,Ayakannu,Teitelbaum,Senior Engineer,1998-06-08,9999-01-01
471905,Goh,Chleq,Engineer,1987-08-05,1993-08-04
471905,Goh,Chleq,Senior Engineer,1993-08-04,9999-01-01
471910,Jeong,Massonet,Staff,1997-12-06,1999-10-21
471915,Gonzalo,Desikan,Engineer,1997-07-06,2002-07-06
471915,Gonzalo,Desikan,Senior Engineer,2002-07-06,9999-01-01
471917,Kayoko,Murtafg,Engineer,1987-11-27,1992-11-26
471917,Kayoko,Murtafg,Senior Engineer,1992-11-26,9999-01-01
471938,Jinpo,Cooley,Technique Leader,1994-09-19,9999-01-01
471940,Sachio,Srimani,Engineer,1991-10-10,1998-10-10
471940,Sachio,Srimani,Senior Engineer,1998-10-10,9999-01-01
471952,Guoxiang,Montresor,Senior Staff,1994-01-24,9999-01-01
471984,Sachin,Nyanchama,Senior Staff,1997-05-30,9999-01-01
471984,Sachin,Nyanchama,Staff,1988-05-30,1997-05-30
471987,Valter,Reeken,Senior Staff,1992-02-17,9999-01-01
471990,Rosella,Collavizza,Senior Engineer,1992-03-01,9999-01-01
472019,Xiaopeng,Hedayat,Assistant Engineer,1989-11-22,1996-11-22
472019,Xiaopeng,Hedayat,Engineer,1996-11-22,9999-01-01
472025,Elgin,Angelopoulos,Engineer,1998-10-25,9999-01-01
472067,Dietrich,Serot,Senior Staff,1992-07-20,9999-01-01
472067,Dietrich,Serot,Staff,1987-07-21,1992-07-20
472068,Pranay,Farrel,Staff,1997-01-13,9999-01-01
472071,Kwangyoen,McAffer,Engineer,1995-03-08,1995-10-27
472075,Claude,Dusink,Assistant Engineer,1999-02-22,9999-01-01
472076,Reinhold,Matzen,Senior Staff,1991-04-05,9999-01-01
472076,Reinhold,Matzen,Staff,1985-04-05,1991-04-05
472097,Hidefumi,Dehkordi,Engineer,1987-02-26,1995-02-26
472097,Hidefumi,Dehkordi,Senior Engineer,1995-02-26,9999-01-01
472098,Navid,Stassinopoulos,Senior Staff,1985-08-08,9999-01-01
472114,Susuma,Bala,Senior Staff,1990-09-27,9999-01-01
472128,Aloys,Millington,Senior Staff,1998-08-10,9999-01-01
472128,Aloys,Millington,Staff,1991-08-10,1998-08-10
472152,Mayuko,Solares,Technique Leader,1999-05-07,9999-01-01
472153,Elvis,Apsitis,Engineer,1998-05-25,2000-03-03
472154,Heeju,Shihab,Senior Engineer,1989-01-19,9999-01-01
472163,Elgin,Kalafatis,Engineer,1995-04-07,2001-04-06
472163,Elgin,Kalafatis,Senior Engineer,2001-04-06,9999-01-01
472173,Denny,Whittlesey,Engineer,1998-03-30,9999-01-01
472184,Willard,Ranft,Engineer,1989-10-15,1998-10-15
472184,Willard,Ranft,Senior Engineer,1998-10-15,9999-01-01
472212,Sariel,Alameldin,Staff,1991-07-07,1994-09-08
472215,Zongyan,Aumann,Senior Staff,1997-05-06,9999-01-01
472224,Vishv,Hatcliff,Senior Staff,1987-03-24,9999-01-01
472226,Bernt,Tomescu,Senior Staff,1996-07-24,9999-01-01
472226,Bernt,Tomescu,Staff,1990-07-25,1996-07-24
472260,Oldrich,Androutsos,Engineer,1999-09-22,9999-01-01
472276,Alois,Serdy,Senior Staff,1994-12-04,9999-01-01
472276,Alois,Serdy,Staff,1988-12-04,1994-12-04
472278,Weiwu,Yurov,Senior Staff,1995-10-13,1996-02-10
472278,Weiwu,Yurov,Staff,1986-10-13,1995-10-13
472285,Gaetan,Thorelli,Engineer,1990-06-29,1997-06-29
472285,Gaetan,Thorelli,Senior Engineer,1997-06-29,9999-01-01
472286,Oldrich,Siprelle,Senior Engineer,1995-11-15,9999-01-01
472298,Berto,Larfeldt,Staff,1999-03-26,9999-01-01
472317,Genevieve,Danecki,Engineer,1995-12-27,1996-01-24
472318,Surveyors,Pramanik,Senior Engineer,1985-12-11,9999-01-01
472325,Snehasis,Glinert,Senior Staff,1988-10-18,9999-01-01
472329,Jaana,Veldwijk,Engineer,1993-09-10,1998-09-10
472329,Jaana,Veldwijk,Senior Engineer,1998-09-10,9999-01-01
472363,Richara,Braccini,Engineer,1988-10-07,1995-10-08
472363,Richara,Braccini,Senior Engineer,1995-10-08,9999-01-01
472436,Manu,Slaats,Staff,1996-06-28,9999-01-01
472446,Jaques,Kaiserswerth,Technique Leader,1996-03-19,9999-01-01
472448,Willard,Theuretzbacher,Staff,1999-07-05,9999-01-01
472453,Elvis,Talmor,Senior Engineer,1990-09-29,9999-01-01
472461,Franziska,Kowalchuk,Engineer,1999-05-28,2000-02-08
472480,Jeong,Picht,Senior Staff,1999-05-08,9999-01-01
472480,Jeong,Picht,Staff,1990-05-08,1999-05-08
472492,Licheng,Renear,Senior Staff,1995-08-09,9999-01-01
472493,Vivian,Vrecion,Senior Staff,1994-10-18,9999-01-01
472493,Vivian,Vrecion,Staff,1988-10-18,1994-10-18
472495,Suebskul,Kopetz,Senior Staff,1999-11-11,9999-01-01
472495,Suebskul,Kopetz,Staff,1992-11-10,1999-11-11
472502,Vitaly,Billingsley,Staff,1999-04-24,9999-01-01
472515,Danai,Aloia,Senior Staff,1991-02-01,2001-01-14
472522,Ramya,Stroustrup,Engineer,1998-05-02,9999-01-01
472529,Arno,Mellouli,Assistant Engineer,1987-10-10,1993-10-09
472529,Arno,Mellouli,Engineer,1993-10-09,1999-10-09
472529,Arno,Mellouli,Senior Engineer,1999-10-09,9999-01-01
472536,Serif,Iivonen,Engineer,1989-10-08,1998-10-08
472536,Serif,Iivonen,Senior Engineer,1998-10-08,9999-01-01
472538,Zongyan,Chiodo,Engineer,1990-08-16,1999-08-16
472538,Zongyan,Chiodo,Senior Engineer,1999-08-16,9999-01-01
472540,Shigeichiro,Hiyoshi,Senior Engineer,1990-08-29,9999-01-01
472559,Ulises,Desikan,Senior Staff,2001-03-01,9999-01-01
472559,Ulises,Desikan,Staff,1992-03-01,2001-03-01
472569,Kellyn,Raoux,Engineer,1992-03-27,2000-03-27
472569,Kellyn,Raoux,Senior Engineer,2000-03-27,9999-01-01
472581,Paraskevi,Marshall,Senior Staff,2001-01-16,9999-01-01
472581,Paraskevi,Marshall,Staff,1993-01-16,2001-01-16
472602,Kwee,Binkley,Senior Engineer,1996-12-10,9999-01-01
472616,Renny,Aloia,Engineer,1996-05-23,2001-05-23
472616,Renny,Aloia,Senior Engineer,2001-05-23,9999-01-01
472623,Goo,Lubachevsky,Assistant Engineer,1997-08-29,9999-01-01
472624,Shahid,Penz,Engineer,1986-07-07,1994-07-07
472624,Shahid,Penz,Senior Engineer,1994-07-07,9999-01-01
472625,Zhiwei,Slobodova,Staff,1999-08-21,9999-01-01
472626,Susanta,Ruemmler,Technique Leader,1988-06-16,2001-02-25
472631,Sastry,Hashii,Engineer,1991-06-01,1997-05-31
472631,Sastry,Hashii,Senior Engineer,1997-05-31,9999-01-01
472632,Gao,Sridhar,Senior Staff,1994-06-23,9999-01-01
472642,Matk,Laventhal,Assistant Engineer,1995-04-29,2000-04-28
472642,Matk,Laventhal,Engineer,2000-04-28,9999-01-01
472661,Torsten,Peha,Staff,1998-03-03,2001-04-20
472669,Kellyn,Lemarechal,Senior Staff,1986-07-25,9999-01-01
472672,Mahendra,Dolinsky,Senior Engineer,1989-06-03,9999-01-01
472695,Ekawit,Ramsey,Senior Staff,1993-09-01,9999-01-01
472695,Ekawit,Ramsey,Staff,1985-09-01,1993-09-01
472696,Aleksander,Francisci,Senior Staff,1991-04-05,9999-01-01
472715,Zhensheng,Laventhal,Engineer,1999-11-15,9999-01-01
472717,Itzchak,Menhoudj,Senior Staff,2002-01-28,9999-01-01
472717,Itzchak,Menhoudj,Staff,1994-01-28,2002-01-28
472722,Mircea,Nitsch,Engineer,1993-10-01,1998-10-01
472722,Mircea,Nitsch,Senior Engineer,1998-10-01,9999-01-01
472732,Guozhong,Merli,Assistant Engineer,1987-07-01,1993-06-30
472732,Guozhong,Merli,Engineer,1993-06-30,1999-06-30
472732,Guozhong,Merli,Senior Engineer,1999-06-30,9999-01-01
472733,Sajjan,Yoshimura,Engineer,1985-07-20,1992-07-20
472733,Sajjan,Yoshimura,Senior Engineer,1992-07-20,9999-01-01
472755,Munir,Schieder,Senior Staff,2001-10-25,9999-01-01
472755,Munir,Schieder,Staff,1995-10-26,2001-10-25
472783,Katsuo,Pargas,Engineer,1992-08-17,1998-08-17
472783,Katsuo,Pargas,Senior Engineer,1998-08-17,9999-01-01
472793,Jacopo,Ishibashi,Senior Staff,1992-01-06,9999-01-01
472794,Takahito,Weisert,Senior Staff,1992-03-30,9999-01-01
472794,Takahito,Weisert,Staff,1986-03-31,1992-03-30
472799,Shay,Gruenwald,Senior Staff,1994-08-31,9999-01-01
472799,Shay,Gruenwald,Staff,1986-08-31,1994-08-31
472807,Radhika,Janetzko,Senior Staff,1995-12-24,9999-01-01
472807,Radhika,Janetzko,Staff,1988-12-23,1995-12-24
472815,Karsten,Kumaresan,Senior Engineer,1988-07-17,9999-01-01
472817,Jessie,Greenaway,Senior Staff,1991-12-31,9999-01-01
472817,Jessie,Greenaway,Staff,1986-12-31,1991-12-31
472833,Mong,Matzen,Technique Leader,1998-10-03,9999-01-01
472835,Uinam,Nooteboom,Senior Staff,1996-06-13,9999-01-01
472835,Uinam,Nooteboom,Staff,1991-06-14,1996-06-13
472844,Arto,Conte,Senior Staff,1995-06-14,2002-03-28
472846,Youssef,Vasanthakumar,Senior Staff,1994-05-18,9999-01-01
472866,Ziva,Meriste,Senior Staff,2000-04-27,9999-01-01
472866,Ziva,Meriste,Staff,1995-04-28,2000-04-27
472891,Paris,Swen,Senior Staff,1992-05-07,9999-01-01
472891,Paris,Swen,Staff,1986-05-08,1992-05-07
472892,Persi,Theuretzbacher,Senior Staff,1997-11-06,9999-01-01
472892,Persi,Theuretzbacher,Staff,1992-11-06,1997-11-06
472912,Duri,Chepyzhov,Senior Engineer,1988-05-07,9999-01-01
472918,Shigeichiro,Mansanne,Engineer,1996-03-06,1999-02-16
472938,Zvonko,Mandell,Senior Staff,1996-11-14,9999-01-01
472938,Zvonko,Mandell,Staff,1987-11-15,1996-11-14
472949,Maren,Botman,Senior Staff,1993-08-28,9999-01-01
472949,Maren,Botman,Staff,1986-08-28,1993-08-28
472952,George,Munoz,Engineer,1985-11-21,1993-11-21
472952,George,Munoz,Senior Engineer,1993-11-21,9999-01-01
472966,Mokhtar,Oxman,Engineer,1986-04-01,1995-04-01
472966,Mokhtar,Oxman,Senior Engineer,1995-04-01,9999-01-01
473001,Ronghao,Nitto,Technique Leader,1989-08-24,9999-01-01
473004,Arto,Bardell,Senior Staff,2001-12-31,9999-01-01
473004,Arto,Bardell,Staff,1994-12-31,2001-12-31
473020,Toshiki,Mahnke,Senior Staff,1995-03-05,9999-01-01
473020,Toshiki,Mahnke,Staff,1990-03-05,1995-03-05
473025,Jongsuk,Oaver,Engineer,1999-01-18,9999-01-01
473033,Bokyung,Cronin,Assistant Engineer,1995-02-15,2000-02-15
473033,Bokyung,Cronin,Engineer,2000-02-15,2001-08-17
473041,Navid,Weedon,Engineer,1991-04-07,1997-04-06
473041,Navid,Weedon,Senior Engineer,1997-04-06,9999-01-01
473042,Shai,Compeau,Staff,1998-08-10,9999-01-01
473064,Michaela,Heystek,Staff,1995-02-26,1998-09-15
473081,Tesuya,Genin,Senior Staff,1993-03-06,9999-01-01
473081,Tesuya,Genin,Staff,1986-03-06,1993-03-06
473098,Nadjib,Strehl,Technique Leader,1991-10-26,9999-01-01
473112,Xuejia,Minakawa,Technique Leader,1988-06-11,9999-01-01
473127,Guttorm,Dalton,Engineer,1999-12-17,9999-01-01
473132,Arie,Erman,Engineer,1997-10-15,9999-01-01
473145,Shakhar,Czaja,Staff,1993-12-23,9999-01-01
473182,Sugwoo,Janetzko,Senior Staff,1994-11-01,9999-01-01
473182,Sugwoo,Janetzko,Staff,1988-11-01,1994-11-01
473191,Bodh,Gniady,Staff,1994-12-24,9999-01-01
473194,Seongbae,Gunderson,Engineer,1992-10-08,2000-10-08
473194,Seongbae,Gunderson,Senior Engineer,2000-10-08,9999-01-01
473213,Franziska,Reinhard,Senior Staff,1993-11-13,9999-01-01
473213,Franziska,Reinhard,Staff,1985-11-13,1993-11-13
473225,Jinxi,Swiler,Engineer,1988-08-02,1993-08-02
473225,Jinxi,Swiler,Senior Engineer,1993-08-02,9999-01-01
473235,Sergi,Nannarelli,Engineer,1986-08-17,1995-08-17
473235,Sergi,Nannarelli,Senior Engineer,1995-08-17,9999-01-01
473253,Weiru,Armand,Senior Staff,1997-02-06,9999-01-01
473253,Weiru,Armand,Staff,1989-02-06,1997-02-06
473269,Janche,Marchegay,Senior Staff,1999-09-18,9999-01-01
473269,Janche,Marchegay,Staff,1991-09-18,1999-09-18
473294,Magdalena,Strehl,Assistant Engineer,1990-08-19,1999-08-19
473294,Magdalena,Strehl,Engineer,1999-08-19,9999-01-01
473305,Masanao,Schnabel,Senior Engineer,1993-04-03,9999-01-01
473309,Basant,Peron,Senior Staff,1996-07-27,9999-01-01
473309,Basant,Peron,Staff,1991-07-28,1996-07-27
473310,Takahira,Jayawardene,Senior Staff,1995-01-05,9999-01-01
473348,Kiam,Feldmann,Senior Staff,1992-02-11,2001-01-14
473363,Tzu,Chleq,Engineer,1996-03-14,9999-01-01
473366,Fumino,Lorys,Staff,1998-10-06,9999-01-01
473373,Mitchel,Condotta,Engineer,1990-10-26,1996-10-25
473373,Mitchel,Condotta,Senior Engineer,1996-10-25,9999-01-01
473391,Hidefumi,Brookner,Engineer,1998-06-24,9999-01-01
473396,Candido,Haddadi,Engineer,1995-05-28,9999-01-01
473397,Terresa,Poupard,Assistant Engineer,1995-01-18,2000-01-18
473397,Terresa,Poupard,Engineer,2000-01-18,9999-01-01
473401,Anoosh,Gargeya,Engineer,1986-06-10,1993-06-10
473401,Anoosh,Gargeya,Senior Engineer,1993-06-10,1997-03-27
473417,Kristin,Bennis,Senior Engineer,1993-11-06,9999-01-01
473422,Mayuri,Molenkamp,Senior Engineer,1987-03-14,9999-01-01
473424,Vitaly,Driscoll,Engineer,1990-12-17,1998-12-17
473424,Vitaly,Driscoll,Senior Engineer,1998-12-17,9999-01-01
473433,Arno,Woycyznski,Senior Staff,1996-02-06,9999-01-01
473433,Arno,Woycyznski,Staff,1987-02-06,1996-02-06
473462,Yongmao,Denos,Staff,1993-12-08,9999-01-01
473463,Foong,Varley,Senior Staff,1999-06-12,9999-01-01
473463,Foong,Varley,Staff,1990-06-12,1999-06-12
473472,Visit,Morrow,Engineer,1985-06-11,1993-06-11
473472,Visit,Morrow,Senior Engineer,1993-06-11,9999-01-01
473480,Rimon,Streit,Senior Staff,2002-07-24,9999-01-01
473480,Rimon,Streit,Staff,1997-07-24,2002-07-24
473484,Srinidhi,Shimshoni,Staff,1999-04-06,9999-01-01
473486,Fox,Bade,Engineer,1988-09-01,1995-09-02
473486,Fox,Bade,Senior Engineer,1995-09-02,9999-01-01
473493,Ibibia,Chenoweth,Engineer,1997-05-30,9999-01-01
473504,Taegyun,Peron,Staff,1999-08-23,9999-01-01
473508,Arun,Baba,Senior Staff,1995-11-16,9999-01-01
473510,Lunjin,Klerer,Senior Staff,1995-01-23,9999-01-01
473522,Jovan,Walston,Senior Staff,1988-07-03,9999-01-01
473527,Paris,Kropp,Technique Leader,1989-01-12,9999-01-01
473536,Dante,Rodite,Staff,1997-11-14,9999-01-01
473563,Boguslaw,Motley,Senior Staff,1998-04-25,9999-01-01
473563,Boguslaw,Motley,Staff,1992-04-25,1998-04-25
473578,Toney,Pouyioutas,Engineer,1985-11-10,1991-11-10
473578,Toney,Pouyioutas,Senior Engineer,1991-11-10,1996-04-19
473583,Billie,Zucker,Technique Leader,1988-10-06,9999-01-01
473620,Guozhong,Zwicker,Senior Engineer,1988-06-01,9999-01-01
473624,Hatim,Koshino,Senior Staff,1999-02-28,9999-01-01
473624,Hatim,Koshino,Staff,1993-02-28,1999-02-28
473628,Qiwen,Tomescu,Senior Staff,1994-07-09,9999-01-01
473628,Qiwen,Tomescu,Staff,1989-07-09,1994-07-09
473634,Krisda,Dechter,Senior Staff,1996-05-28,9999-01-01
473634,Krisda,Dechter,Staff,1988-05-28,1996-05-28
473640,Gill,Birsak,Staff,1995-05-13,1997-04-01
473667,Sivanarayana,Mitchem,Technique Leader,1985-12-04,9999-01-01
473670,Mikhail,Hmelo,Engineer,1996-01-29,9999-01-01
473674,Ziyad,Schurmann,Engineer,1994-05-06,2000-05-05
473674,Ziyad,Schurmann,Senior Engineer,2000-05-05,9999-01-01
473694,Adib,Ratnakar,Senior Engineer,1996-04-06,9999-01-01
473704,Georg,Uehara,Senior Engineer,1999-03-09,1999-09-14
473706,Mahmut,Falby,Engineer,1991-08-05,1997-08-04
473706,Mahmut,Falby,Senior Engineer,1997-08-04,9999-01-01
473721,Bartek,Kinley,Senior Staff,1994-06-15,9999-01-01
473721,Bartek,Kinley,Staff,1987-06-15,1994-06-15
473725,Dekang,Merks,Technique Leader,1985-09-04,9999-01-01
473733,Tomoyuki,Tasistro,Engineer,1995-02-19,2002-02-19
473733,Tomoyuki,Tasistro,Senior Engineer,2002-02-19,9999-01-01
473735,Mrinalini,Pietrzykowski,Senior Staff,1994-07-28,9999-01-01
473735,Mrinalini,Pietrzykowski,Staff,1988-07-28,1994-07-28
473737,Shuichi,Murillo,Technique Leader,1998-09-15,9999-01-01
473742,Yannis,Cannata,Engineer,1995-07-04,2000-07-03
473742,Yannis,Cannata,Senior Engineer,2000-07-03,9999-01-01
473773,Bernice,Thummel,Engineer,1999-04-20,9999-01-01
473781,Kankanahalli,Schlenzig,Senior Staff,2000-10-21,9999-01-01
473781,Kankanahalli,Schlenzig,Staff,1992-10-21,2000-10-21
473792,Zine,Dayana,Staff,1995-12-11,2000-11-30
473803,Nobuyoshi,Olivero,Senior Staff,1992-01-13,9999-01-01
473803,Nobuyoshi,Olivero,Staff,1986-01-13,1992-01-13
473815,Bilhanan,Kambil,Senior Engineer,1998-07-05,2002-05-23
473837,Shao,Hegner,Senior Staff,1990-09-23,1998-09-19
473863,Wonhee,Pero,Engineer,1991-02-14,1997-01-24
473872,Berna,Sewelson,Engineer,1997-04-07,9999-01-01
473877,Filipe,Grabner,Senior Engineer,1990-06-26,9999-01-01
473892,Mamdouh,Sabnani,Staff,1996-11-21,9999-01-01
473908,Shaw,Biron,Assistant Engineer,1987-10-25,1990-12-21
473912,Hinrich,Valtorta,Senior Staff,1987-10-12,9999-01-01
473915,Ghassan,Anandan,Senior Staff,1999-03-21,9999-01-01
473931,Shaz,Zumaque,Senior Staff,1996-07-12,9999-01-01
473931,Shaz,Zumaque,Staff,1991-07-13,1996-07-12
473938,Shigehiro,Schapire,Engineer,1999-11-16,9999-01-01
473989,Sanjit,Botman,Engineer,1988-12-21,1994-12-21
473989,Sanjit,Botman,Senior Engineer,1994-12-21,9999-01-01
473996,Sajjad,Kleiser,Senior Engineer,1999-05-09,9999-01-01
473998,Shaunak,Angot,Senior Staff,1997-08-10,9999-01-01
473998,Shaunak,Angot,Staff,1991-08-11,1997-08-10
474017,Jaihie,Nitto,Staff,1996-10-17,9999-01-01
474018,Debatosh,Massonet,Staff,1999-08-10,2000-02-06
474019,Teunis,Swift,Senior Staff,2002-06-13,9999-01-01
474019,Teunis,Swift,Staff,1993-06-13,2002-06-13
474035,Xiaoheng,Kaminger,Senior Staff,1994-04-11,9999-01-01
474035,Xiaoheng,Kaminger,Staff,1989-04-11,1994-04-11
474036,Satosi,Roisin,Senior Staff,2002-06-23,9999-01-01
474036,Satosi,Roisin,Staff,1995-06-23,2002-06-23
474068,Persi,Butterworth,Senior Staff,1996-02-28,9999-01-01
474068,Persi,Butterworth,Staff,1990-02-28,1996-02-28
474084,Jingling,Muntz,Senior Staff,1998-04-10,1998-05-06
474084,Jingling,Muntz,Staff,1990-04-10,1998-04-10
474100,Serif,Reinhart,Senior Engineer,1995-03-17,1995-07-31
474103,Uri,Lanphier,Senior Staff,1999-03-21,9999-01-01
474103,Uri,Lanphier,Staff,1994-03-21,1999-03-21
474119,Candido,Carrere,Assistant Engineer,1987-10-08,1994-10-08
474119,Candido,Carrere,Engineer,1994-10-08,2001-10-08
474119,Candido,Carrere,Senior Engineer,2001-10-08,9999-01-01
474120,Gay,Jiafu,Senior Staff,1996-08-17,9999-01-01
474120,Gay,Jiafu,Staff,1991-08-18,1996-08-17
474140,Vishwani,Morrow,Senior Staff,2002-04-08,9999-01-01
474140,Vishwani,Morrow,Staff,1996-04-08,2002-04-08
474157,Salvador,Valette,Senior Staff,1997-12-04,9999-01-01
474157,Salvador,Valette,Staff,1990-12-04,1997-12-04
474161,Pantung,Perz,Engineer,1987-01-04,1992-01-04
474161,Pantung,Perz,Senior Engineer,1992-01-04,9999-01-01
474189,Chuanyi,Rosenbaum,Engineer,1992-01-15,1998-01-14
474189,Chuanyi,Rosenbaum,Senior Engineer,1998-01-14,9999-01-01
474196,Jaihie,Janetzko,Engineer,1996-08-21,9999-01-01
474230,Taisook,Koblitz,Engineer,1994-02-02,2001-02-02
474230,Taisook,Koblitz,Senior Engineer,2001-02-02,9999-01-01
474234,Jayson,Alpin,Senior Staff,1993-02-08,9999-01-01
474234,Jayson,Alpin,Staff,1985-02-08,1993-02-08
474237,Arve,Kropatsch,Senior Engineer,1994-11-10,9999-01-01
474247,Serenella,Lieberherr,Staff,1990-06-09,1992-02-23
474271,Marco,Pargas,Engineer,1997-01-16,9999-01-01
474285,Jixiang,Hebden,Engineer,1989-03-19,1998-03-19
474285,Jixiang,Hebden,Senior Engineer,1998-03-19,9999-01-01
474286,Mara,Frezza,Technique Leader,1996-10-02,1999-09-29
474297,Sailaja,Furedi,Senior Staff,1988-07-17,9999-01-01
474313,Yoshimitsu,Ohori,Senior Staff,1990-10-26,9999-01-01
474352,Thodoros,Rosaz,Senior Staff,1992-05-06,9999-01-01
474382,Nathan,Perri,Senior Staff,1999-02-10,9999-01-01
474382,Nathan,Perri,Staff,1990-02-10,1999-02-10
474392,Jinpo,Tiemann,Engineer,1996-02-18,9999-01-01
474455,Sadun,Alencar,Engineer,1995-06-24,9999-01-01
474472,Diederik,Argence,Senior Staff,1996-11-19,1999-09-08
474473,Maja,Albarhamtoshy,Assistant Engineer,1991-07-12,1999-07-12
474473,Maja,Albarhamtoshy,Engineer,1999-07-12,9999-01-01
474481,Martijn,Besancenot,Engineer,1988-07-04,1993-07-04
474481,Martijn,Besancenot,Senior Engineer,1993-07-04,9999-01-01
474525,Jovan,Wilharm,Senior Staff,1994-09-02,9999-01-01
474551,Ingmar,Petereit,Staff,1999-12-07,9999-01-01
474554,Foong,Felcyn,Senior Staff,1998-06-10,9999-01-01
474554,Foong,Felcyn,Staff,1993-06-10,1998-06-10
474613,Michaela,Hmelo,Senior Engineer,1987-08-31,9999-01-01
474616,Godehard,Mandell,Senior Staff,1994-06-10,9999-01-01
474620,Qiwen,Ferretti,Senior Staff,1985-06-06,9999-01-01
474628,Conrado,Denna,Senior Staff,2001-05-28,9999-01-01
474628,Conrado,Denna,Staff,1992-05-28,2001-05-28
474639,Heekeun,Zucker,Engineer,1999-12-16,2002-05-17
474649,Ortrud,Georgakopoulos,Engineer,1992-11-02,1999-11-08
474660,Kristof,Ananiadou,Senior Engineer,1987-06-19,1994-03-01
474664,Ramzi,Mandelberg,Engineer,1987-12-19,1994-12-19
474664,Ramzi,Mandelberg,Senior Engineer,1994-12-19,9999-01-01
474688,Mariangiola,Harnett,Senior Staff,1995-01-05,9999-01-01
474693,Nadjib,Buescher,Staff,1995-10-01,9999-01-01
474699,Gor,Katiyar,Staff,1989-12-27,1990-03-07
474709,Mabry,Gecseg,Technique Leader,1992-06-17,9999-01-01
474720,Matt,Redmiles,Engineer,1996-10-22,2001-10-22
474720,Matt,Redmiles,Senior Engineer,2001-10-22,9999-01-01
474772,Siddarth,Genther,Staff,1998-08-09,1998-12-15
474779,Kish,Pellegrinelli,Engineer,1999-01-09,9999-01-01
474784,Remko,DasSarma,Senior Staff,1995-05-30,9999-01-01
474784,Remko,DasSarma,Staff,1989-05-30,1995-05-30
474822,Adel,Iivonen,Staff,1997-04-01,9999-01-01
474825,Sigeru,Argence,Senior Staff,1996-02-04,9999-01-01
474825,Sigeru,Argence,Staff,1989-02-03,1996-02-04
474850,Mingdong,Kusakari,Engineer,1997-05-25,9999-01-01
474869,Danae,Peron,Staff,1999-04-29,9999-01-01
474906,Tran,Thummel,Engineer,1988-06-28,1994-06-28
474906,Tran,Thummel,Senior Engineer,1994-06-28,9999-01-01
474916,Aluzio,Clouatre,Technique Leader,1997-11-15,2000-05-05
474917,Kwun,Figueira,Senior Engineer,1997-11-18,2001-08-16
474924,Rimli,Klassen,Engineer,1995-12-12,9999-01-01
474954,Conrado,Brendel,Assistant Engineer,1985-11-04,1993-11-04
474954,Conrado,Brendel,Engineer,1993-11-04,2001-11-04
474954,Conrado,Brendel,Senior Engineer,2001-11-04,9999-01-01
474958,Shuichi,Delgrange,Staff,1994-09-12,2002-07-09
475036,Hidde,Matzke,Engineer,1999-11-21,9999-01-01
475048,Sumant,Anger,Staff,1995-10-26,9999-01-01
475049,Satosi,Budinsky,Senior Engineer,1985-09-27,1987-04-18
475065,Khoa,Genin,Engineer,1999-11-18,9999-01-01
475066,Karoline,Lundstrom,Senior Staff,2000-07-21,9999-01-01
475066,Karoline,Lundstrom,Staff,1994-07-22,2000-07-21
475081,Chiranjit,Kawashimo,Engineer,1989-11-29,1997-11-29
475081,Chiranjit,Kawashimo,Senior Engineer,1997-11-29,9999-01-01
475083,Menkae,Wegerle,Staff,1993-01-03,1997-12-06
475107,Aleksander,Schrooten,Engineer,1995-10-21,9999-01-01
475109,Guenter,Rothe,Senior Staff,1997-04-11,9999-01-01
475109,Guenter,Rothe,Staff,1990-04-11,1997-04-11
475121,Yucel,Flanders,Senior Engineer,1995-10-13,2001-01-13
475133,Parviz,DuBourdieux,Senior Staff,1993-02-04,9999-01-01
475141,Anyuan,Eppinger,Senior Staff,1998-09-14,9999-01-01
475141,Anyuan,Eppinger,Staff,1993-09-14,1998-09-14
475153,Hinrich,McFarlan,Engineer,1985-03-26,1990-03-26
475153,Hinrich,McFarlan,Senior Engineer,1990-03-26,1994-01-19
475160,Goncalo,Christianini,Staff,1996-08-04,1996-09-15
475161,Morrie,Vanwelkenhuysen,Engineer,1987-06-10,1992-06-09
475161,Morrie,Vanwelkenhuysen,Senior Engineer,1992-06-09,9999-01-01
475175,Becky,Unno,Engineer,1999-07-02,9999-01-01
475188,Saniya,Koblick,Staff,1994-02-01,9999-01-01
475242,Claudi,Mayerwieser,Engineer,1995-08-08,2000-08-07
475242,Claudi,Mayerwieser,Senior Engineer,2000-08-07,9999-01-01
475251,Prodip,Falby,Engineer,1997-07-20,9999-01-01
475255,Noritoshi,Litvinov,Engineer,1997-10-04,9999-01-01
475271,Uli,Kornyak,Engineer,1999-02-05,2001-04-25
475278,Soenke,Brender,Technique Leader,1995-01-01,2000-04-09
475308,Radoslaw,Hedayat,Engineer,1987-07-07,1993-07-06
475308,Radoslaw,Hedayat,Senior Engineer,1993-07-06,9999-01-01
475309,Mohammed,Rajaraman,Engineer,1993-11-20,1998-11-20
475309,Mohammed,Rajaraman,Senior Engineer,1998-11-20,9999-01-01
475332,Sasan,Gerlach,Engineer,1988-09-17,1995-09-18
475332,Sasan,Gerlach,Senior Engineer,1995-09-18,9999-01-01
475346,Marsha,Broomell,Engineer,1997-01-03,2002-01-03
475346,Marsha,Broomell,Senior Engineer,2002-01-03,9999-01-01
475352,Yoshinari,Chleq,Senior Engineer,1999-10-24,2002-01-21
475380,Licheng,Stentiford,Senior Staff,1993-05-15,9999-01-01
475380,Licheng,Stentiford,Staff,1987-05-16,1993-05-15
475390,Adil,Vesel,Senior Staff,1997-05-19,9999-01-01
475442,Diederik,Chartres,Engineer,1994-12-08,2000-12-07
475442,Diederik,Chartres,Senior Engineer,2000-12-07,2001-02-05
475450,Guozhong,Ellozy,Staff,1992-04-13,1993-01-29
475453,Hongzhu,Tsukune,Engineer,1988-04-29,1993-04-29
475453,Hongzhu,Tsukune,Senior Engineer,1993-04-29,9999-01-01
475460,Ugo,Warwick,Senior Staff,1999-06-13,9999-01-01
475460,Ugo,Warwick,Staff,1993-06-13,1999-06-13
475464,Avishai,Improta,Engineer,1986-06-02,1988-12-25
475466,Yonghoan,Azevdeo,Engineer,1992-12-07,1997-12-07
475466,Yonghoan,Azevdeo,Senior Engineer,1997-12-07,9999-01-01
475491,Jixiang,Passafiume,Engineer,1990-07-28,1999-07-28
475491,Jixiang,Passafiume,Senior Engineer,1999-07-28,9999-01-01
475496,Moti,Ghazalie,Staff,1998-04-13,2001-07-21
475532,Limsoon,Molenaar,Senior Engineer,1992-11-03,9999-01-01
475536,Cordelia,Skogmar,Engineer,1990-11-21,1997-11-21
475536,Cordelia,Skogmar,Senior Engineer,1997-11-21,9999-01-01
475569,Anestis,Rouquie,Staff,1995-06-11,1998-05-06
475579,Avishai,Brlek,Senior Staff,1997-11-25,9999-01-01
475579,Avishai,Brlek,Staff,1990-11-25,1997-11-25
475596,Shalesh,Tomescu,Engineer,1995-09-12,9999-01-01
475608,Mohd,Sommer,Senior Staff,1996-12-12,9999-01-01
475608,Mohd,Sommer,Staff,1990-12-13,1996-12-12
475618,Bojan,Hebden,Engineer,1992-07-06,1999-07-07
475618,Bojan,Hebden,Senior Engineer,1999-07-07,9999-01-01
475629,Malu,Gini,Assistant Engineer,1997-12-08,9999-01-01
475646,Ulises,Hoppenstand,Engineer,1986-11-12,1993-11-12
475646,Ulises,Hoppenstand,Senior Engineer,1993-11-12,9999-01-01
475701,Trygve,Perelgut,Engineer,1991-03-17,1996-03-16
475701,Trygve,Perelgut,Senior Engineer,1996-03-16,9999-01-01
475704,Breannda,Conry,Engineer,1993-08-12,1998-08-12
475704,Breannda,Conry,Senior Engineer,1998-08-12,9999-01-01
475714,Barna,Azuma,Engineer,1995-04-09,2001-04-08
475714,Barna,Azuma,Senior Engineer,2001-04-08,9999-01-01
475718,Jamaludin,Fortenbacher,Senior Staff,2001-04-14,9999-01-01
475718,Jamaludin,Fortenbacher,Staff,1992-04-14,2001-04-14
475765,Percy,Zschoche,Senior Staff,2002-03-09,9999-01-01
475765,Percy,Zschoche,Staff,1994-03-09,2002-03-09
475772,Eben,Schreiter,Engineer,1990-06-14,1998-06-14
475772,Eben,Schreiter,Senior Engineer,1998-06-14,9999-01-01
475780,Yuriy,Nations,Technique Leader,1992-11-10,9999-01-01
475789,Tuval,Lichtner,Technique Leader,1986-07-31,9999-01-01
475794,Yucai,Decaestecker,Technique Leader,1992-06-29,9999-01-01
475800,Weicheng,Rodham,Senior Staff,1993-07-10,1998-01-19
475800,Weicheng,Rodham,Staff,1985-07-10,1993-07-10
475807,Irene,Seiwald,Engineer,1999-04-22,2002-03-31
475824,Sanjay,Lieberherr,Senior Staff,1995-05-31,9999-01-01
475825,Along,Camarinopoulos,Senior Staff,1993-06-02,9999-01-01
475825,Along,Camarinopoulos,Staff,1988-06-02,1993-06-02
475829,Jaques,Remmers,Senior Staff,1988-12-11,1996-09-17
475831,Shir,Orlowski,Senior Staff,1993-12-09,9999-01-01
475831,Shir,Orlowski,Staff,1988-12-09,1993-12-09
475834,Constantine,Gien,Technique Leader,1993-08-19,1998-04-10
475870,Akeel,Oskamp,Senior Staff,1995-11-10,9999-01-01
475870,Akeel,Oskamp,Staff,1990-11-10,1995-11-10
475900,Elvis,Edelhoff,Technique Leader,1997-10-09,9999-01-01
475901,Parke,Qiwen,Staff,1996-11-16,2000-08-26
475941,Bernd,Erbe,Senior Staff,1998-03-25,9999-01-01
475941,Bernd,Erbe,Staff,1991-03-25,1998-03-25
475966,Uma,Strooper,Staff,1996-08-03,1999-07-23
475976,Shawna,Baby,Engineer,1999-06-19,9999-01-01
475999,Toney,Isaac,Staff,1993-10-20,9999-01-01
476010,Tristan,Alvarado,Engineer,1996-04-06,9999-01-01
476015,Tomoyuki,Strandh,Senior Staff,1995-09-17,9999-01-01
476015,Tomoyuki,Strandh,Staff,1989-09-17,1995-09-17
476040,Gudjon,Parfitt,Senior Staff,1995-08-04,9999-01-01
476040,Gudjon,Parfitt,Staff,1986-08-04,1995-08-04
476044,Saeed,Benner,Senior Staff,2000-03-17,2000-12-22
476044,Saeed,Benner,Staff,1992-03-17,2000-03-17
476051,Candida,Kirkerud,Staff,1994-09-12,9999-01-01
476054,Licheng,Welham,Assistant Engineer,1987-04-15,1996-04-14
476054,Licheng,Welham,Engineer,1996-04-14,9999-01-01
476089,Ulises,Kornyak,Engineer,1994-09-28,9999-01-01
476104,Ziyad,Koblitz,Engineer,1993-06-14,2000-06-14
476104,Ziyad,Koblitz,Senior Engineer,2000-06-14,9999-01-01
476112,Wuxu,Fasbender,Engineer,1992-10-05,1998-10-05
476112,Wuxu,Fasbender,Senior Engineer,1998-10-05,9999-01-01
476118,Jaewon,Hiraishi,Senior Staff,1989-08-10,9999-01-01
476120,Katsuo,Marrevee,Staff,1995-01-06,9999-01-01
476130,Yuuichi,Hiyoshi,Senior Staff,1993-09-29,9999-01-01
476130,Yuuichi,Hiyoshi,Staff,1987-09-30,1993-09-29
476141,Florian,VanScheik,Senior Staff,1989-10-09,9999-01-01
476159,Owen,Kakkad,Engineer,1998-08-27,9999-01-01
476185,Nikolaus,Kirkerud,Senior Staff,1994-03-30,9999-01-01
476185,Nikolaus,Kirkerud,Staff,1986-03-30,1994-03-30
476186,Hidefumi,Besselaar,Senior Staff,2000-02-29,9999-01-01
476186,Hidefumi,Besselaar,Staff,1993-02-28,2000-02-29
476196,Kiam,Botman,Engineer,1992-05-25,2001-05-25
476196,Kiam,Botman,Senior Engineer,2001-05-25,9999-01-01
476257,Barry,Schaaf,Senior Staff,1996-12-23,9999-01-01
476257,Barry,Schaaf,Staff,1991-12-24,1996-12-23
476261,Vincent,Snedden,Senior Staff,2002-02-06,9999-01-01
476261,Vincent,Snedden,Staff,1993-02-06,2002-02-06
476276,Mohan,Seiwald,Engineer,1989-08-09,1995-08-09
476276,Mohan,Seiwald,Senior Engineer,1995-08-09,9999-01-01
476288,Douadi,Mattern,Technique Leader,1994-06-28,9999-01-01
476300,Yoshinari,Majewski,Senior Staff,1995-11-23,9999-01-01
476300,Yoshinari,Majewski,Staff,1987-11-23,1995-11-23
476303,Georg,Wynblatt,Engineer,1987-11-20,1996-11-19
476303,Georg,Wynblatt,Senior Engineer,1996-11-19,9999-01-01
476306,Gita,Janocha,Engineer,1986-06-19,1993-06-19
476306,Gita,Janocha,Senior Engineer,1993-06-19,9999-01-01
476307,Yishai,Klassen,Senior Engineer,1989-04-01,9999-01-01
476310,Maris,Egerstedt,Engineer,1991-08-29,2000-08-28
476310,Maris,Egerstedt,Senior Engineer,2000-08-28,9999-01-01
476339,Yongmao,Angot,Staff,1997-03-18,9999-01-01
476350,Roselyn,Famili,Senior Staff,1999-05-22,9999-01-01
476350,Roselyn,Famili,Staff,1994-05-22,1999-05-22
476375,Leandro,Greenaway,Senior Staff,1994-04-23,9999-01-01
476376,Sangeeta,Sudbeck,Engineer,1988-03-06,1996-03-06
476376,Sangeeta,Sudbeck,Senior Engineer,1996-03-06,9999-01-01
476386,Masato,Hiroyama,Assistant Engineer,1993-05-11,2001-05-11
476386,Masato,Hiroyama,Engineer,2001-05-11,9999-01-01
476404,Sariel,Selenyi,Technique Leader,1994-08-26,9999-01-01
476421,Gaetan,Chorvat,Senior Staff,1991-04-11,1993-03-13
476421,Gaetan,Chorvat,Staff,1985-04-11,1991-04-11
476446,Giri,Jervis,Engineer,1999-10-27,2001-02-18
476450,Ulises,Unni,Senior Staff,1997-12-03,9999-01-01
476450,Ulises,Unni,Staff,1990-12-03,1997-12-03
476458,Kannan,Shanbhogue,Senior Staff,1992-05-27,1996-10-13
476460,Kinh,Butterworth,Engineer,1993-12-02,1999-12-02
476460,Kinh,Butterworth,Senior Engineer,1999-12-02,9999-01-01
476483,Vishv,Schaad,Engineer,1993-04-17,2001-04-17
476483,Vishv,Schaad,Senior Engineer,2001-04-17,9999-01-01
476487,Yishai,Orlowski,Engineer,1990-08-11,1997-08-11
476487,Yishai,Orlowski,Senior Engineer,1997-08-11,9999-01-01
476490,Sachem,Showalter,Senior Staff,1992-08-10,9999-01-01
476490,Sachem,Showalter,Staff,1985-08-10,1992-08-10
476496,Moty,DuCasse,Engineer,1990-12-15,1993-01-30
476508,Premal,Ramalingam,Senior Staff,2002-04-18,9999-01-01
476508,Premal,Ramalingam,Staff,1996-04-18,2002-04-18
476520,Halsur,Conde,Senior Engineer,1998-09-10,9999-01-01
476532,Mrinalini,Yurek,Engineer,1987-12-28,1996-12-27
476532,Mrinalini,Yurek,Senior Engineer,1996-12-27,9999-01-01
476559,Aiman,Rattan,Engineer,1989-12-28,1995-08-29
476612,Alois,Krider,Senior Engineer,1994-03-17,9999-01-01
476616,Gonzalo,Monarch,Senior Staff,1999-03-15,9999-01-01
476616,Gonzalo,Monarch,Staff,1992-03-14,1999-03-15
476629,Minghong,Hertweck,Staff,1992-09-27,1993-08-21
476630,Kensyu,Nittel,Senior Staff,1994-08-22,9999-01-01
476630,Kensyu,Nittel,Staff,1989-08-22,1994-08-22
476654,Youjian,Wendorf,Staff,1997-06-18,9999-01-01
476662,Tuval,Stenning,Senior Staff,2001-03-11,9999-01-01
476662,Tuval,Stenning,Staff,1994-03-11,2001-03-11
476663,Baoqiu,Nanard,Engineer,1991-04-23,1992-05-27
476678,Jiong,Dulli,Engineer,1995-04-28,2002-04-28
476678,Jiong,Dulli,Senior Engineer,2002-04-28,9999-01-01
476691,Mabry,Luiz,Senior Staff,2000-06-01,9999-01-01
476691,Mabry,Luiz,Staff,1994-06-02,2000-06-01
476740,Leah,Luby,Senior Staff,2000-02-27,9999-01-01
476740,Leah,Luby,Staff,1994-02-27,2000-02-27
476777,Moss,Gonthier,Staff,1996-03-15,9999-01-01
476781,Khalid,Serra,Engineer,1997-12-22,9999-01-01
476794,Herbert,Antonakopoulos,Engineer,1991-05-18,1996-05-17
476794,Herbert,Antonakopoulos,Senior Engineer,1996-05-17,9999-01-01
476805,Saeed,Ranft,Engineer,1996-06-19,9999-01-01
476810,Prasadram,Brodal,Senior Staff,1996-01-26,9999-01-01
476810,Prasadram,Brodal,Staff,1987-01-26,1996-01-26
476813,Yakkov,Matheson,Engineer,1996-06-02,2000-09-22
476818,Mabry,Parveen,Senior Staff,2001-03-25,9999-01-01
476818,Mabry,Parveen,Staff,1994-03-25,2001-03-25
476831,Tiina,Lindenbaum,Staff,1998-03-16,9999-01-01
476839,Toshimi,Iwayama,Staff,1998-06-04,9999-01-01
476841,Margareta,Valiente,Staff,1998-01-12,9999-01-01
476842,Khedija,Tsukuda,Senior Staff,1987-06-16,1989-08-20
476849,Stamatina,Peternell,Engineer,1989-06-20,1995-06-20
476849,Stamatina,Peternell,Senior Engineer,1995-06-20,9999-01-01
476862,Branimir,Giaccio,Engineer,1991-11-18,1994-03-10
476874,Xudong,Leijenhorst,Engineer,1992-05-19,1997-05-19
476874,Xudong,Leijenhorst,Senior Engineer,1997-05-19,9999-01-01
476896,Jacqueline,Preusig,Senior Staff,1997-08-13,9999-01-01
476896,Jacqueline,Preusig,Staff,1988-08-13,1997-08-13
476905,Mohan,Wossner,Senior Staff,1994-12-18,9999-01-01
476905,Mohan,Wossner,Staff,1985-12-18,1994-12-18
476914,Haldon,Rothenberg,Assistant Engineer,1996-06-18,2002-06-18
476914,Haldon,Rothenberg,Engineer,2002-06-18,9999-01-01
476917,Georgy,Dechter,Senior Staff,1998-06-23,9999-01-01
476917,Georgy,Dechter,Staff,1990-06-23,1998-06-23
476927,Adel,Improta,Engineer,1986-02-15,1994-02-15
476927,Adel,Improta,Senior Engineer,1994-02-15,9999-01-01
476929,Feipei,Pillow,Senior Staff,1992-01-10,1994-12-23
476929,Feipei,Pillow,Staff,1987-01-10,1992-01-10
476951,Henk,Birnbaum,Senior Staff,1992-11-06,9999-01-01
476951,Henk,Birnbaum,Staff,1987-11-07,1992-11-06
476953,Zeydy,Ramalingam,Senior Staff,1987-11-04,9999-01-01
476961,Indrajit,Billingsley,Assistant Engineer,1986-06-25,1993-06-25
476961,Indrajit,Billingsley,Engineer,1993-06-25,1996-11-27
476966,Isaac,Ermel,Engineer,1988-11-07,1997-11-07
476966,Isaac,Ermel,Senior Engineer,1997-11-07,9999-01-01
476975,Kinh,Isaac,Engineer,1985-07-17,1990-07-17
476975,Kinh,Isaac,Senior Engineer,1990-07-17,9999-01-01
476986,Masaru,Landherr,Senior Staff,1991-04-15,9999-01-01
476986,Masaru,Landherr,Staff,1985-04-15,1991-04-15
476990,Becky,Speckmann,Senior Staff,1990-12-14,9999-01-01
476991,Tsuneo,McDermid,Engineer,1996-03-01,2002-03-01
476991,Tsuneo,McDermid,Senior Engineer,2002-03-01,9999-01-01
476994,Aran,Peris,Senior Engineer,1992-05-27,1998-09-30
477002,Kerryn,Moehrke,Senior Engineer,1990-12-21,9999-01-01
477009,Cristinel,Kaelbling,Engineer,1985-03-24,1993-03-24
477009,Cristinel,Kaelbling,Senior Engineer,1993-03-24,9999-01-01
477049,Kazuhiro,Veevers,Engineer,1995-01-01,2002-01-01
477049,Kazuhiro,Veevers,Senior Engineer,2002-01-01,9999-01-01
477075,Basil,Luca,Senior Staff,1999-06-22,9999-01-01
477075,Basil,Luca,Staff,1993-06-22,1999-06-22
477077,Khatoun,Heusch,Engineer,1987-05-15,1996-05-14
477077,Khatoun,Heusch,Senior Engineer,1996-05-14,9999-01-01
477084,Falguni,Cannard,Assistant Engineer,1999-11-30,9999-01-01
477087,Terresa,Engelmann,Senior Engineer,1995-06-03,1999-04-17
477108,Trygve,Oppitz,Technique Leader,1997-08-27,9999-01-01
477122,Kiam,Mahnke,Assistant Engineer,1992-03-20,2001-03-20
477122,Kiam,Mahnke,Engineer,2001-03-20,9999-01-01
477124,Khatoun,Buescher,Staff,1996-01-26,9999-01-01
477138,Toshimitsu,Rullman,Senior Staff,1999-05-23,2001-12-15
477170,Barry,Baba,Engineer,1991-07-29,2000-07-28
477170,Barry,Baba,Senior Engineer,2000-07-28,9999-01-01
477178,Sivanarayana,Lueh,Senior Staff,1996-11-15,9999-01-01
477178,Sivanarayana,Lueh,Staff,1988-11-15,1996-11-15
477182,Ute,Ushiama,Technique Leader,1987-11-18,9999-01-01
477187,Felicidad,Merlo,Engineer,1999-08-16,9999-01-01
477220,Debaprosad,Zucker,Senior Staff,2000-01-23,9999-01-01
477220,Debaprosad,Zucker,Staff,1993-01-22,2000-01-23
477227,Danil,Nivat,Senior Staff,1995-11-02,9999-01-01
477257,Tokuyasu,Bolotov,Engineer,1993-08-04,9999-01-01
477288,Gurbir,Itzigehl,Senior Staff,1994-01-16,2001-10-12
477288,Gurbir,Itzigehl,Staff,1987-01-16,1994-01-16
477301,Parto,Ohori,Senior Staff,1996-02-11,9999-01-01
477301,Parto,Ohori,Staff,1987-02-11,1996-02-11
477315,Shuzo,Randt,Senior Staff,1996-04-24,9999-01-01
477316,Krassimir,Emden,Engineer,1986-04-08,1992-04-07
477316,Krassimir,Emden,Senior Engineer,1992-04-07,9999-01-01
477341,Yuuichi,Dalton,Engineer,1996-09-04,2001-09-04
477341,Yuuichi,Dalton,Senior Engineer,2001-09-04,9999-01-01
477357,Gino,Breugel,Technique Leader,1998-01-12,9999-01-01
477376,Khue,Passino,Engineer,1990-01-11,1997-01-11
477376,Khue,Passino,Senior Engineer,1997-01-11,9999-01-01
477377,Wojceich,Domenig,Senior Staff,2000-01-05,9999-01-01
477377,Wojceich,Domenig,Staff,1993-01-04,2000-01-05
477396,Willard,Ananiadou,Senior Staff,1995-11-26,9999-01-01
477396,Willard,Ananiadou,Staff,1987-11-26,1995-11-26
477427,Susumu,Callaway,Technique Leader,1985-10-22,9999-01-01
477437,King,Wendorf,Senior Staff,1999-01-16,9999-01-01
477437,King,Wendorf,Staff,1990-01-16,1999-01-16
477454,Shunichi,Stille,Engineer,1999-12-02,9999-01-01
477460,Abdelaziz,Hooghiemstra,Engineer,1987-09-05,1992-09-04
477460,Abdelaziz,Hooghiemstra,Senior Engineer,1992-09-04,9999-01-01
477504,Premal,Rindone,Senior Staff,1987-10-24,9999-01-01
477507,Greger,Munro,Engineer,1985-10-04,1990-10-04
477507,Greger,Munro,Senior Engineer,1990-10-04,9999-01-01
477509,Salvador,Pocchiola,Senior Staff,1994-09-08,2001-09-27
477513,Gou,Brattka,Engineer,1986-07-08,1991-07-08
477513,Gou,Brattka,Senior Engineer,1991-07-08,9999-01-01
477515,Kristian,Rando,Senior Staff,1995-12-31,9999-01-01
477515,Kristian,Rando,Staff,1987-12-31,1995-12-31
477517,Haldon,Chandrasekhar,Senior Engineer,1994-12-08,9999-01-01
477519,Leszek,Masaki,Senior Engineer,1987-10-21,9999-01-01
477529,Selwyn,Nitto,Senior Staff,1986-11-28,9999-01-01
477536,Wojceich,Cunliffe,Engineer,1985-11-22,1990-04-22
477549,Shooichi,Ebeling,Engineer,1990-07-13,1998-07-13
477549,Shooichi,Ebeling,Senior Engineer,1998-07-13,9999-01-01
477555,Licheng,Farrow,Senior Staff,2001-03-21,9999-01-01
477555,Licheng,Farrow,Staff,1996-03-21,2001-03-21
477561,Alois,Cummings,Senior Staff,1994-04-01,9999-01-01
477561,Alois,Cummings,Staff,1985-04-01,1994-04-01
477576,Shan,Peak,Engineer,1991-03-25,1997-03-24
477576,Shan,Peak,Senior Engineer,1997-03-24,9999-01-01
477586,Dharmaraja,Yoshimura,Engineer,1994-10-09,9999-01-01
477623,Angel,Kornyak,Engineer,1994-10-06,2001-10-06
477623,Angel,Kornyak,Senior Engineer,2001-10-06,9999-01-01
477628,Duro,Beutelspacher,Senior Staff,2001-07-16,9999-01-01
477628,Duro,Beutelspacher,Staff,1992-07-16,2001-07-16
477632,Jahangir,Provine,Staff,1996-11-15,9999-01-01
477633,Lansing,Reutenauer,Engineer,1999-03-14,9999-01-01
477636,Abdelwaheb,Leijenhorst,Senior Staff,1993-09-28,9999-01-01
477640,Thodoros,Koprowski,Senior Staff,1996-02-03,9999-01-01
477640,Thodoros,Koprowski,Staff,1989-02-02,1996-02-03
477644,Harjit,Dratva,Engineer,1991-07-07,1992-05-30
477666,Pramod,Pollock,Senior Staff,1993-08-13,9999-01-01
477666,Pramod,Pollock,Staff,1988-08-13,1993-08-13
477675,Chikara,Reeken,Senior Engineer,1989-07-13,9999-01-01
477676,Florina,Birke,Assistant Engineer,1998-03-03,9999-01-01
477711,Moti,Casperson,Engineer,1987-10-26,1995-10-26
477711,Moti,Casperson,Senior Engineer,1995-10-26,9999-01-01
477721,Francoise,Duclos,Engineer,1999-03-09,9999-01-01
477740,Yongdong,Narlikar,Engineer,1990-11-30,1995-11-30
477740,Yongdong,Narlikar,Senior Engineer,1995-11-30,9999-01-01
477751,Trygve,Deville,Senior Staff,2000-02-29,9999-01-01
477751,Trygve,Deville,Staff,1991-03-01,2000-02-29
477758,Mohua,Picco,Senior Staff,1995-10-28,9999-01-01
477758,Mohua,Picco,Staff,1987-10-28,1995-10-28
477773,Bernt,Boudaillier,Staff,1996-02-17,9999-01-01
477790,Deborah,Farrar,Staff,1997-06-29,9999-01-01
477793,Gudjon,Bennis,Senior Staff,1994-12-12,1999-01-05
477798,Aria,Litvinov,Engineer,1996-12-14,9999-01-01
477807,Danco,Suwa,Engineer,1993-04-24,2002-04-24
477807,Danco,Suwa,Senior Engineer,2002-04-24,9999-01-01
477821,Mohammed,Francisci,Staff,1997-01-15,9999-01-01
477823,Iara,Heinisuo,Engineer,1996-09-07,9999-01-01
477827,Ranga,Bressoud,Senior Staff,1993-11-06,9999-01-01
477837,Hironobu,Puppe,Senior Engineer,1985-12-03,9999-01-01
477854,Mantis,Fioravanti,Engineer,1995-02-11,2002-02-11
477854,Mantis,Fioravanti,Senior Engineer,2002-02-11,2002-05-13
477864,Rimli,Tchuente,Senior Engineer,1988-03-23,1998-01-25
477869,Kazuhisa,Montresor,Engineer,1994-12-11,1998-01-28
477887,Wanqing,Carrera,Technique Leader,1985-07-30,9999-01-01
477889,Rosalyn,Matheson,Engineer,1992-10-10,1997-10-10
477889,Rosalyn,Matheson,Senior Engineer,1997-10-10,9999-01-01
477891,Srinidhi,Kossowski,Senior Staff,2001-03-12,9999-01-01
477891,Srinidhi,Kossowski,Staff,1993-03-12,2001-03-12
477897,Yakichi,Mersereau,Staff,1997-12-21,9999-01-01
477918,Lokesh,Jayawardene,Engineer,1991-10-20,1999-10-20
477918,Lokesh,Jayawardene,Senior Engineer,1999-10-20,9999-01-01
477945,Hatsukazu,Munck,Engineer,1985-11-17,1993-11-17
477945,Hatsukazu,Munck,Senior Engineer,1993-11-17,9999-01-01
477949,Honglan,Bernick,Engineer,1991-06-09,1997-06-08
477949,Honglan,Bernick,Senior Engineer,1997-06-08,9999-01-01
477959,Kwun,Detkin,Senior Staff,1994-04-23,9999-01-01
477959,Kwun,Detkin,Staff,1987-04-23,1994-04-23
477962,Chuanti,Garnham,Senior Engineer,1999-09-17,9999-01-01
477967,Tommaso,Ranai,Engineer,1985-05-23,1992-05-23
477967,Tommaso,Ranai,Senior Engineer,1992-05-23,9999-01-01
477972,Xiong,Herbst,Senior Staff,1998-02-18,9999-01-01
477981,Feixiong,Boudaillier,Assistant Engineer,1994-10-03,2001-10-03
477981,Feixiong,Boudaillier,Engineer,2001-10-03,9999-01-01
478014,Manohar,Rosaz,Engineer,1988-04-12,1997-04-12
478014,Manohar,Rosaz,Senior Engineer,1997-04-12,9999-01-01
478015,Barry,Lortz,Senior Staff,1996-01-17,1999-02-15
478015,Barry,Lortz,Staff,1991-01-17,1996-01-17
478016,Martijn,Bain,Senior Engineer,1996-09-07,9999-01-01
478039,Larisa,Bahl,Senior Staff,1997-04-29,9999-01-01
478039,Larisa,Bahl,Staff,1992-04-29,1997-04-29
478099,Kasturi,Serna,Engineer,1998-03-28,9999-01-01
478101,Koldo,Bratsberg,Engineer,1990-12-10,1999-12-10
478101,Koldo,Bratsberg,Senior Engineer,1999-12-10,9999-01-01
478130,Renee,Paciorek,Technique Leader,1985-10-02,1998-09-18
478139,Marie,Kilgore,Engineer,1990-07-11,1995-07-11
478139,Marie,Kilgore,Senior Engineer,1995-07-11,9999-01-01
478149,Feipei,Colorni,Technique Leader,1999-02-07,2002-06-29
478150,Martial,Scallan,Senior Staff,1993-05-22,9999-01-01
478150,Martial,Scallan,Staff,1987-05-23,1993-05-22
478168,Xiaopeng,Halloran,Senior Staff,2000-08-28,9999-01-01
478168,Xiaopeng,Halloran,Staff,1993-08-28,2000-08-28
478178,Sergi,Rijsenbrij,Engineer,1987-03-16,1991-05-18
478187,Sigeru,Frezza,Engineer,1999-01-30,2000-07-24
478199,Indrajit,Bergere,Senior Staff,1987-06-09,9999-01-01
478216,Fuqing,Farrow,Engineer,1999-07-05,9999-01-01
478217,Mayumi,Falco,Staff,1999-08-25,2001-03-15
478221,Tua,Hiyoshi,Engineer,1992-10-31,2001-10-31
478221,Tua,Hiyoshi,Senior Engineer,2001-10-31,9999-01-01
478253,Duro,Herath,Staff,1998-10-28,9999-01-01
478268,Kien,Schreiter,Senior Engineer,1985-02-15,9999-01-01
478274,Morris,Perng,Senior Staff,1991-01-16,9999-01-01
478282,Kamran,Kandlur,Engineer,1988-03-17,1993-03-17
478282,Kamran,Kandlur,Senior Engineer,1993-03-17,9999-01-01
478290,Theirry,Miara,Senior Staff,2000-05-12,9999-01-01
478290,Theirry,Miara,Staff,1994-05-13,2000-05-12
478298,Vitaly,Trachtenberg,Senior Engineer,1997-05-25,9999-01-01
478310,Ziyad,Baca,Assistant Engineer,1996-08-09,1996-09-09
478319,Shichao,Moehrke,Senior Staff,1985-05-24,9999-01-01
478328,Shaw,Zobel,Engineer,1986-06-18,1995-06-18
478328,Shaw,Zobel,Senior Engineer,1995-06-18,9999-01-01
478332,Nechama,Danecki,Senior Staff,1998-04-03,9999-01-01
478332,Nechama,Danecki,Staff,1993-04-03,1998-04-03
478333,Ishfaq,Zielinski,Engineer,1988-03-09,1996-03-09
478333,Ishfaq,Zielinski,Senior Engineer,1996-03-09,9999-01-01
478345,Yaghout,Milicia,Technique Leader,1995-03-07,9999-01-01
478370,Fumitake,Thiria,Assistant Engineer,1994-04-03,2001-04-03
478370,Fumitake,Thiria,Engineer,2001-04-03,9999-01-01
478380,Hiroyasu,Krzyzanowski,Senior Staff,2002-01-30,9999-01-01
478380,Hiroyasu,Krzyzanowski,Staff,1994-01-30,2002-01-30
478392,Filipp,Takkinen,Senior Staff,2001-10-31,9999-01-01
478392,Filipp,Takkinen,Staff,1995-11-01,2001-10-31
478401,Mohua,Molenaar,Senior Staff,1989-11-08,9999-01-01
478422,Chinhyun,Assaf,Staff,1996-01-31,1998-11-16
478434,Noritoshi,Ligten,Senior Staff,1991-01-29,9999-01-01
478448,Pasqua,Budinsky,Senior Engineer,1997-06-12,9999-01-01
478463,Djelloul,Rabehasaina,Engineer,1990-12-28,1995-12-28
478463,Djelloul,Rabehasaina,Senior Engineer,1995-12-28,9999-01-01
478466,Moheb,Cummings,Engineer,1994-05-23,1999-05-23
478466,Moheb,Cummings,Senior Engineer,1999-05-23,9999-01-01
478480,Leen,Lanphier,Staff,1997-11-19,9999-01-01
478489,Hironoby,Stamatiou,Senior Staff,1986-12-29,1993-05-07
478503,Taizo,Servieres,Senior Staff,1997-10-22,9999-01-01
478503,Taizo,Servieres,Staff,1988-10-22,1997-10-22
478527,Shrikanth,Pettis,Senior Staff,1991-02-21,9999-01-01
478527,Shrikanth,Pettis,Staff,1986-02-21,1991-02-21
478544,Jinxi,Angelopoulos,Technique Leader,1994-08-20,9999-01-01
478546,Elzbieta,Rosen,Staff,1995-04-09,9999-01-01
478562,Taiji,Kulisch,Senior Staff,1994-10-12,9999-01-01
478562,Taiji,Kulisch,Staff,1985-10-12,1994-10-12
478570,Fusako,Denny,Engineer,1994-08-11,2001-06-26
478580,Haldun,Piveteau,Senior Staff,1997-01-20,9999-01-01
478580,Haldun,Piveteau,Staff,1991-01-21,1997-01-20
478583,Lunjin,Kandlur,Technique Leader,1998-10-05,9999-01-01
478602,Khosrow,Mattern,Staff,1994-01-19,9999-01-01
478638,Chanjung,Kandlur,Engineer,1993-09-06,9999-01-01
478653,Ortrud,Garnham,Engineer,1996-05-02,9999-01-01
478671,Hideyuki,Panienski,Engineer,1988-12-01,1997-12-01
478671,Hideyuki,Panienski,Senior Engineer,1997-12-01,9999-01-01
478696,Mark,Hennebert,Engineer,1988-03-25,1994-03-25
478696,Mark,Hennebert,Senior Engineer,1994-03-25,1996-10-24
478700,Juichirou,Luiz,Engineer,1992-06-28,1999-06-29
478700,Juichirou,Luiz,Senior Engineer,1999-06-29,9999-01-01
478725,Hausi,Emiris,Engineer,1989-05-03,1997-05-03
478725,Hausi,Emiris,Senior Engineer,1997-05-03,9999-01-01
478746,Guozhong,Krupka,Assistant Engineer,1998-02-24,9999-01-01
478751,Dhritiman,Pfau,Technique Leader,1989-11-17,9999-01-01
478757,Shaowei,Rehfuss,Senior Staff,1997-08-16,9999-01-01
478757,Shaowei,Rehfuss,Staff,1988-08-16,1997-08-16
478764,Muzhong,Demir,Engineer,1991-10-15,1997-10-14
478764,Muzhong,Demir,Senior Engineer,1997-10-14,9999-01-01
478766,Moti,Thisen,Engineer,1986-09-13,1991-09-13
478766,Moti,Thisen,Senior Engineer,1991-09-13,9999-01-01
478796,Abdelaziz,Luby,Staff,1994-06-24,9999-01-01
478806,Xinan,Matzel,Engineer,1988-11-05,1989-11-02
478808,Shietung,Matzov,Engineer,1995-07-17,2000-07-16
478808,Shietung,Matzov,Senior Engineer,2000-07-16,9999-01-01
478810,Masamitsu,Lally,Engineer,1989-02-22,1994-02-22
478810,Masamitsu,Lally,Senior Engineer,1994-02-22,9999-01-01
478836,Kayoko,Anguita,Engineer,1985-02-09,1991-02-09
478836,Kayoko,Anguita,Senior Engineer,1991-02-09,9999-01-01
478837,Mitsuyuki,Bernick,Staff,1995-02-06,1998-11-30
478846,Eberhardt,Plump,Engineer,1996-02-14,2001-02-13
478846,Eberhardt,Plump,Senior Engineer,2001-02-13,9999-01-01
478881,Along,Pietrzykowski,Senior Staff,1993-07-31,9999-01-01
478891,Lena,Polupanov,Senior Engineer,1998-10-01,9999-01-01
478893,Moie,Juneja,Staff,1990-06-23,1993-02-22
478908,Yuriy,Quadeer,Senior Staff,1995-02-17,9999-01-01
478908,Yuriy,Quadeer,Staff,1988-02-17,1995-02-17
478909,Zhiwei,Ossenbruggen,Senior Staff,1995-01-19,9999-01-01
478944,Harjit,Smeets,Senior Engineer,1987-03-10,9999-01-01
478950,Kazuyasu,Ratnakar,Senior Engineer,1996-08-25,9999-01-01
478951,Zeljko,Heijenga,Engineer,1986-08-26,1991-08-26
478951,Zeljko,Heijenga,Senior Engineer,1991-08-26,9999-01-01
478981,Oddvar,Ruemmler,Senior Staff,1998-02-27,9999-01-01
478981,Oddvar,Ruemmler,Staff,1993-02-27,1998-02-27
479026,Yechezkel,Erev,Senior Staff,2001-10-17,9999-01-01
479026,Yechezkel,Erev,Staff,1994-10-17,2001-10-17
479034,Perla,Sichman,Senior Engineer,1990-01-11,9999-01-01
479042,Alois,Badache,Engineer,1985-06-14,1993-06-14
479042,Alois,Badache,Senior Engineer,1993-06-14,9999-01-01
479043,Akhilish,Swift,Staff,1998-11-01,9999-01-01
479045,Mohammad,Driscoll,Staff,1996-02-13,9999-01-01
479073,Jaideep,Ranum,Senior Engineer,1985-10-18,9999-01-01
479079,Qiwen,Bamford,Engineer,1995-01-24,2000-11-04
479083,Boriana,Belinskaya,Senior Staff,1994-07-28,9999-01-01
479087,Panayotis,Domenig,Engineer,1990-07-13,1998-07-13
479087,Panayotis,Domenig,Senior Engineer,1998-07-13,9999-01-01
479090,Stafford,Yoshizawa,Staff,1996-12-13,9999-01-01
479092,Leif,Collavizza,Engineer,1986-01-27,1992-01-27
479092,Leif,Collavizza,Senior Engineer,1992-01-27,1994-08-16
479101,Shichao,Salinas,Engineer,1985-05-21,1990-11-23
479112,Serge,Ventosa,Engineer,1988-11-05,1995-11-06
479112,Serge,Ventosa,Senior Engineer,1995-11-06,9999-01-01
479127,Yucel,Kisuki,Engineer,1987-06-08,1994-06-08
479127,Yucel,Kisuki,Senior Engineer,1994-06-08,9999-01-01
479129,Jaihie,Mayerwieser,Senior Staff,1999-08-31,9999-01-01
479129,Jaihie,Mayerwieser,Staff,1990-08-31,1999-08-31
479141,Alper,Felder,Engineer,1989-12-05,1996-12-05
479141,Alper,Felder,Senior Engineer,1996-12-05,1998-08-21
479144,Manu,Boissier,Senior Staff,2000-09-20,9999-01-01
479144,Manu,Boissier,Staff,1991-09-21,2000-09-20
479160,Moss,Conry,Senior Staff,1995-02-13,9999-01-01
479160,Moss,Conry,Staff,1986-02-13,1995-02-13
479170,Bilhanan,Plavsic,Engineer,1994-10-20,1996-12-26
479172,Nobuyoshi,Crouzet,Senior Staff,2001-12-06,2002-07-28
479172,Nobuyoshi,Crouzet,Staff,1994-12-06,2001-12-06
479180,Adib,Merlo,Senior Staff,1992-01-08,9999-01-01
479180,Adib,Merlo,Staff,1986-01-08,1992-01-08
479185,Feixiong,Sichman,Senior Staff,1999-12-01,2001-01-30
479191,Morris,Raney,Engineer,1985-04-30,1993-04-30
479191,Morris,Raney,Senior Engineer,1993-04-30,9999-01-01
479200,Basem,Luit,Engineer,1994-05-03,2001-05-03
479200,Basem,Luit,Senior Engineer,2001-05-03,9999-01-01
479201,Dharmaraja,Hiltgen,Engineer,1997-10-12,9999-01-01
479204,Zhensheng,Zielinski,Technique Leader,1987-09-11,9999-01-01
479208,Prasadram,Milicia,Senior Engineer,1986-08-12,9999-01-01
479219,Visit,Luit,Senior Staff,2001-05-14,9999-01-01
479219,Visit,Luit,Staff,1992-05-14,2001-05-14
479259,Jaroslava,Itzigehl,Senior Staff,1996-10-12,1997-06-15
479259,Jaroslava,Itzigehl,Staff,1991-10-13,1996-10-12
479267,Leif,Moffat,Technique Leader,1994-11-23,9999-01-01
479278,Shen,Bage,Engineer,1988-12-24,1997-12-24
479278,Shen,Bage,Senior Engineer,1997-12-24,9999-01-01
479296,Shridhar,Stenning,Senior Staff,1996-10-11,9999-01-01
479296,Shridhar,Stenning,Staff,1988-10-11,1996-10-11
479315,Dipayan,Peir,Engineer,1997-10-15,9999-01-01
479340,Quingbo,Wroclawski,Senior Staff,1992-04-10,9999-01-01
479342,Salvador,Jeansoulin,Senior Staff,1992-09-07,9999-01-01
479342,Salvador,Jeansoulin,Staff,1987-09-08,1992-09-07
479356,Heping,Turnbull,Technique Leader,1992-09-20,1994-09-18
479371,Jaihie,Nilsson,Staff,1997-09-27,9999-01-01
479376,Maya,Fargier,Engineer,1986-03-16,1990-12-25
479382,Baocai,Hanabata,Staff,1995-07-22,1997-07-19
479418,Mostafa,Schaar,Staff,1999-06-27,9999-01-01
479423,Miomir,Bahk,Engineer,1997-07-25,9999-01-01
479436,Dante,Luca,Senior Staff,1986-03-04,9999-01-01
479464,Fusako,Dusink,Staff,1998-01-28,1999-09-30
479487,Taiji,Rothe,Staff,1998-01-04,9999-01-01
479489,Haldun,Tetzlaff,Senior Staff,1992-09-23,9999-01-01
479490,Manton,England,Engineer,1997-01-07,9999-01-01
479514,Cedric,Plumb,Senior Staff,1996-01-26,2000-12-11
479514,Cedric,Plumb,Staff,1991-01-26,1996-01-26
479540,Dayanand,Vandervoorde,Senior Staff,1999-04-20,9999-01-01
479540,Dayanand,Vandervoorde,Staff,1993-04-20,1999-04-20
479548,Cheong,Veeraraghavan,Senior Staff,1988-04-30,9999-01-01
479552,KayLiang,Bratten,Engineer,1998-06-21,1998-11-13
479561,Jaihie,Gomatam,Senior Staff,1990-02-28,9999-01-01
479569,Erzsebet,Nishimukai,Senior Engineer,1997-08-20,9999-01-01
479580,Gian,Malabarba,Engineer,1996-10-27,9999-01-01
479588,Feipei,Sudkamp,Assistant Engineer,1990-10-14,1996-10-13
479588,Feipei,Sudkamp,Engineer,1996-10-13,9999-01-01
479591,Marko,Ratnaker,Technique Leader,1993-09-01,9999-01-01
479599,Rosalie,Auria,Engineer,1996-07-14,9999-01-01
479643,Arif,Kemmerer,Technique Leader,1993-06-24,1995-06-30
479644,Kendra,Cairo,Engineer,1998-11-20,9999-01-01
479654,Mokhtar,Maraist,Senior Engineer,1998-07-08,9999-01-01
479678,Yishay,Bahl,Senior Engineer,1993-10-16,9999-01-01
479706,Vasilis,Juneja,Engineer,1994-11-02,9999-01-01
479716,Teiji,Heuter,Engineer,1998-05-17,9999-01-01
479718,Khedija,Rodite,Staff,1999-03-20,9999-01-01
479751,Mostafa,Terekhov,Senior Staff,1992-05-07,9999-01-01
479751,Mostafa,Terekhov,Staff,1985-05-07,1992-05-07
479757,Adit,Lundstrom,Staff,1998-12-03,9999-01-01
479769,Theron,Selenyi,Senior Staff,1997-09-16,9999-01-01
479769,Theron,Selenyi,Staff,1991-09-17,1997-09-16
479770,Diederik,Fandrianto,Staff,1991-10-19,1993-07-05
479776,Marsja,Marrevee,Engineer,1985-08-14,1992-08-14
479776,Marsja,Marrevee,Senior Engineer,1992-08-14,9999-01-01
479806,Lenore,Slobodova,Assistant Engineer,1994-05-20,2000-05-19
479806,Lenore,Slobodova,Engineer,2000-05-19,9999-01-01
479818,Persi,Straney,Senior Staff,1996-07-20,9999-01-01
479818,Persi,Straney,Staff,1990-07-21,1996-07-20
479842,Stepehn,Bale,Staff,1998-06-29,9999-01-01
479844,Eberhardt,Heemskerk,Engineer,1992-08-09,1999-08-10
479844,Eberhardt,Heemskerk,Senior Engineer,1999-08-10,9999-01-01
479868,Mong,Crooks,Engineer,1994-07-30,2001-07-30
479868,Mong,Crooks,Senior Engineer,2001-07-30,9999-01-01
479888,Kwangjo,Werthner,Senior Engineer,1997-06-07,9999-01-01
479904,Ewing,Hiraishi,Engineer,1994-02-18,9999-01-01
479911,Conor,Conde,Engineer,1997-01-06,9999-01-01
479912,Peer,Morton,Technique Leader,1998-05-18,1999-09-13
479923,Berto,Juneja,Engineer,1985-07-08,1994-07-08
479923,Berto,Juneja,Senior Engineer,1994-07-08,9999-01-01
479935,Atreye,Prochazka,Senior Staff,1994-08-17,9999-01-01
479935,Atreye,Prochazka,Staff,1989-08-17,1994-08-17
479946,Pantung,Simkin,Staff,1996-05-02,9999-01-01
479962,Yakichi,Jeansoulin,Senior Staff,1992-12-16,2002-03-01
479972,Chriss,Gronowski,Engineer,1994-01-23,2001-01-23
479972,Chriss,Gronowski,Senior Engineer,2001-01-23,9999-01-01
479983,Fumiyo,Waterhouse,Engineer,1987-04-11,1992-04-10
479983,Fumiyo,Waterhouse,Senior Engineer,1992-04-10,9999-01-01
479988,Yucai,Benner,Senior Staff,1990-07-01,9999-01-01
480019,Masoud,Waschkowski,Senior Engineer,1996-08-22,2000-07-24
480030,Genta,Marrevee,Engineer,1992-07-03,1998-07-03
480030,Genta,Marrevee,Senior Engineer,1998-07-03,9999-01-01
480095,Chikara,Thambidurai,Assistant Engineer,1992-08-31,1999-09-01
480095,Chikara,Thambidurai,Engineer,1999-09-01,9999-01-01
480100,Goa,Goldhammer,Senior Staff,1995-09-19,9999-01-01
480100,Goa,Goldhammer,Staff,1989-09-19,1995-09-19
480125,Yechiam,Kaiserswerth,Assistant Engineer,1985-10-25,1990-10-25
480125,Yechiam,Kaiserswerth,Engineer,1990-10-25,1995-10-25
480125,Yechiam,Kaiserswerth,Senior Engineer,1995-10-25,9999-01-01
480133,Stamatina,Conti,Senior Engineer,1986-05-13,9999-01-01
480151,Ramalingam,Serna,Engineer,1996-01-26,9999-01-01
480153,Yuriy,Restivo,Senior Staff,2000-01-16,9999-01-01
480153,Yuriy,Restivo,Staff,1993-01-15,2000-01-16
480167,Syozo,Rosenbaum,Engineer,1989-08-29,1994-08-29
480167,Syozo,Rosenbaum,Senior Engineer,1994-08-29,9999-01-01
480173,Mabo,Magalhaes,Senior Staff,1994-07-05,9999-01-01
480173,Mabo,Magalhaes,Staff,1987-07-05,1994-07-05
480184,Maya,Bernatsky,Staff,1996-04-27,9999-01-01
480189,Itzchak,Melichar,Senior Staff,1996-07-09,9999-01-01
480189,Itzchak,Melichar,Staff,1989-07-09,1996-07-09
480253,Diederik,Ushiama,Senior Staff,1999-01-13,9999-01-01
480253,Diederik,Ushiama,Staff,1990-01-13,1999-01-13
480261,Sigeru,Rosiles,Engineer,1985-10-30,1993-10-30
480261,Sigeru,Rosiles,Senior Engineer,1993-10-30,9999-01-01
480262,Bodh,Magliocco,Engineer,1998-06-28,1999-03-24
480263,Chinya,Herbst,Senior Staff,1985-11-05,9999-01-01
480264,Yuuichi,Narahara,Staff,1999-12-18,9999-01-01
480270,Kersti,Fabrizio,Engineer,1991-08-20,1999-08-20
480270,Kersti,Fabrizio,Senior Engineer,1999-08-20,9999-01-01
480284,Kitty,Reistad,Assistant Engineer,1991-06-04,1999-06-04
480284,Kitty,Reistad,Engineer,1999-06-04,9999-01-01
480324,Charmane,Krichel,Engineer,1987-06-08,1995-06-08
480324,Charmane,Krichel,Senior Engineer,1995-06-08,9999-01-01
480327,Gurbir,Nishimukai,Staff,1995-09-29,2001-09-03
480362,Otmar,Pettit,Senior Staff,1997-07-02,9999-01-01
480362,Otmar,Pettit,Staff,1992-07-02,1997-07-02
480363,Serif,Hmelo,Engineer,1987-12-24,1995-12-24
480363,Serif,Hmelo,Senior Engineer,1995-12-24,9999-01-01
480370,Gretta,Bael,Staff,1995-11-24,9999-01-01
480377,Selwyn,Bierman,Assistant Engineer,1995-04-07,2001-04-06
480377,Selwyn,Bierman,Engineer,2001-04-06,2002-05-22
480385,Nathalie,Cooke,Senior Staff,2001-07-01,9999-01-01
480385,Nathalie,Cooke,Staff,1992-07-01,2001-07-01
480394,Rimli,Chiola,Engineer,1989-02-06,1996-02-07
480394,Rimli,Chiola,Senior Engineer,1996-02-07,9999-01-01
480400,Toshiki,Shackell,Staff,1992-11-30,1994-11-13
480401,Weidon,Siegrist,Senior Staff,1990-09-16,9999-01-01
480424,Nalini,Krone,Senior Engineer,1997-02-06,9999-01-01
480429,Arie,Auyong,Engineer,1998-04-24,9999-01-01
480464,Maha,Cesareni,Staff,1999-06-26,9999-01-01
480466,Kwangyoen,Sudkamp,Senior Engineer,1997-02-03,9999-01-01
480475,Arvind,Ciolek,Engineer,1993-03-15,1999-03-15
480475,Arvind,Ciolek,Senior Engineer,1999-03-15,9999-01-01
480477,Tetsurou,Birch,Engineer,1995-09-15,2001-09-14
480477,Tetsurou,Birch,Senior Engineer,2001-09-14,9999-01-01
480488,Shaowei,Waterhouse,Engineer,1999-06-27,2001-08-13
480503,Parke,Pehl,Engineer,1998-01-01,9999-01-01
480505,Sanjiv,Benner,Staff,1999-01-11,9999-01-01
480543,Susuma,Kampfer,Senior Staff,1995-05-05,9999-01-01
480543,Susuma,Kampfer,Staff,1989-05-05,1995-05-05
480546,Lidong,Schwartzburd,Senior Staff,1996-03-24,9999-01-01
480546,Lidong,Schwartzburd,Staff,1987-03-25,1996-03-24
480550,Caolyn,Khasidashvili,Senior Staff,2002-07-09,9999-01-01
480550,Caolyn,Khasidashvili,Staff,1996-07-09,2002-07-09
480573,Juyoung,Kuzuoka,Engineer,1999-05-18,9999-01-01
480589,Vasilis,Luef,Engineer,1985-03-01,1991-03-01
480589,Vasilis,Luef,Senior Engineer,1991-03-01,9999-01-01
480602,Gil,Danley,Assistant Engineer,1998-08-28,9999-01-01
480606,Janalee,Cincotta,Senior Engineer,1993-10-25,9999-01-01
480607,Shaw,Pintelas,Engineer,1985-02-11,1990-02-11
480607,Shaw,Pintelas,Senior Engineer,1990-02-11,9999-01-01
480609,Suebskul,Schauser,Senior Staff,1998-11-17,9999-01-01
480609,Suebskul,Schauser,Staff,1993-11-17,1998-11-17
480615,Yonghong,Morrey,Senior Staff,1992-09-11,9999-01-01
480628,Aamer,Brlek,Engineer,1989-03-28,1995-03-28
480628,Aamer,Brlek,Senior Engineer,1995-03-28,9999-01-01
480633,Torsten,Lemarechal,Engineer,1992-05-20,1999-05-21
480633,Torsten,Lemarechal,Senior Engineer,1999-05-21,9999-01-01
480640,George,Cooman,Engineer,1998-09-13,9999-01-01
480641,Marsja,Ranta,Staff,1997-12-30,1999-01-14
480659,Seongbae,Kaltofen,Engineer,1991-03-11,1994-07-28
480661,Gianluca,Hofting,Engineer,1996-05-24,2001-05-24
480661,Gianluca,Hofting,Senior Engineer,2001-05-24,9999-01-01
480681,Adib,Schmiedel,Engineer,1989-01-27,1996-01-28
480681,Adib,Schmiedel,Senior Engineer,1996-01-28,1996-08-02
480685,Kristen,McConalogue,Engineer,1992-07-01,2001-07-01
480685,Kristen,McConalogue,Senior Engineer,2001-07-01,9999-01-01
480690,Youssef,Servi,Engineer,1996-04-29,9999-01-01
480702,Faiza,Ramalingam,Senior Staff,1996-10-22,9999-01-01
480702,Faiza,Ramalingam,Staff,1990-10-23,1996-10-22
480707,Satoru,McClurg,Staff,1996-05-30,9999-01-01
480720,Pramod,Assaf,Staff,1991-01-15,1994-03-26
480741,Sastry,Bail,Senior Staff,2002-07-20,9999-01-01
480741,Sastry,Bail,Staff,1997-07-20,2002-07-20
480758,Dzung,Reeken,Engineer,1998-09-07,9999-01-01
480778,Wojceich,Murtagh,Engineer,1999-04-17,9999-01-01
480785,Shin,Melski,Engineer,1987-07-30,1993-07-29
480785,Shin,Melski,Senior Engineer,1993-07-29,9999-01-01
480811,Isaac,Nittel,Senior Staff,1998-05-13,9999-01-01
480811,Isaac,Nittel,Staff,1989-05-13,1998-05-13
480812,Chiranjit,Kirkerud,Staff,1987-09-03,1992-06-27
480831,Mary,Wynblatt,Engineer,1989-08-18,1994-08-18
480831,Mary,Wynblatt,Senior Engineer,1994-08-18,9999-01-01
480832,Cathie,Cappello,Engineer,1996-01-05,1997-03-24
480844,Lakshmi,Dichev,Senior Staff,1990-05-18,9999-01-01
480844,Lakshmi,Dichev,Staff,1985-05-18,1990-05-18
480886,Shietung,Denis,Engineer,1990-11-26,1993-05-24
480913,Jiafu,Keustermans,Technique Leader,1985-06-06,9999-01-01
480918,DAIDA,Ghazalie,Senior Staff,1991-03-24,9999-01-01
480918,DAIDA,Ghazalie,Staff,1985-03-24,1991-03-24
480928,Moon,Hempstead,Technique Leader,1993-02-21,9999-01-01
480935,Marin,Roisin,Senior Staff,1995-05-28,9999-01-01
480935,Marin,Roisin,Staff,1990-05-28,1995-05-28
480939,Phule,Ghandeharizadeh,Engineer,1989-08-17,1995-08-17
480939,Phule,Ghandeharizadeh,Senior Engineer,1995-08-17,9999-01-01
480949,Mona,Spell,Staff,1999-09-22,2000-10-23
480980,Phuoc,Azuma,Engineer,1996-03-17,2002-03-17
480980,Phuoc,Azuma,Senior Engineer,2002-03-17,9999-01-01
480982,Saeed,Serra,Staff,1994-11-25,1996-07-09
480998,Dipayan,Yurek,Senior Staff,1991-09-21,9999-01-01
481018,Hercules,Stasinski,Senior Staff,1993-06-14,9999-01-01
481018,Hercules,Stasinski,Staff,1987-06-15,1993-06-14
481030,Holgard,Peck,Senior Engineer,1998-01-21,9999-01-01
481048,Shaleah,Oberman,Engineer,1988-12-26,1997-12-26
481048,Shaleah,Oberman,Senior Engineer,1997-12-26,9999-01-01
481059,Tru,Sullins,Senior Staff,1999-06-08,9999-01-01
481071,Janalee,Hoogerwoord,Senior Staff,2001-02-04,9999-01-01
481071,Janalee,Hoogerwoord,Staff,1994-02-04,2001-02-04
481074,Tua,Pillow,Engineer,1999-12-02,2000-03-02
481087,Anneke,Rajcani,Senior Staff,1999-05-26,9999-01-01
481087,Anneke,Rajcani,Staff,1992-05-25,1999-05-26
481110,Beshir,Isaac,Senior Staff,2001-02-28,9999-01-01
481110,Beshir,Isaac,Staff,1992-02-29,2001-02-28
481117,Fay,Brender,Senior Staff,1991-04-30,1997-01-23
481121,Manton,Budinsky,Engineer,1995-04-24,2000-04-23
481121,Manton,Budinsky,Senior Engineer,2000-04-23,9999-01-01
481125,Xiaopeng,Matzat,Engineer,1998-11-20,9999-01-01
481131,Pantung,Baek,Engineer,1996-08-06,9999-01-01
481161,Lijia,Azuma,Engineer,1993-05-30,1998-10-05
481191,Goh,Suwa,Senior Staff,1988-08-04,9999-01-01
481206,Dinah,Jonsson,Senior Staff,1999-05-16,9999-01-01
481206,Dinah,Jonsson,Staff,1993-05-16,1999-05-16
481218,Xiaocheng,Vural,Senior Staff,1999-11-27,9999-01-01
481218,Xiaocheng,Vural,Staff,1993-11-27,1999-11-27
481258,Sudharsan,DiGiano,Senior Staff,1989-03-09,9999-01-01
481280,Paris,Hebert,Senior Staff,1991-10-11,9999-01-01
481284,Krister,Eldridge,Engineer,1988-02-10,1994-02-09
481284,Krister,Eldridge,Senior Engineer,1994-02-09,9999-01-01
481314,Basim,Kilgour,Senior Staff,1992-05-14,9999-01-01
481314,Basim,Kilgour,Staff,1987-05-15,1992-05-14
481323,Zhenbing,Erman,Senior Staff,1996-01-11,9999-01-01
481323,Zhenbing,Erman,Staff,1988-01-11,1996-01-11
481368,Danae,Brender,Senior Staff,1999-08-25,9999-01-01
481371,Zeljko,Cmelik,Engineer,1998-09-05,9999-01-01
481376,Waiman,Cummings,Staff,1996-10-14,9999-01-01
481382,Izaskun,Suwa,Staff,1999-04-30,9999-01-01
481394,Jongsuk,Pell,Engineer,1993-06-08,2001-06-08
481394,Jongsuk,Pell,Senior Engineer,2001-06-08,9999-01-01
481411,Phule,Magliocco,Senior Staff,1997-06-30,9999-01-01
481411,Phule,Magliocco,Staff,1988-06-30,1997-06-30
481416,Jaana,Papsdorf,Engineer,1993-05-31,2001-05-31
481416,Jaana,Papsdorf,Senior Engineer,2001-05-31,9999-01-01
481426,Mayuko,Ratnakar,Assistant Engineer,1994-01-22,9999-01-01
481445,Dzung,Kalafatis,Staff,1991-10-10,1999-08-13
481457,Alois,Terwilliger,Senior Staff,1999-05-31,9999-01-01
481457,Alois,Terwilliger,Staff,1993-05-31,1999-05-31
481466,Harngdar,Kandlur,Engineer,1991-05-14,1997-05-13
481466,Harngdar,Kandlur,Senior Engineer,1997-05-13,9999-01-01
481468,Gurbir,Zielinski,Senior Staff,2000-02-22,9999-01-01
481468,Gurbir,Zielinski,Staff,1991-02-22,2000-02-22
481490,Divine,Cools,Engineer,1997-07-21,9999-01-01
481492,Steve,Schieder,Engineer,1990-06-05,1999-06-05
481492,Steve,Schieder,Senior Engineer,1999-06-05,9999-01-01
481497,Aloke,Zongker,Engineer,1997-01-25,9999-01-01
481555,Yakichi,Basart,Engineer,1999-12-28,9999-01-01
481557,Phillip,Flanders,Senior Staff,1996-11-24,9999-01-01
481557,Phillip,Flanders,Staff,1988-11-24,1996-11-24
481559,Xudong,Iwayama,Senior Staff,2000-08-17,9999-01-01
481559,Xudong,Iwayama,Staff,1992-08-17,2000-08-17
481579,Takushi,Luby,Technique Leader,1987-03-05,9999-01-01
481583,Pramod,Lichtner,Engineer,1993-10-31,9999-01-01
481594,Vitaly,Brlek,Senior Staff,1990-12-08,9999-01-01
481605,Georgy,Borstler,Engineer,1999-02-27,9999-01-01
481606,Shaleah,Zumaque,Technique Leader,1986-12-27,9999-01-01
481622,Nechama,Nitsche,Senior Staff,1999-09-16,9999-01-01
481622,Nechama,Nitsche,Staff,1990-09-16,1999-09-16
481623,Xiong,Kermarrec,Technique Leader,1997-10-29,9999-01-01
481635,Petter,Gischer,Engineer,1985-09-17,1992-09-17
481635,Petter,Gischer,Senior Engineer,1992-09-17,1998-06-18
481648,Martial,Budinsky,Senior Staff,1996-02-07,9999-01-01
481648,Martial,Budinsky,Staff,1988-02-07,1996-02-07
481667,Gaurav,Felcyn,Senior Staff,1987-01-15,9999-01-01
481677,Anneli,Basart,Assistant Engineer,1986-03-02,1994-03-02
481677,Anneli,Basart,Engineer,1994-03-02,2002-03-02
481677,Anneli,Basart,Senior Engineer,2002-03-02,9999-01-01
481680,Shakhar,Unni,Senior Engineer,1991-12-08,9999-01-01
481696,Zejun,Schieder,Senior Staff,1996-05-15,9999-01-01
481696,Zejun,Schieder,Staff,1991-05-16,1996-05-15
481700,Bedrich,Denti,Engineer,1988-10-15,1995-10-16
481700,Bedrich,Denti,Senior Engineer,1995-10-16,1997-11-28
481702,Moni,Kaiser,Engineer,1986-03-06,1995-03-06
481702,Moni,Kaiser,Senior Engineer,1995-03-06,9999-01-01
481705,Sajjad,Reeken,Engineer,1987-02-27,1994-02-27
481705,Sajjad,Reeken,Senior Engineer,1994-02-27,1998-04-07
481736,Jaideep,Sessa,Engineer,1999-07-13,9999-01-01
481738,Babette,Heyers,Engineer,1998-06-02,9999-01-01
481769,Szabolcs,Baig,Senior Engineer,1985-12-25,9999-01-01
481806,DAIDA,Gulak,Assistant Engineer,1988-03-27,1993-03-27
481806,DAIDA,Gulak,Engineer,1993-03-27,1998-03-27
481806,DAIDA,Gulak,Senior Engineer,1998-03-27,9999-01-01
481812,Arno,Bharadwaj,Technique Leader,1998-06-17,9999-01-01
481826,Chaosheng,Bala,Engineer,1997-07-15,9999-01-01
481837,Magy,Cangellaris,Engineer,1994-11-28,9999-01-01
481838,Leucio,Assaf,Senior Staff,1998-03-12,9999-01-01
481838,Leucio,Assaf,Staff,1989-03-12,1998-03-12
481868,Moty,Pehl,Senior Engineer,1998-07-07,9999-01-01
481874,Huai,Sichman,Engineer,1994-12-10,2001-12-10
481874,Huai,Sichman,Senior Engineer,2001-12-10,9999-01-01
481878,Frederique,Rebaine,Engineer,1993-01-31,2002-01-31
481878,Frederique,Rebaine,Senior Engineer,2002-01-31,9999-01-01
481902,Seshu,Sudkamp,Senior Engineer,1996-07-21,9999-01-01
481925,Miyeon,Leivant,Engineer,1991-09-21,1992-03-15
481936,Angus,Verhoeff,Engineer,1999-03-13,1999-03-25
481944,Mohammed,Shimshoni,Senior Staff,1989-11-01,1998-06-21
481969,Ekawit,Heering,Technique Leader,1993-02-03,2000-03-31
481979,Kersti,Einsfeld,Staff,1990-08-19,1996-03-17
482017,Marco,Wynblatt,Engineer,1988-08-10,1993-08-10
482017,Marco,Wynblatt,Senior Engineer,1993-08-10,9999-01-01
482022,Apostol,Menhoudj,Senior Engineer,1988-10-16,9999-01-01
482071,Yuguang,Nergos,Staff,1996-04-07,1996-07-23
482076,Arup,Luef,Staff,1995-08-09,9999-01-01
482085,Jolita,Unni,Staff,1994-12-09,9999-01-01
482090,Vidar,Mawatari,Senior Staff,1994-09-10,9999-01-01
482090,Vidar,Mawatari,Staff,1986-09-10,1994-09-10
482103,Supot,Merle,Assistant Engineer,1986-06-24,1995-06-24
482103,Supot,Merle,Engineer,1995-06-24,9999-01-01
482107,Niteen,Taneja,Senior Staff,2001-12-21,9999-01-01
482107,Niteen,Taneja,Staff,1996-12-21,2001-12-21
482115,Leszek,Bondorf,Senior Engineer,1990-04-17,9999-01-01
482120,Danai,Quittner,Engineer,1994-07-28,2002-07-28
482120,Danai,Quittner,Senior Engineer,2002-07-28,9999-01-01
482178,Thanasis,Versino,Technique Leader,1986-06-14,1989-07-08
482182,Anwar,Pettis,Senior Staff,1997-06-17,2001-03-19
482182,Anwar,Pettis,Staff,1992-06-17,1997-06-17
482204,Van,Sichman,Senior Staff,1997-01-16,9999-01-01
482204,Van,Sichman,Staff,1992-01-17,1997-01-16
482210,Rosella,Kawashima,Engineer,1996-02-20,9999-01-01
482244,Manohar,VanScheik,Senior Staff,1993-12-24,9999-01-01
482244,Manohar,VanScheik,Staff,1986-12-24,1993-12-24
482252,Toney,Emmerich,Engineer,1988-06-09,1993-06-09
482252,Toney,Emmerich,Senior Engineer,1993-06-09,9999-01-01
482257,Barton,Bonifati,Engineer,1988-06-30,1997-06-30
482257,Barton,Bonifati,Senior Engineer,1997-06-30,9999-01-01
482267,Mooi,Lorin,Senior Engineer,1995-04-06,9999-01-01
482270,Sukumar,Auyong,Engineer,1985-07-09,1990-07-09
482270,Sukumar,Auyong,Senior Engineer,1990-07-09,9999-01-01
482284,Giap,Narwekar,Staff,1999-02-06,9999-01-01
482288,Billur,Akazan,Senior Staff,1985-06-07,9999-01-01
482314,Inderjeet,Ratzlaff,Technique Leader,1985-10-14,9999-01-01
482315,Sushant,Yetto,Staff,1995-03-16,1998-11-05
482321,Dipankar,Schnabel,Engineer,1998-07-06,9999-01-01
482329,Shigeaki,Narahara,Senior Staff,1991-12-02,1996-11-22
482340,Mads,Ballarin,Engineer,1986-04-29,1991-04-29
482340,Mads,Ballarin,Senior Engineer,1991-04-29,9999-01-01
482360,Chuanti,Taneja,Senior Engineer,1995-03-28,9999-01-01
482392,Falguni,Pintelas,Senior Engineer,1996-07-17,9999-01-01
482397,Iara,Simkin,Senior Staff,1996-05-06,9999-01-01
482399,Yifei,Birch,Technique Leader,1993-09-01,9999-01-01
482402,Gita,Azulay,Staff,1996-02-14,9999-01-01
482415,Chriss,Puppo,Assistant Engineer,1985-12-26,1990-12-26
482415,Chriss,Puppo,Engineer,1990-12-26,1995-12-26
482415,Chriss,Puppo,Senior Engineer,1995-12-26,9999-01-01
482421,Conor,Alvarado,Senior Staff,1997-11-09,9999-01-01
482421,Conor,Alvarado,Staff,1989-11-09,1997-11-09
482431,Adas,Cairo,Senior Staff,1995-06-24,9999-01-01
482431,Adas,Cairo,Staff,1986-06-24,1995-06-24
482435,Fox,Sridhar,Staff,1994-02-23,2001-06-01
482461,Filipe,Kirkerud,Engineer,1987-03-06,1996-03-05
482461,Filipe,Kirkerud,Senior Engineer,1996-03-05,9999-01-01
482466,Sumali,Takkinen,Staff,1997-05-11,1998-08-20
482494,Mona,Langford,Assistant Engineer,1992-01-06,1998-01-05
482494,Mona,Langford,Engineer,1998-01-05,9999-01-01
482520,Reinhold,Lowrie,Engineer,1996-03-02,1999-12-17
482527,Maya,Loncour,Senior Staff,1998-08-15,9999-01-01
482527,Maya,Loncour,Staff,1989-08-15,1998-08-15
482538,Ortrun,Felcyn,Engineer,1998-03-05,9999-01-01
482562,Masamitsu,Barreiro,Engineer,1996-01-31,2002-01-30
482562,Masamitsu,Barreiro,Senior Engineer,2002-01-30,9999-01-01
482611,Zongyan,Hennings,Senior Staff,1991-07-31,9999-01-01
482611,Zongyan,Hennings,Staff,1986-07-31,1991-07-31
482617,Prodip,Copas,Senior Staff,2000-05-02,9999-01-01
482617,Prodip,Copas,Staff,1993-05-02,2000-05-02
482618,Marsal,Gyimothy,Senior Staff,1999-05-25,9999-01-01
482618,Marsal,Gyimothy,Staff,1991-05-25,1999-05-25
482619,Sadegh,Roison,Engineer,1996-08-16,9999-01-01
482622,Susuma,Baezner,Senior Engineer,1988-01-10,9999-01-01
482675,Mona,Ranai,Senior Staff,1999-09-22,9999-01-01
482675,Mona,Ranai,Staff,1993-09-22,1999-09-22
482700,Sungwon,Rosaz,Assistant Engineer,1989-05-26,1995-05-26
482700,Sungwon,Rosaz,Engineer,1995-05-26,1998-09-18
482702,Jayson,Kampfer,Engineer,1991-06-20,1999-06-20
482702,Jayson,Kampfer,Senior Engineer,1999-06-20,9999-01-01
482729,Mikhail,Mansanne,Staff,1997-08-25,2000-08-23
482737,Tonia,Jumpertz,Senior Staff,2002-03-16,9999-01-01
482737,Tonia,Jumpertz,Staff,1996-03-16,2002-03-16
482742,Shaz,Melichar,Engineer,1997-05-01,9999-01-01
482760,Shrikanth,Iwayama,Senior Staff,1997-05-25,9999-01-01
482760,Shrikanth,Iwayama,Staff,1990-05-25,1997-05-25
482774,Shigeaki,Katiyar,Staff,1988-03-24,1993-05-08
482783,Babette,Tramer,Engineer,1997-09-17,9999-01-01
482809,Shaowei,Tokunaga,Staff,1992-08-02,1997-11-30
482849,Matk,Schaad,Senior Staff,1997-04-21,1997-05-14
482849,Matk,Schaad,Staff,1988-04-21,1997-04-21
482851,Arve,Nittel,Senior Staff,1995-06-24,9999-01-01
482851,Arve,Nittel,Staff,1987-06-24,1995-06-24
482852,Billur,Miculan,Senior Engineer,1985-06-20,9999-01-01
482871,Zita,Angiulli,Engineer,1994-04-26,2002-04-26
482871,Zita,Angiulli,Senior Engineer,2002-04-26,9999-01-01
482879,Khalid,Yurek,Senior Staff,1995-03-22,9999-01-01
482879,Khalid,Yurek,Staff,1990-03-22,1995-03-22
482902,Bernardo,Segond,Senior Staff,2000-08-07,9999-01-01
482902,Bernardo,Segond,Staff,1995-08-08,2000-08-07
482903,Conrado,Ciolek,Assistant Engineer,1987-05-08,1993-05-07
482903,Conrado,Ciolek,Engineer,1993-05-07,1999-05-07
482903,Conrado,Ciolek,Senior Engineer,1999-05-07,2002-06-09
482908,Kitty,Steinauer,Senior Engineer,1996-03-21,2001-05-22
482919,Amalendu,Spieker,Senior Staff,1989-05-29,1991-12-29
482923,Visit,Gyorkos,Senior Staff,1997-11-21,9999-01-01
482923,Visit,Gyorkos,Staff,1989-11-21,1997-11-21
482927,Vasiliy,Fraisse,Staff,1996-03-16,2001-11-28
482929,Nathalie,Perfilyeva,Senior Engineer,1994-07-01,1997-04-19
482930,Guiseppe,Vadhan,Assistant Engineer,1986-02-10,1989-11-14
482936,Kristin,Attimonelli,Senior Staff,2000-11-30,9999-01-01
482936,Kristin,Attimonelli,Staff,1994-12-01,2000-11-30
482938,Sadegh,Ranft,Staff,1994-11-02,1997-04-02
482962,Mack,Lundstrom,Senior Staff,1997-09-30,9999-01-01
482962,Mack,Lundstrom,Staff,1988-09-30,1997-09-30
482972,Vojin,Paludetto,Assistant Engineer,1989-05-13,1995-04-12
482985,Jinxi,Hooghiemstra,Engineer,1996-11-05,2001-11-05
482985,Jinxi,Hooghiemstra,Senior Engineer,2001-11-05,9999-01-01
483010,Jiafu,Pashtan,Senior Engineer,1995-02-25,1999-12-14
483023,Kannan,Merle,Engineer,1990-07-30,1999-07-30
483023,Kannan,Merle,Senior Engineer,1999-07-30,9999-01-01
483029,Shmuel,Munke,Engineer,1992-04-19,1993-08-01
483038,Berthier,Ghalwash,Senior Engineer,1989-02-24,9999-01-01
483066,Seongbae,Ellozy,Senior Engineer,1985-07-28,9999-01-01
483081,Lene,Birge,Engineer,1988-09-15,1993-09-15
483081,Lene,Birge,Senior Engineer,1993-09-15,9999-01-01
483084,Maria,Rosenbaum,Senior Staff,2001-03-05,9999-01-01
483084,Maria,Rosenbaum,Staff,1996-03-05,2001-03-05
483089,Sarita,Motley,Senior Staff,1998-02-07,9999-01-01
483089,Sarita,Motley,Staff,1991-02-07,1998-02-07
483090,Teunis,Fargier,Engineer,1999-11-28,9999-01-01
483095,Jacopo,Isaac,Senior Staff,1995-11-27,9999-01-01
483103,Trygve,Zhang,Senior Staff,2001-07-26,9999-01-01
483103,Trygve,Zhang,Staff,1993-07-26,2001-07-26
483113,Saniya,Hofstetter,Staff,1990-03-23,1995-09-19
483154,Jamaludin,Sooriamurthi,Senior Staff,1996-03-20,9999-01-01
483154,Jamaludin,Sooriamurthi,Staff,1990-03-21,1996-03-20
483157,Hidde,Weisert,Senior Engineer,1999-08-21,9999-01-01
483164,Khalil,Matzen,Engineer,1987-01-14,1992-01-14
483164,Khalil,Matzen,Senior Engineer,1992-01-14,9999-01-01
483169,Kristin,Guenter,Engineer,1995-08-24,1997-05-25
483217,Dinah,Braunmuhl,Engineer,1999-07-16,9999-01-01
483227,Xinan,Naudin,Senior Staff,1993-03-16,9999-01-01
483227,Xinan,Naudin,Staff,1988-03-16,1993-03-16
483230,Bedrich,Verhaegen,Engineer,1996-04-06,9999-01-01
483245,Dung,Nations,Engineer,1999-05-30,9999-01-01
483264,Masanao,Rahimi,Engineer,1986-12-16,1991-12-16
483264,Masanao,Rahimi,Senior Engineer,1991-12-16,9999-01-01
483299,Yongdong,Marshall,Senior Staff,1992-02-24,9999-01-01
483299,Yongdong,Marshall,Staff,1986-02-24,1992-02-24
483301,Golgen,Ferriere,Staff,1998-08-21,9999-01-01
483332,Foong,Doering,Engineer,1994-06-11,1995-05-17
483352,Susanna,Monkewich,Senior Staff,1999-05-27,9999-01-01
483352,Susanna,Monkewich,Staff,1994-05-27,1999-05-27
483355,Ghassan,Jullig,Engineer,1996-02-24,2001-02-23
483355,Ghassan,Jullig,Senior Engineer,2001-02-23,9999-01-01
483361,Katsuyuki,Oxman,Staff,1999-06-07,9999-01-01
483366,Huan,Zaumen,Staff,1990-08-07,1995-05-29
483367,Licheng,Staylopatis,Engineer,1992-03-20,1999-03-21
483367,Licheng,Staylopatis,Senior Engineer,1999-03-21,9999-01-01
483373,Dietrich,Chinal,Engineer,1993-10-29,1999-10-29
483373,Dietrich,Chinal,Senior Engineer,1999-10-29,9999-01-01
483382,Khue,Joslin,Technique Leader,1992-12-20,9999-01-01
483397,Xuedong,Vanwelkenhuysen,Engineer,1987-11-15,1993-11-14
483397,Xuedong,Vanwelkenhuysen,Senior Engineer,1993-11-14,9999-01-01
483407,Chirstian,Ibel,Engineer,1991-06-02,1996-06-01
483407,Chirstian,Ibel,Senior Engineer,1996-06-01,9999-01-01
483433,Niteen,Jording,Technique Leader,1987-01-09,1994-03-07
483436,Yongmin,Kalloufi,Assistant Engineer,1998-11-29,2002-05-28
483447,Kasturi,Sethi,Senior Staff,1996-09-28,2001-06-10
483511,Tzvetan,Iwayama,Engineer,1999-04-01,9999-01-01
483522,Bezalel,Hegner,Engineer,1994-03-19,1999-01-01
483524,Danny,Mamelak,Staff,1998-10-08,9999-01-01
483526,Otmar,Lanphier,Senior Staff,1998-04-04,9999-01-01
483526,Otmar,Lanphier,Staff,1989-04-05,1998-04-04
483547,Bowen,Ulupinar,Senior Staff,1994-04-03,1999-10-21
483547,Bowen,Ulupinar,Staff,1986-04-03,1994-04-03
483550,Jagoda,Demizu,Senior Staff,1999-11-30,9999-01-01
483550,Jagoda,Demizu,Staff,1991-11-30,1999-11-30
483565,Serif,DiGiano,Engineer,1992-08-10,1998-08-10
483565,Serif,DiGiano,Senior Engineer,1998-08-10,9999-01-01
483576,Ymte,Comte,Senior Staff,1988-09-26,1989-08-29
483598,Tommaso,Tzvieli,Engineer,1986-04-17,1992-04-16
483598,Tommaso,Tzvieli,Senior Engineer,1992-04-16,9999-01-01
483616,Unal,Shinomoto,Technique Leader,1999-12-03,9999-01-01
483620,Parke,Merkl,Senior Staff,1998-09-04,9999-01-01
483659,Byong,Joslin,Assistant Engineer,1999-09-03,9999-01-01
483701,Xiadong,Iisaka,Senior Staff,1996-11-19,9999-01-01
483701,Xiadong,Iisaka,Staff,1989-11-19,1996-11-19
483718,Prodip,Limongiello,Senior Engineer,1989-01-26,9999-01-01
483719,Fumitaka,Luders,Assistant Engineer,1988-08-27,1996-08-27
483719,Fumitaka,Luders,Engineer,1996-08-27,2001-11-15
483731,Shigeichiro,Pepe,Senior Engineer,1993-06-17,2001-08-05
483748,Luigi,Dengi,Engineer,1999-12-01,9999-01-01
483753,Hugh,Flasterstein,Senior Staff,1992-01-14,9999-01-01
483765,Mamdouh,Takkinen,Senior Staff,1998-01-05,9999-01-01
483767,Amstein,Siepmann,Senior Staff,1995-10-08,9999-01-01
483767,Amstein,Siepmann,Staff,1989-10-08,1995-10-08
483785,Kitty,Furudate,Engineer,1996-05-20,2001-05-20
483785,Kitty,Furudate,Senior Engineer,2001-05-20,9999-01-01
483786,Hyuckchul,Muhlberg,Engineer,1986-12-07,1993-12-07
483786,Hyuckchul,Muhlberg,Senior Engineer,1993-12-07,9999-01-01
483823,Moon,Koblitz,Engineer,1996-08-03,9999-01-01
483831,Adib,Slutz,Staff,1996-01-02,1998-10-06
483836,George,Denti,Senior Staff,1993-09-20,9999-01-01
483836,George,Denti,Staff,1986-09-20,1993-09-20
483853,Goo,Jansen,Technique Leader,1992-09-05,9999-01-01
483861,Sampalli,Neimat,Senior Engineer,1989-02-01,1999-02-16
483863,Eirik,Marwedel,Senior Staff,2002-04-13,9999-01-01
483863,Eirik,Marwedel,Staff,1996-04-13,2002-04-13
483870,Irene,Dulli,Staff,1999-02-26,2000-01-31
483925,Ymte,Mayerwieser,Staff,1994-06-18,9999-01-01
483927,Yagil,Narlikar,Engineer,1986-08-18,1989-10-13
483962,Paddy,Auyong,Engineer,1986-01-25,1992-01-25
483962,Paddy,Auyong,Senior Engineer,1992-01-25,1993-11-19
483964,Ottavia,Kumaresan,Senior Engineer,1999-09-02,9999-01-01
483970,Dines,Stafford,Engineer,1991-11-02,1999-11-02
483970,Dines,Stafford,Senior Engineer,1999-11-02,9999-01-01
483973,Lucian,Guenter,Engineer,1996-08-09,9999-01-01
483974,Jeane,Thebaut,Staff,1997-08-20,9999-01-01
483985,Aleksandar,Piazza,Senior Staff,1986-03-18,9999-01-01
483990,Rasiah,Gladwell,Engineer,1994-12-24,9999-01-01
483997,Youssef,Sessa,Senior Staff,1999-08-08,9999-01-01
484001,Hideo,Bellone,Senior Engineer,1988-11-09,9999-01-01
484018,Shietung,Kropf,Engineer,1991-09-09,2000-09-08
484018,Shietung,Kropf,Senior Engineer,2000-09-08,9999-01-01
484019,Jianhua,DiGiano,Engineer,1991-12-06,1999-12-06
484019,Jianhua,DiGiano,Senior Engineer,1999-12-06,9999-01-01
484021,Shunichi,Geffroy,Staff,1998-07-07,9999-01-01
484032,Indrajit,Emden,Senior Staff,2000-10-07,9999-01-01
484032,Indrajit,Emden,Staff,1994-10-08,2000-10-07
484040,Ferdinand,Ferretti,Senior Engineer,1999-08-29,9999-01-01
484069,Nikolaos,Rodham,Engineer,1998-01-22,9999-01-01
484116,Hilari,Farrag,Engineer,1998-01-18,9999-01-01
484169,Xiaoheng,Feinberg,Senior Staff,1999-05-11,2001-06-15
484177,Tsvetan,Gimbel,Senior Staff,1999-03-23,9999-01-01
484177,Tsvetan,Gimbel,Staff,1994-03-23,1999-03-23
484196,Isaac,Radwan,Senior Staff,1994-02-10,9999-01-01
484196,Isaac,Radwan,Staff,1985-02-10,1994-02-10
484210,Ohad,Genther,Engineer,1998-04-23,9999-01-01
484221,Sanjai,Hemaspaandra,Senior Engineer,1989-01-06,9999-01-01
484263,Margo,Poujol,Senior Engineer,1988-08-28,9999-01-01
484288,Elgin,Bage,Senior Staff,1993-06-03,9999-01-01
484288,Elgin,Bage,Staff,1988-06-03,1993-06-03
484295,Shai,Cheshire,Staff,1997-11-25,9999-01-01
484296,Alassane,Molenaar,Senior Engineer,1999-08-15,9999-01-01
484301,Neelam,Undy,Senior Staff,2001-02-20,9999-01-01
484301,Neelam,Undy,Staff,1992-02-21,2001-02-20
484304,Shmuel,Murthy,Staff,1985-10-15,1989-11-10
484311,Aluzio,Mungall,Assistant Engineer,1997-06-14,9999-01-01
484336,Garnik,Birta,Engineer,1999-06-29,9999-01-01
484348,Saddek,Olivero,Staff,1998-08-23,9999-01-01
484370,Yuping,Reistad,Engineer,1998-06-10,9999-01-01
484372,Chinya,Ratnakar,Engineer,1995-01-08,9999-01-01
484380,Martijn,Pellegrinelli,Senior Staff,2000-10-28,9999-01-01
484380,Martijn,Pellegrinelli,Staff,1995-10-29,2000-10-28
484402,Henk,Radivojevic,Senior Engineer,1994-07-11,9999-01-01
484404,Yongqiao,Piveteau,Engineer,1991-05-15,1996-05-14
484404,Yongqiao,Piveteau,Senior Engineer,1996-05-14,9999-01-01
484417,Dung,Itzfeldt,Staff,1995-10-11,9999-01-01
484420,Nadjib,Hashii,Engineer,1995-03-16,2002-03-16
484420,Nadjib,Hashii,Senior Engineer,2002-03-16,9999-01-01
484441,Rosita,Socorro,Senior Staff,1988-05-20,9999-01-01
484449,Valeri,Alblas,Senior Staff,2002-05-04,9999-01-01
484449,Valeri,Alblas,Staff,1994-05-04,2002-05-04
484454,Tamiya,Acton,Engineer,1998-04-09,2000-05-07
484455,Hsiangchu,Perfilyeva,Staff,1997-07-18,9999-01-01
484464,Ipke,Terekhov,Senior Staff,1995-02-28,9999-01-01
484464,Ipke,Terekhov,Staff,1988-02-28,1995-02-28
484466,Percy,Restivo,Senior Engineer,1993-01-31,9999-01-01
484505,Alejandro,Pileggi,Senior Staff,1996-11-08,9999-01-01
484505,Alejandro,Pileggi,Staff,1987-11-09,1996-11-08
484530,Chaosheng,Crooks,Senior Staff,1998-02-02,9999-01-01
484530,Chaosheng,Crooks,Staff,1992-02-03,1998-02-02
484531,Siamak,Narahara,Senior Staff,1992-09-10,9999-01-01
484534,Surveyors,Harllee,Engineer,1995-07-15,2001-07-14
484534,Surveyors,Harllee,Senior Engineer,2001-07-14,9999-01-01
484564,Toshiki,Harbusch,Technique Leader,1999-10-26,9999-01-01
484575,Lucien,Rijckaert,Senior Staff,2000-06-16,9999-01-01
484575,Lucien,Rijckaert,Staff,1992-06-16,2000-06-16
484586,Remzi,DuBourdieux,Technique Leader,1987-05-03,9999-01-01
484599,Candido,Journel,Senior Staff,1994-05-05,2001-02-02
484634,Falguni,Gilg,Senior Staff,1995-11-17,9999-01-01
484634,Falguni,Gilg,Staff,1987-11-17,1995-11-17
484674,Geoffrey,Winter,Engineer,1990-04-02,1995-04-01
484674,Geoffrey,Winter,Senior Engineer,1995-04-01,9999-01-01
484680,Roddy,Fraisse,Engineer,1988-06-25,1993-06-25
484680,Roddy,Fraisse,Senior Engineer,1993-06-25,9999-01-01
484685,Lucien,Deverell,Senior Engineer,1992-09-28,9999-01-01
484717,Serge,Panangaden,Staff,1990-05-04,1992-09-13
484723,Lunjin,Ertl,Technique Leader,1999-05-25,9999-01-01
484726,Masaru,Gulla,Engineer,1993-04-26,2000-04-26
484726,Masaru,Gulla,Senior Engineer,2000-04-26,2002-01-08
484744,Basem,Perez,Engineer,1992-07-09,1993-08-20
484760,Halsur,Basart,Technique Leader,1999-02-27,9999-01-01
484770,Ranga,Perng,Assistant Engineer,1988-11-28,1996-11-28
484770,Ranga,Perng,Engineer,1996-11-28,9999-01-01
484784,Nidapan,Schmezko,Senior Staff,1985-12-19,9999-01-01
484807,Marsal,Steinauer,Senior Staff,1998-05-20,9999-01-01
484807,Marsal,Steinauer,Staff,1990-05-20,1998-05-20
484819,Mariusz,Parhami,Senior Staff,1998-10-17,9999-01-01
484819,Mariusz,Parhami,Staff,1992-10-17,1998-10-17
484828,Zhenbing,Glowinski,Engineer,1994-06-01,2000-05-31
484828,Zhenbing,Glowinski,Senior Engineer,2000-05-31,9999-01-01
484845,Arnould,Murillo,Senior Staff,1999-04-29,9999-01-01
484849,Gilbert,Angel,Assistant Engineer,2000-01-22,9999-01-01
484869,Basant,Antonisse,Engineer,1991-01-01,1996-12-31
484869,Basant,Antonisse,Senior Engineer,1996-12-31,9999-01-01
484877,Mana,Kalloufi,Engineer,1993-04-30,1998-04-30
484877,Mana,Kalloufi,Senior Engineer,1998-04-30,9999-01-01
484878,Karsten,Heiserman,Assistant Engineer,1995-03-12,2001-03-11
484878,Karsten,Heiserman,Engineer,2001-03-11,9999-01-01
484902,Erez,Piveteau,Engineer,2000-01-11,9999-01-01
484912,Weijing,Stanger,Engineer,1995-02-23,2000-02-23
484912,Weijing,Stanger,Senior Engineer,2000-02-23,9999-01-01
484924,Stabislas,Cyne,Engineer,1992-07-23,1992-08-30
484929,Make,Colorni,Senior Engineer,1999-09-06,9999-01-01
484959,Golgen,Reghbati,Senior Staff,2000-11-18,9999-01-01
484959,Golgen,Reghbati,Staff,1994-11-19,2000-11-18
484963,Jiann,Peek,Senior Staff,1994-06-14,1994-12-31
484963,Jiann,Peek,Staff,1986-06-14,1994-06-14
484976,Shai,Strandh,Engineer,1991-01-05,1997-01-04
484976,Shai,Strandh,Senior Engineer,1997-01-04,9999-01-01
484982,Valery,Czap,Staff,1999-06-22,9999-01-01
484991,Kasturi,Cromarty,Staff,1996-10-28,9999-01-01
484992,Bingning,Azuma,Engineer,1993-11-14,2000-11-14
484992,Bingning,Azuma,Senior Engineer,2000-11-14,9999-01-01
485002,Fumiyo,Matzen,Engineer,1998-07-10,9999-01-01
485016,Munehiko,Brender,Senior Engineer,1989-09-09,9999-01-01
485033,Nikolaus,Schaar,Senior Staff,1999-09-22,9999-01-01
485033,Nikolaus,Schaar,Staff,1994-09-22,1999-09-22
485040,Lorien,Bernick,Engineer,1993-06-07,1999-06-07
485040,Lorien,Bernick,Senior Engineer,1999-06-07,9999-01-01
485043,Abdelghani,Mersereau,Senior Engineer,1989-05-03,1992-06-05
485046,Pramod,Hebden,Engineer,1985-06-05,1993-06-05
485046,Pramod,Hebden,Senior Engineer,1993-06-05,9999-01-01
485070,Greger,Yemenis,Senior Staff,1989-03-21,9999-01-01
485089,Nahla,Mattern,Staff,1996-02-13,9999-01-01
485095,Ortrun,Schaad,Senior Engineer,1999-05-25,9999-01-01
485105,Theirry,Bazelow,Senior Staff,1990-09-16,9999-01-01
485105,Theirry,Bazelow,Staff,1985-09-16,1990-09-16
485116,Toshimitsu,Lowrie,Staff,1993-10-05,1998-07-30
485123,Kwangsub,Uhrig,Engineer,1993-11-25,9999-01-01
485132,Urs,Spell,Staff,1994-11-06,9999-01-01
485142,Yurij,Rousseau,Senior Staff,1996-10-25,1998-01-22
485142,Yurij,Rousseau,Staff,1991-10-26,1996-10-25
485143,Douadi,Ghemri,Senior Staff,1995-02-01,9999-01-01
485143,Douadi,Ghemri,Staff,1989-02-01,1995-02-01
485156,Mantis,Bergere,Senior Staff,1998-04-24,9999-01-01
485156,Mantis,Bergere,Staff,1992-04-24,1998-04-24
485158,Wuxu,Crelier,Engineer,1994-01-17,9999-01-01
485211,Dipankar,Deyuan,Senior Staff,2000-09-01,2001-10-11
485211,Dipankar,Deyuan,Staff,1993-09-01,2000-09-01
485224,Mingzeng,Tibblin,Senior Staff,2001-12-19,9999-01-01
485224,Mingzeng,Tibblin,Staff,1992-12-19,2001-12-19
485230,Maren,Swan,Staff,1997-12-16,9999-01-01
485233,Chuanyi,Harllee,Technique Leader,1990-02-12,9999-01-01
485234,Chaoyi,Jenevein,Senior Staff,1995-08-03,9999-01-01
485234,Chaoyi,Jenevein,Staff,1990-08-03,1995-08-03
485268,Heon,Birch,Senior Staff,1994-08-01,9999-01-01
485268,Heon,Birch,Staff,1987-08-01,1994-08-01
485281,Rosli,Miake,Engineer,1987-11-23,1992-11-22
485281,Rosli,Miake,Senior Engineer,1992-11-22,9999-01-01
485295,Takahira,Yurek,Senior Staff,1994-07-18,9999-01-01
485295,Takahira,Yurek,Staff,1989-07-18,1994-07-18
485316,Lucian,Collavizza,Assistant Engineer,1996-01-26,9999-01-01
485317,Cordelia,Miculan,Senior Staff,1993-01-14,9999-01-01
485317,Cordelia,Miculan,Staff,1987-01-15,1993-01-14
485332,Khue,Beznosov,Senior Staff,1997-06-21,9999-01-01
485332,Khue,Beznosov,Staff,1989-06-21,1997-06-21
485337,Lakshmi,Bodoff,Senior Staff,1990-03-03,9999-01-01
485345,Mark,Haumacher,Senior Staff,2002-07-29,9999-01-01
485345,Mark,Haumacher,Staff,1996-07-29,2002-07-29
485371,Hatem,Dechter,Staff,1997-04-20,9999-01-01
485392,Miquel,Magalhaes,Staff,1994-03-17,9999-01-01
485407,Conrado,Skogmar,Staff,1998-04-18,9999-01-01
485412,Aron,Schaap,Senior Staff,1993-01-11,9999-01-01
485412,Aron,Schaap,Staff,1987-01-12,1993-01-11
485464,Idoia,Lyonns,Senior Staff,1994-12-31,9999-01-01
485464,Idoia,Lyonns,Staff,1989-12-31,1994-12-31
485484,Basim,Saoudi,Engineer,1992-04-30,1998-04-30
485484,Basim,Saoudi,Senior Engineer,1998-04-30,9999-01-01
485501,Atreyi,Eiron,Engineer,1993-10-07,2001-10-07
485501,Atreyi,Eiron,Senior Engineer,2001-10-07,9999-01-01
485515,Ortrud,Cronin,Technique Leader,1996-04-26,9999-01-01
485543,Ulf,Haraldson,Senior Staff,1994-12-26,9999-01-01
485583,Nidapan,Melter,Staff,1999-10-08,9999-01-01
485605,Mack,Ishibashi,Senior Engineer,1992-08-27,9999-01-01
485619,Persi,Hopewell,Senior Staff,1998-04-12,9999-01-01
485619,Persi,Hopewell,Staff,1992-04-12,1998-04-12
485622,Akeel,Rijckaert,Engineer,1997-09-19,9999-01-01
485641,Yongmao,Atrawala,Senior Staff,1999-11-25,9999-01-01
485647,Collette,Schlenzig,Senior Staff,2000-05-07,9999-01-01
485647,Collette,Schlenzig,Staff,1995-05-08,2000-05-07
485666,Nechama,Hofmeyr,Staff,1999-09-23,2001-09-29
485679,Moty,Klyachko,Engineer,1992-10-15,1997-10-15
485679,Moty,Klyachko,Senior Engineer,1997-10-15,9999-01-01
485685,Reinhard,Samarati,Assistant Engineer,1994-10-14,1995-04-27
485698,Ghassan,Cardazo,Engineer,1990-11-02,1996-11-01
485698,Ghassan,Cardazo,Senior Engineer,1996-11-01,9999-01-01
485706,Carrsten,Gerlach,Engineer,1987-05-04,1993-05-03
485706,Carrsten,Gerlach,Senior Engineer,1993-05-03,9999-01-01
485724,Chrisa,Valiente,Senior Staff,1988-09-30,9999-01-01
485727,Mabo,Businaro,Senior Engineer,1999-02-25,9999-01-01
485737,Genta,Socorro,Engineer,1987-10-06,1996-10-05
485737,Genta,Socorro,Senior Engineer,1996-10-05,9999-01-01
485740,Danny,Serdy,Senior Engineer,1993-05-19,9999-01-01
485752,Shin,Schoegge,Staff,1994-11-26,9999-01-01
485760,Zhanqiu,Rabejac,Senior Engineer,1987-10-08,1990-05-05
485768,Akeel,Cangellaris,Technique Leader,1990-02-08,1995-10-22
485789,Naftali,Kampfer,Engineer,1991-02-23,1997-02-22
485789,Naftali,Kampfer,Senior Engineer,1997-02-22,9999-01-01
485828,Maris,Eugenio,Engineer,1992-09-15,2001-09-15
485828,Maris,Eugenio,Senior Engineer,2001-09-15,9999-01-01
485830,Shugo,Kaltofen,Senior Staff,1987-01-28,9999-01-01
485832,Nathan,Thebaut,Senior Staff,1993-11-21,9999-01-01
485832,Nathan,Thebaut,Staff,1986-11-21,1993-11-21
485840,Sariel,Naudin,Staff,1997-04-21,9999-01-01
485849,True,Shihab,Engineer,1987-09-06,1991-11-25
485851,Chaitali,Trystram,Assistant Engineer,1997-05-28,9999-01-01
485864,Alexius,Panangaden,Engineer,1995-08-18,9999-01-01
485867,Genki,Lunn,Senior Engineer,1992-12-19,9999-01-01
485887,Gully,Ghalwash,Senior Staff,1996-08-10,2002-02-19
485887,Gully,Ghalwash,Staff,1991-08-11,1996-08-10
485889,Prodip,Ozery,Engineer,1996-07-26,2001-07-26
485889,Prodip,Ozery,Senior Engineer,2001-07-26,9999-01-01
485903,Honglan,Bressoud,Senior Staff,1999-01-18,9999-01-01
485903,Honglan,Bressoud,Staff,1994-01-18,1999-01-18
485910,Marla,Rosiles,Senior Engineer,1994-03-10,9999-01-01
485915,Odysseas,Provine,Senior Staff,2000-05-15,9999-01-01
485915,Odysseas,Provine,Staff,1995-05-16,2000-05-15
485918,Odoardo,Rosch,Senior Staff,1998-11-20,9999-01-01
485918,Odoardo,Rosch,Staff,1993-11-20,1998-11-20
485920,Nalini,Engberts,Assistant Engineer,1992-10-26,1997-10-26
485920,Nalini,Engberts,Engineer,1997-10-26,9999-01-01
485935,Vivian,Clouatre,Senior Staff,1997-12-18,9999-01-01
485935,Vivian,Clouatre,Staff,1988-12-18,1997-12-18
485956,Shuji,Plavsic,Engineer,1992-05-28,2000-05-28
485956,Shuji,Plavsic,Senior Engineer,2000-05-28,9999-01-01
485958,Aiman,Clouatre,Engineer,1998-12-10,2000-01-20
485966,Mingsen,Schaad,Senior Engineer,1996-12-09,9999-01-01
485969,Shaibal,Pokrovskii,Senior Staff,1993-04-06,9999-01-01
485969,Shaibal,Pokrovskii,Staff,1988-04-06,1993-04-06
485984,Danco,Denti,Engineer,1994-12-14,1999-12-14
485984,Danco,Denti,Senior Engineer,1999-12-14,9999-01-01
485994,Serap,Heijenga,Staff,1995-02-05,9999-01-01
486013,Lubomir,Lindenbaum,Technique Leader,1995-04-15,1995-11-04
486029,Ayonca,Pettis,Senior Staff,1998-05-13,9999-01-01
486029,Ayonca,Pettis,Staff,1991-05-13,1998-05-13
486033,Fayez,Christianini,Staff,1999-04-09,9999-01-01
486053,Kannan,DuCasse,Engineer,1985-03-29,1993-03-29
486053,Kannan,DuCasse,Senior Engineer,1993-03-29,9999-01-01
486098,Martina,Speer,Technique Leader,1998-03-15,9999-01-01
486102,Arfst,Facello,Senior Staff,2001-07-29,9999-01-01
486102,Arfst,Facello,Staff,1996-07-29,2001-07-29
486106,Tetsushi,Danley,Assistant Engineer,1987-09-02,1993-09-01
486106,Tetsushi,Danley,Engineer,1993-09-01,1999-09-01
486106,Tetsushi,Danley,Senior Engineer,1999-09-01,9999-01-01
486109,Fox,Zizka,Senior Engineer,1988-04-14,1998-05-31
486116,Goh,Hennebert,Senior Staff,2001-07-22,9999-01-01
486116,Goh,Hennebert,Staff,1992-07-22,2001-07-22
486148,Branimir,Bridgland,Senior Engineer,1996-06-10,9999-01-01
486151,Aleksander,Cromarty,Senior Staff,1991-08-13,9999-01-01
486151,Aleksander,Cromarty,Staff,1985-08-13,1991-08-13
486154,Mooi,Rindone,Senior Staff,1985-06-01,9999-01-01
486156,Debaprosad,Swiler,Staff,1989-11-17,1996-07-24
486169,Martijn,Pero,Engineer,1999-04-25,9999-01-01
486178,Chikako,Levasseur,Senior Staff,1995-01-11,9999-01-01
486178,Chikako,Levasseur,Staff,1986-01-11,1995-01-11
486197,Prodip,Improta,Engineer,1991-06-20,1996-06-19
486197,Prodip,Improta,Senior Engineer,1996-06-19,9999-01-01
486204,Yongmin,Doering,Engineer,1992-06-06,1997-06-06
486204,Yongmin,Doering,Senior Engineer,1997-06-06,9999-01-01
486209,Yoshimitsu,Masaki,Engineer,1994-02-09,2000-02-09
486209,Yoshimitsu,Masaki,Senior Engineer,2000-02-09,9999-01-01
486214,Zito,Weisert,Staff,1997-06-18,9999-01-01
486228,Tze,Kisuki,Staff,1999-12-31,9999-01-01
486231,Vincent,Dichev,Engineer,1986-06-28,1993-06-28
486231,Vincent,Dichev,Senior Engineer,1993-06-28,9999-01-01
486232,Mohammed,Gammage,Senior Staff,1989-03-18,9999-01-01
486240,Khalil,Silva,Senior Staff,1986-09-10,9999-01-01
486244,Baziley,Dichev,Engineer,1990-09-20,1997-09-20
486244,Baziley,Dichev,Senior Engineer,1997-09-20,1998-05-02
486252,Bowen,Cichocki,Staff,1995-01-15,9999-01-01
486260,Goa,Ponthieu,Technique Leader,1999-03-17,9999-01-01
486275,Gilbert,Yetto,Assistant Engineer,1992-10-19,2001-01-31
486281,Ayonca,Lorch,Senior Staff,1987-07-27,9999-01-01
486293,Sadok,Broomell,Engineer,1995-03-13,2001-03-12
486293,Sadok,Broomell,Senior Engineer,2001-03-12,9999-01-01
486299,Bluma,Roison,Senior Staff,2002-03-21,9999-01-01
486299,Bluma,Roison,Staff,1994-03-21,2002-03-21
486343,Subhrajyoti,Borstler,Engineer,1996-03-10,9999-01-01
486348,Shridhar,Norsworthy,Engineer,1997-03-09,9999-01-01
486369,Janche,Gomatam,Staff,1998-05-08,9999-01-01
486371,Mara,Dusink,Engineer,1986-09-19,1994-09-19
486371,Mara,Dusink,Senior Engineer,1994-09-19,9999-01-01
486382,Steen,Anick,Senior Engineer,1992-08-26,1998-06-14
486396,Emran,Claffy,Engineer,1987-12-18,1994-12-18
486396,Emran,Claffy,Senior Engineer,1994-12-18,9999-01-01
486414,Bernt,Pokrovskii,Senior Staff,1994-07-23,9999-01-01
486414,Bernt,Pokrovskii,Staff,1988-07-23,1994-07-23
486435,Geoffrey,Gladwell,Senior Staff,1988-05-19,9999-01-01
486447,Abdelaziz,Heydon,Engineer,1985-11-30,1992-11-30
486447,Abdelaziz,Heydon,Senior Engineer,1992-11-30,9999-01-01
486475,Naftaly,Perng,Senior Staff,1988-01-24,9999-01-01
486492,Jinya,Demeyer,Technique Leader,1985-02-21,9999-01-01
486495,Rosalie,Demri,Engineer,1999-01-19,9999-01-01
486501,Barun,Talmon,Engineer,1995-02-26,2000-02-26
486501,Barun,Talmon,Senior Engineer,2000-02-26,9999-01-01
486511,Manohar,Schlenzig,Senior Staff,1997-09-25,9999-01-01
486534,Martijn,Hiroyama,Senior Staff,1991-05-13,9999-01-01
486547,Nevin,Dengi,Staff,1998-09-21,9999-01-01
486551,Visit,Verhaegen,Staff,1998-09-11,9999-01-01
486557,Arve,Erde,Staff,1994-12-12,9999-01-01
486563,Byong,Merkl,Senior Engineer,1986-11-24,1999-04-19
486577,Chinho,Luef,Senior Staff,1985-07-27,9999-01-01
486585,Mahendra,Litzler,Senior Staff,2000-07-26,9999-01-01
486585,Mahendra,Litzler,Staff,1992-07-26,2000-07-26
486599,Phillip,Alpay,Assistant Engineer,1996-01-29,2002-01-28
486599,Phillip,Alpay,Engineer,2002-01-28,9999-01-01
486610,Eben,Bolotov,Engineer,1995-12-01,2001-11-30
486610,Eben,Bolotov,Senior Engineer,2001-11-30,9999-01-01
486616,Dante,Krychniak,Senior Engineer,1988-02-19,9999-01-01
486627,Tomofumi,Dalphin,Engineer,1997-09-18,9999-01-01
486629,Marsja,Michaeli,Staff,1997-03-04,9999-01-01
486643,Mahmut,Heuser,Senior Staff,1998-11-26,9999-01-01
486643,Mahmut,Heuser,Staff,1992-11-26,1998-11-26
486648,Bokyung,Paciorek,Senior Staff,2002-07-11,9999-01-01
486648,Bokyung,Paciorek,Staff,1993-07-11,2002-07-11
486652,Chaitali,Kieras,Senior Staff,1985-05-25,9999-01-01
486659,Takahiro,Makrucki,Staff,1996-08-29,1998-06-17
486660,Tadahiro,Magliocco,Staff,1998-01-25,9999-01-01
486685,Amalendu,Rijsenbrij,Engineer,1998-03-11,9999-01-01
486686,Satoru,Beerel,Staff,1996-11-04,9999-01-01
486700,Fen,Vesna,Senior Engineer,1997-05-08,9999-01-01
486712,Jingling,Zirintsis,Senior Staff,1998-06-13,9999-01-01
486712,Jingling,Zirintsis,Staff,1993-06-13,1998-06-13
486727,Przemyslawa,Pusterhofer,Senior Staff,1994-05-28,2001-03-30
486727,Przemyslawa,Pusterhofer,Staff,1989-05-28,1994-05-28
486756,Vasilii,Provine,Engineer,1985-10-14,1994-10-14
486756,Vasilii,Provine,Senior Engineer,1994-10-14,9999-01-01
486772,Cristinel,Speer,Technique Leader,1986-03-22,9999-01-01
486791,Paddy,Butterworth,Engineer,1991-07-10,2000-07-09
486791,Paddy,Butterworth,Senior Engineer,2000-07-09,2001-07-03
486799,Bader,Chorvat,Assistant Engineer,1992-01-31,2001-01-30
486799,Bader,Chorvat,Engineer,2001-01-30,9999-01-01
486803,Kristof,Marchegay,Senior Staff,1995-02-13,1999-01-21
486805,Shahar,Cmelik,Engineer,1989-09-17,1996-09-17
486805,Shahar,Cmelik,Senior Engineer,1996-09-17,9999-01-01
486842,Manu,Segond,Senior Staff,1996-04-10,9999-01-01
486842,Manu,Segond,Staff,1989-04-10,1996-04-10
486852,Huai,Manders,Engineer,1998-11-13,9999-01-01
486859,Kish,Mersereau,Staff,1998-06-04,2001-08-16
486885,Ortrun,Heydon,Assistant Engineer,1988-09-30,1994-09-30
486885,Ortrun,Heydon,Engineer,1994-09-30,2000-09-29
486885,Ortrun,Heydon,Senior Engineer,2000-09-29,9999-01-01
486907,Roded,Boyle,Senior Staff,1995-07-03,9999-01-01
486907,Roded,Boyle,Staff,1988-07-02,1995-07-03
486912,Sudharsan,Knightly,Senior Staff,1992-05-27,9999-01-01
486912,Sudharsan,Knightly,Staff,1987-05-28,1992-05-27
486924,Kiam,Heijenga,Senior Staff,2000-04-18,9999-01-01
486924,Kiam,Heijenga,Staff,1993-04-18,2000-04-18
486948,Junsik,Ghazalie,Engineer,1995-05-18,2000-05-17
486948,Junsik,Ghazalie,Senior Engineer,2000-05-17,9999-01-01
486959,Fei,Cunliffe,Senior Engineer,1999-01-05,9999-01-01
486960,Irena,Lortz,Senior Staff,2001-11-19,9999-01-01
486960,Irena,Lortz,Staff,1992-11-19,2001-11-19
486979,Ottavia,Pehl,Senior Engineer,1992-04-03,9999-01-01
486985,Kwangho,Slutz,Staff,1990-01-10,1993-08-20
486987,Oldrich,Gimbel,Senior Staff,1997-11-03,9999-01-01
486998,Roddy,Pintelas,Staff,1999-11-24,9999-01-01
487022,Zhiguo,Baezner,Engineer,2000-01-13,9999-01-01
487031,Ger,Prochazka,Staff,1997-02-02,9999-01-01
487033,Shan,Rabejac,Senior Staff,1994-06-26,9999-01-01
487033,Shan,Rabejac,Staff,1989-06-26,1994-06-26
487034,Sashi,Herber,Senior Engineer,1994-08-03,9999-01-01
487036,Hirochika,Worfolk,Senior Staff,2001-01-05,9999-01-01
487036,Hirochika,Worfolk,Staff,1993-01-05,2001-01-05
487043,Yoshimitsu,Lammel,Senior Staff,1999-04-24,9999-01-01
487043,Yoshimitsu,Lammel,Staff,1991-04-24,1999-04-24
487057,Franziska,Kemmerer,Engineer,1985-10-22,1992-10-22
487057,Franziska,Kemmerer,Senior Engineer,1992-10-22,9999-01-01
487061,Christfried,Bierbaum,Senior Staff,1992-09-03,9999-01-01
487064,Leszek,Berztiss,Senior Staff,1989-03-28,9999-01-01
487072,Jouko,Rosca,Engineer,1987-04-16,1995-04-16
487072,Jouko,Rosca,Senior Engineer,1995-04-16,9999-01-01
487077,Yinlin,Szemeredi,Senior Engineer,1993-12-25,9999-01-01
487080,Shaowen,Baaleh,Senior Staff,2000-11-08,9999-01-01
487080,Shaowen,Baaleh,Staff,1992-11-08,2000-11-08
487095,Jagoda,Cangellaris,Assistant Engineer,1988-02-23,1995-02-23
487095,Jagoda,Cangellaris,Engineer,1995-02-23,2002-02-23
487095,Jagoda,Cangellaris,Senior Engineer,2002-02-23,9999-01-01
487105,Mahmut,Georgatos,Senior Staff,1996-10-08,9999-01-01
487105,Mahmut,Georgatos,Staff,1991-10-09,1996-10-08
487115,Nechama,Hashii,Senior Staff,1998-12-01,9999-01-01
487116,Mostafa,Unno,Senior Staff,2001-10-14,9999-01-01
487116,Mostafa,Unno,Staff,1992-10-14,2001-10-14
487120,Martijn,Cappello,Staff,1996-06-05,9999-01-01
487137,Aimee,Versino,Engineer,1994-11-12,9999-01-01
487141,Martial,Penz,Engineer,1998-10-11,2001-09-29
487145,Weiye,Gonthier,Technique Leader,1987-12-11,9999-01-01
487147,Fusako,Kavanagh,Staff,1998-12-31,1999-05-24
487158,Sukumar,Coorg,Senior Engineer,1989-12-09,9999-01-01
487174,Neelam,Rissanen,Senior Staff,1991-10-27,1994-01-10
487174,Neelam,Rissanen,Staff,1985-10-27,1991-10-27
487181,Ipke,Rajaraman,Senior Staff,1998-06-21,9999-01-01
487181,Ipke,Rajaraman,Staff,1992-06-21,1998-06-21
487184,Mototsugu,Gladwell,Senior Staff,1999-07-24,9999-01-01
487184,Mototsugu,Gladwell,Staff,1994-07-24,1999-07-24
487187,Tomofumi,Karlin,Senior Engineer,1985-11-12,1991-11-04
487199,Evgueni,Lukaszewicz,Engineer,1996-09-13,9999-01-01
487200,Roselyn,Cronau,Senior Staff,1998-01-20,9999-01-01
487200,Roselyn,Cronau,Staff,1989-01-20,1998-01-20
487210,Slavian,Renear,Staff,1997-12-21,9999-01-01
487281,Percy,Casperson,Engineer,1998-09-10,9999-01-01
487289,Lidong,Liedekerke,Staff,1996-10-26,9999-01-01
487305,Jiang,Peng,Technique Leader,1993-08-19,9999-01-01
487309,Debaprosad,Gill,Engineer,1988-06-18,1989-11-14
487326,Piyush,Bellone,Engineer,1985-04-08,1994-04-08
487326,Piyush,Bellone,Senior Engineer,1994-04-08,9999-01-01
487327,Geoffrey,Thombley,Engineer,1998-07-26,9999-01-01
487345,Lijia,Limongiello,Senior Engineer,1993-09-14,9999-01-01
487376,Younwoo,Rajaraman,Assistant Engineer,1989-11-03,1994-11-03
487376,Younwoo,Rajaraman,Engineer,1994-11-03,1999-11-03
487376,Younwoo,Rajaraman,Senior Engineer,1999-11-03,9999-01-01
487383,Anyuan,Streng,Staff,1997-02-19,9999-01-01
487395,Fan,Garigliano,Engineer,1996-06-29,1996-07-12
487407,Basil,Majewski,Staff,1998-07-06,1999-11-24
487425,Shimshon,Biron,Senior Engineer,1988-02-11,9999-01-01
487432,Marin,Mapelli,Staff,1999-07-03,2000-04-29
487448,Rutger,Poulakidas,Engineer,1986-02-21,1995-02-21
487448,Rutger,Poulakidas,Senior Engineer,1995-02-21,9999-01-01
487449,Hidekazu,Baaleh,Senior Staff,1994-08-09,9999-01-01
487452,Faiza,Muniz,Senior Staff,1991-07-24,9999-01-01
487452,Faiza,Muniz,Staff,1986-07-24,1991-07-24
487460,Toong,Mitchem,Engineer,1986-02-05,1991-02-05
487460,Toong,Mitchem,Senior Engineer,1991-02-05,9999-01-01
487461,Sachin,Hennings,Senior Staff,1985-03-24,9999-01-01
487497,Arvind,Bouloucos,Staff,1999-07-27,9999-01-01
487500,Rosine,Weisert,Staff,1999-05-07,9999-01-01
487516,Kwee,Berstel,Senior Engineer,1999-06-15,9999-01-01
487528,Shooichi,Stroustrup,Senior Staff,1994-12-12,9999-01-01
487534,Subbu,Wegerle,Senior Engineer,1986-04-07,9999-01-01
487537,Willard,Zeleznik,Senior Staff,1999-02-28,9999-01-01
487537,Willard,Zeleznik,Staff,1993-02-28,1999-02-28
487539,Pintsang,Ballarin,Senior Staff,1985-11-15,1992-01-30
487540,Peer,Baer,Staff,1997-02-20,9999-01-01
487544,Chaoyi,Varker,Senior Engineer,1997-05-13,9999-01-01
487581,Berna,Murtafg,Staff,1999-04-22,9999-01-01
487596,Shuky,Belinskaya,Engineer,1990-05-11,1999-05-11
487596,Shuky,Belinskaya,Senior Engineer,1999-05-11,9999-01-01
487616,Zine,Birnbaum,Staff,1997-09-17,9999-01-01
487634,Fan,Mondadori,Engineer,1987-03-13,1992-03-12
487634,Fan,Mondadori,Senior Engineer,1992-03-12,9999-01-01
487635,Ingemar,Lamparter,Staff,1998-12-29,9999-01-01
487643,Jagoda,Buchter,Engineer,1985-02-03,1992-02-04
487643,Jagoda,Buchter,Senior Engineer,1992-02-04,9999-01-01
487656,Chirstian,Monarch,Engineer,1990-11-08,1999-11-08
487656,Chirstian,Monarch,Senior Engineer,1999-11-08,9999-01-01
487669,Kazuhito,Schapire,Staff,1995-02-04,9999-01-01
487693,Van,Perly,Senior Staff,1988-08-31,9999-01-01
487698,Shim,Madeira,Engineer,1996-03-23,9999-01-01
487702,Hyuncheol,Cincotta,Staff,1997-10-16,9999-01-01
487708,Fumiko,Mawatari,Senior Engineer,1988-10-08,1990-10-18
487711,Khatoun,Birta,Staff,1997-12-29,9999-01-01
487714,Ugo,Rehfuss,Senior Staff,1993-10-26,9999-01-01
487714,Ugo,Rehfuss,Staff,1988-10-26,1993-10-26
487716,Hercules,Chachaty,Senior Staff,1996-11-29,9999-01-01
487716,Hercules,Chachaty,Staff,1991-11-30,1996-11-29
487729,Ult,Heyers,Engineer,1995-08-31,9999-01-01
487741,Szabolcs,Savasere,Staff,1986-08-17,1989-04-16
487751,Aimee,Bierman,Senior Engineer,1991-07-31,9999-01-01
487752,Foong,Kaminger,Senior Engineer,1987-03-29,9999-01-01
487757,Pascal,Ramamoorthy,Senior Staff,1993-01-02,9999-01-01
487757,Pascal,Ramamoorthy,Staff,1986-01-02,1993-01-02
487771,Alain,Basart,Technique Leader,1993-07-21,9999-01-01
487793,Abdulla,Goodrum,Senior Engineer,1988-04-27,9999-01-01
487838,Yechiam,Godskesen,Engineer,1992-06-25,2000-06-25
487838,Yechiam,Godskesen,Senior Engineer,2000-06-25,9999-01-01
487846,Yonghoan,Griswold,Engineer,1999-04-08,9999-01-01
487850,Kristof,Zedlitz,Senior Engineer,1995-06-14,9999-01-01
487855,IEEE,Ranst,Engineer,1999-09-07,9999-01-01
487861,Ashish,Suwa,Senior Staff,1989-03-06,9999-01-01
487865,Sivanarayana,Hanabata,Staff,1999-05-13,9999-01-01
487874,Aamer,Schoegge,Engineer,1999-07-04,9999-01-01
487879,Yongmao,Fritzsche,Senior Staff,1992-10-15,9999-01-01
487879,Yongmao,Fritzsche,Staff,1987-10-16,1992-10-15
487895,Adhemar,Guardalben,Staff,2000-01-04,9999-01-01
487899,Berhard,Arlazarov,Senior Engineer,1991-02-09,2001-01-16
487922,Berhard,Shimshoni,Engineer,1989-05-31,1994-05-31
487922,Berhard,Shimshoni,Senior Engineer,1994-05-31,9999-01-01
487930,Bartek,Henders,Senior Staff,1998-08-21,9999-01-01
487930,Bartek,Henders,Staff,1992-08-21,1998-08-21
487935,Martine,Barriga,Senior Staff,1993-02-12,1998-11-02
487935,Martine,Barriga,Staff,1986-02-12,1993-02-12
487947,Ung,Halloran,Engineer,1996-06-22,2002-06-22
487947,Ung,Halloran,Senior Engineer,2002-06-22,9999-01-01
487951,Shuichi,Plessier,Senior Staff,1995-09-18,9999-01-01
487951,Shuichi,Plessier,Staff,1986-09-18,1995-09-18
487955,Ebru,Borovoy,Senior Engineer,1985-10-16,1989-10-20
487971,Parke,Riexinger,Senior Staff,1999-02-27,9999-01-01
487989,Duangkaew,Osgood,Engineer,1989-08-03,1996-08-03
487989,Duangkaew,Osgood,Senior Engineer,1996-08-03,1998-12-04
487999,Kamran,Garnier,Engineer,1993-05-16,1999-05-16
487999,Kamran,Garnier,Senior Engineer,1999-05-16,9999-01-01
488020,Ferdinand,Lortz,Engineer,1990-10-15,1995-10-15
488020,Ferdinand,Lortz,Senior Engineer,1995-10-15,9999-01-01
488025,Seongbin,Yemenis,Engineer,1989-04-23,1997-04-23
488025,Seongbin,Yemenis,Senior Engineer,1997-04-23,9999-01-01
488030,Gina,Homond,Senior Staff,1996-04-19,2001-04-20
488030,Gina,Homond,Staff,1991-04-20,1996-04-19
488033,Arra,Kambil,Engineer,1998-07-02,9999-01-01
488040,Carrsten,Koprowski,Senior Staff,1999-02-01,9999-01-01
488075,Gaetan,Terwilliger,Senior Engineer,1994-10-08,9999-01-01
488076,Prasadram,Morrey,Engineer,1997-01-09,1998-03-20
488089,Christoper,Tsukuda,Staff,1995-04-05,9999-01-01
488092,Vishwani,Butner,Senior Staff,1995-12-07,9999-01-01
488092,Vishwani,Butner,Staff,1987-12-07,1995-12-07
488112,Turgut,DiGiano,Assistant Engineer,1994-11-02,9999-01-01
488113,Kasidit,Gammage,Engineer,1994-01-07,1999-01-07
488113,Kasidit,Gammage,Senior Engineer,1999-01-07,9999-01-01
488116,Sarita,Cyre,Engineer,1989-04-20,1996-04-20
488116,Sarita,Cyre,Senior Engineer,1996-04-20,9999-01-01
488130,Anwar,Ravishankar,Engineer,1995-10-13,9999-01-01
488135,Sudhanshu,Kieras,Engineer,1991-07-01,1996-12-16
488171,Jianwen,Plessier,Staff,1986-09-08,1990-09-09
488205,Marsal,Bellone,Staff,1997-05-30,9999-01-01
488238,Lillian,Sooriamurthi,Senior Engineer,1995-04-19,9999-01-01
488243,Akemi,Selvestrel,Engineer,1997-10-07,9999-01-01
488262,Boaz,Lorys,Engineer,1990-11-07,1997-11-07
488262,Boaz,Lorys,Senior Engineer,1997-11-07,9999-01-01
488295,Brigham,Kavraki,Staff,1995-10-29,9999-01-01
488313,Murthy,Erva,Senior Staff,1999-05-18,9999-01-01
488313,Murthy,Erva,Staff,1994-05-18,1999-05-18
488319,Rutger,Vasanthakumar,Staff,1997-12-31,9999-01-01
488330,Tadahiko,Lammel,Engineer,1999-07-15,1999-11-01
488342,Paraskevi,Benzaken,Engineer,1991-02-03,1997-02-02
488342,Paraskevi,Benzaken,Senior Engineer,1997-02-02,9999-01-01
488355,Navin,Kugler,Engineer,1992-08-04,1998-08-04
488355,Navin,Kugler,Senior Engineer,1998-08-04,9999-01-01
488370,Chenyi,Meriste,Staff,1992-06-24,1998-10-10
488385,Ulf,Serra,Staff,1991-11-30,1993-03-26
488392,Gor,Tempesti,Technique Leader,1990-04-05,9999-01-01
488399,Xiping,Veevers,Assistant Engineer,1997-07-03,9999-01-01
488406,Demos,Kumaresan,Senior Staff,1998-08-03,9999-01-01
488406,Demos,Kumaresan,Staff,1989-08-03,1998-08-03
488430,Kannan,Turnbull,Staff,1994-05-01,9999-01-01
488441,Giordano,Hitomi,Assistant Engineer,1999-08-22,9999-01-01
488454,Qiwen,Kavanagh,Assistant Engineer,1997-07-21,9999-01-01
488455,Thodoros,Senzako,Engineer,1994-10-12,9999-01-01
488459,Anwar,Lores,Senior Staff,1994-01-04,1995-10-03
488459,Anwar,Lores,Staff,1987-01-04,1994-01-04
488501,Ayonca,Ligten,Engineer,1991-11-19,1997-11-18
488501,Ayonca,Ligten,Senior Engineer,1997-11-18,9999-01-01
488568,Marsal,Basagni,Staff,1990-06-24,1995-05-02
488573,Jamaludin,Hutter,Staff,1996-01-14,1996-12-12
488578,Leaf,Emiris,Engineer,1991-07-05,1998-07-05
488578,Leaf,Emiris,Senior Engineer,1998-07-05,9999-01-01
488602,Danai,Manders,Staff,1999-12-30,9999-01-01
488611,Uri,Sudbeck,Engineer,1988-01-21,1995-01-21
488611,Uri,Sudbeck,Senior Engineer,1995-01-21,9999-01-01
488613,Zhonghui,Papadias,Engineer,1997-06-19,2001-04-05
488664,Eldridge,Badr,Senior Staff,1999-10-06,9999-01-01
488664,Eldridge,Badr,Staff,1993-10-06,1999-10-06
488665,Neelam,Miculan,Assistant Engineer,1988-04-29,1996-04-29
488665,Neelam,Miculan,Engineer,1996-04-29,9999-01-01
488722,Junsik,Magalhaes,Engineer,2000-01-19,9999-01-01
488762,Holgard,Hoogerwoord,Staff,1995-09-05,9999-01-01
488765,Yishay,Erni,Senior Staff,1995-05-06,9999-01-01
488765,Yishay,Erni,Staff,1986-05-06,1995-05-06
488772,Zhensheng,Silva,Engineer,1992-12-15,1998-12-15
488772,Zhensheng,Silva,Senior Engineer,1998-12-15,9999-01-01
488777,Uzi,Lanphier,Engineer,1985-10-22,1994-10-22
488777,Uzi,Lanphier,Senior Engineer,1994-10-22,9999-01-01
488797,Teiji,Levasseur,Engineer,1992-07-02,1998-07-02
488797,Teiji,Levasseur,Senior Engineer,1998-07-02,9999-01-01
488804,Tua,Gill,Engineer,1989-07-22,1990-08-15
488828,Zhensheng,Glowinski,Senior Engineer,1997-11-26,9999-01-01
488831,Yoshimitsu,Paludetto,Engineer,1987-05-27,1995-05-27
488831,Yoshimitsu,Paludetto,Senior Engineer,1995-05-27,9999-01-01
488840,Claudi,Pillow,Senior Staff,1989-12-15,9999-01-01
488851,Martijn,Thisen,Engineer,1996-01-08,9999-01-01
488861,Arie,Luft,Assistant Engineer,1992-11-17,2001-11-17
488861,Arie,Luft,Engineer,2001-11-17,9999-01-01
488892,Conal,Otillio,Senior Staff,1999-04-12,9999-01-01
488892,Conal,Otillio,Staff,1990-04-12,1999-04-12
488902,Unal,Barinka,Engineer,1992-01-25,1998-01-24
488902,Unal,Barinka,Senior Engineer,1998-01-24,9999-01-01
488921,True,Malabarba,Assistant Engineer,1998-06-18,9999-01-01
488926,Babette,Kaiser,Staff,1996-05-25,9999-01-01
488933,Aemilian,Cooley,Engineer,1992-08-18,1996-12-30
488934,Stevo,Kohling,Senior Staff,1992-01-29,9999-01-01
488945,Rajmohan,Versino,Assistant Engineer,1991-05-07,1998-11-04
488954,Gaurav,Jeansoulin,Engineer,1993-05-21,2002-05-21
488954,Gaurav,Jeansoulin,Senior Engineer,2002-05-21,9999-01-01
488960,Nishit,Perri,Technique Leader,1990-01-28,9999-01-01
488990,Sajjad,Tanemo,Engineer,1994-05-06,1999-05-06
488990,Sajjad,Tanemo,Senior Engineer,1999-05-06,9999-01-01
488999,Toshiki,Lund,Technique Leader,1994-03-22,1998-10-20
489009,Sanjay,Muchinsky,Senior Staff,1991-05-11,1992-02-07
489012,Murthy,Gecsel,Technique Leader,1993-12-13,9999-01-01
489018,Paraskevi,Vesel,Engineer,1986-10-10,1992-10-09
489018,Paraskevi,Vesel,Senior Engineer,1992-10-09,9999-01-01
489030,Tze,Baar,Technique Leader,1993-10-09,1993-11-05
489045,Vasiliy,Babb,Engineer,1988-12-14,1995-12-15
489045,Vasiliy,Babb,Senior Engineer,1995-12-15,9999-01-01
489069,Jeane,Delgrange,Senior Staff,2002-02-23,9999-01-01
489069,Jeane,Delgrange,Staff,1997-02-23,2002-02-23
489070,Hinrich,Peng,Senior Engineer,1992-10-10,9999-01-01
489071,Zijian,Bugaenko,Senior Staff,2000-08-06,9999-01-01
489071,Zijian,Bugaenko,Staff,1991-08-07,2000-08-06
489084,Shuky,Shigei,Engineer,1990-07-20,1997-07-20
489084,Shuky,Shigei,Senior Engineer,1997-07-20,9999-01-01
489102,Niclas,Parhami,Engineer,1989-10-06,1994-10-06
489102,Niclas,Parhami,Senior Engineer,1994-10-06,1995-11-17
489109,Margareta,Vilarrasa,Technique Leader,1991-11-28,9999-01-01
489111,Shunichi,McClurg,Engineer,1994-03-28,1999-03-28
489111,Shunichi,McClurg,Senior Engineer,1999-03-28,9999-01-01
489122,Kazuhisa,Middleton,Senior Staff,1995-10-15,9999-01-01
489122,Kazuhisa,Middleton,Staff,1989-10-15,1995-10-15
489131,Gift,Hofmeyr,Senior Engineer,1997-01-07,9999-01-01
489133,Teruyuki,Koblick,Assistant Engineer,1996-01-18,9999-01-01
489164,Heping,Haraldson,Technique Leader,1998-10-15,9999-01-01
489174,Boaz,Vesel,Staff,1999-12-08,9999-01-01
489184,Margo,Ciolek,Senior Staff,1994-07-12,9999-01-01
489184,Margo,Ciolek,Staff,1988-07-12,1994-07-12
489186,Berry,Bratsberg,Staff,1986-02-27,1986-09-19
489190,Shim,Lagarias,Senior Staff,2001-08-06,9999-01-01
489190,Shim,Lagarias,Staff,1992-08-06,2001-08-06
489192,Giao,Stanger,Senior Staff,1997-01-02,9999-01-01
489192,Giao,Stanger,Staff,1988-01-03,1997-01-02
489210,Atilio,Rosen,Technique Leader,1998-05-09,9999-01-01
489235,Thodoros,Grabner,Technique Leader,1998-06-14,9999-01-01
489240,Petter,Dayang,Engineer,1989-07-03,1997-07-03
489240,Petter,Dayang,Senior Engineer,1997-07-03,9999-01-01
489254,Tonny,Coors,Senior Staff,1998-11-14,9999-01-01
489254,Tonny,Coors,Staff,1992-11-14,1998-11-14
489306,Odysseas,Openshaw,Senior Staff,1996-04-30,9999-01-01
489306,Odysseas,Openshaw,Staff,1989-04-30,1996-04-30
489309,Bartek,Streng,Senior Staff,2000-09-28,9999-01-01
489309,Bartek,Streng,Staff,1993-09-28,2000-09-28
489311,Masali,Driscoll,Senior Staff,1997-07-15,9999-01-01
489311,Masali,Driscoll,Staff,1991-07-16,1997-07-15
489327,Bojan,Jenevein,Senior Engineer,1996-06-25,9999-01-01
489336,Yurij,Heinisuo,Engineer,1987-10-02,1992-10-01
489336,Yurij,Heinisuo,Senior Engineer,1992-10-01,9999-01-01
489344,Vatsa,Beetstra,Senior Engineer,1996-07-24,9999-01-01
489354,Lijia,Litvinov,Senior Staff,2000-03-17,9999-01-01
489354,Lijia,Litvinov,Staff,1993-03-17,2000-03-17
489362,Yuqun,Streit,Senior Staff,1998-02-17,9999-01-01
489362,Yuqun,Streit,Staff,1991-02-17,1998-02-17
489364,Hitofumi,Munck,Engineer,1987-10-02,1992-10-01
489364,Hitofumi,Munck,Senior Engineer,1992-10-01,1996-02-02
489376,Maya,Stemann,Engineer,1986-08-30,1995-08-30
489376,Maya,Stemann,Senior Engineer,1995-08-30,9999-01-01
489378,Yakkov,Hiraishi,Assistant Engineer,1985-11-15,1992-11-15
489378,Yakkov,Hiraishi,Engineer,1992-11-15,1999-11-16
489378,Yakkov,Hiraishi,Senior Engineer,1999-11-16,9999-01-01
489380,Leon,Baaleh,Engineer,1996-11-22,9999-01-01
489402,Lorien,Hainaut,Senior Engineer,1988-09-27,9999-01-01
489412,Guttorm,Mateescu,Engineer,1994-11-19,2001-11-19
489412,Guttorm,Mateescu,Senior Engineer,2001-11-19,9999-01-01
489429,Kazuhira,Rijsenbrij,Engineer,1988-03-23,1997-03-23
489429,Kazuhira,Rijsenbrij,Senior Engineer,1997-03-23,9999-01-01
489435,Limsoon,Haldar,Staff,1994-09-24,1995-10-16
489458,Duangkaew,Egerstedt,Staff,1993-10-08,9999-01-01
489474,Xiong,Scallan,Engineer,1985-05-06,1990-05-06
489474,Xiong,Scallan,Senior Engineer,1990-05-06,9999-01-01
489476,Siamak,Teitelbaum,Senior Staff,1986-05-25,9999-01-01
489479,Kwee,Trogemann,Staff,1999-03-06,9999-01-01
489488,Franziska,Kaltofen,Senior Engineer,1998-12-31,9999-01-01
489494,Weiyi,Berztiss,Engineer,1991-10-20,2000-10-19
489494,Weiyi,Berztiss,Senior Engineer,2000-10-19,9999-01-01
489552,Kousuke,Hartvigsen,Staff,1993-03-08,1997-01-14
489557,Shaowei,Nittel,Senior Staff,1996-08-08,9999-01-01
489588,Berhard,Flexer,Engineer,1994-05-08,9999-01-01
489597,Roded,Bauknecht,Senior Staff,1992-11-04,9999-01-01
489639,Frederique,Antonakopoulos,Senior Staff,1994-05-06,9999-01-01
489639,Frederique,Antonakopoulos,Staff,1986-05-06,1994-05-06
489655,Abdulla,Lagarias,Senior Staff,1991-05-21,9999-01-01
489667,Thanasis,Dehkordi,Senior Staff,1999-02-24,9999-01-01
489667,Thanasis,Dehkordi,Staff,1993-02-24,1999-02-24
489686,Naftaly,Bael,Staff,1998-07-30,9999-01-01
489696,Demin,Rodiger,Engineer,1997-04-22,9999-01-01
489711,Mikhail,Cunliffe,Engineer,1993-05-16,2001-05-16
489711,Mikhail,Cunliffe,Senior Engineer,2001-05-16,9999-01-01
489724,Jahangir,Kading,Senior Staff,1998-06-19,9999-01-01
489724,Jahangir,Kading,Staff,1993-06-19,1998-06-19
489738,Khun,Kambil,Senior Engineer,1993-01-01,9999-01-01
489743,Youpyo,Benveniste,Staff,1994-11-21,1997-01-29
489744,Zissis,Smailagic,Senior Staff,1995-04-15,9999-01-01
489744,Zissis,Smailagic,Staff,1990-04-15,1995-04-15
489781,Leif,Shinomoto,Engineer,1991-03-06,1996-03-05
489781,Leif,Shinomoto,Senior Engineer,1996-03-05,9999-01-01
489787,Khatoun,Preusig,Engineer,1994-05-09,2002-05-09
489787,Khatoun,Preusig,Senior Engineer,2002-05-09,9999-01-01
489812,Mihalis,Gulla,Assistant Engineer,1993-02-02,1999-02-02
489812,Mihalis,Gulla,Engineer,1999-02-02,9999-01-01
489819,Bezalel,Sigstam,Senior Staff,1995-05-11,9999-01-01
489819,Bezalel,Sigstam,Staff,1986-05-11,1995-05-11
489824,Ute,Detkin,Engineer,1999-03-08,9999-01-01
489826,Tuval,Cusworth,Senior Staff,1994-12-07,9999-01-01
489826,Tuval,Cusworth,Staff,1987-12-07,1994-12-07
489833,Gen,Broder,Engineer,1999-01-14,9999-01-01
489838,Maria,Makinen,Engineer,1992-11-04,1998-11-04
489838,Maria,Makinen,Senior Engineer,1998-11-04,9999-01-01
489840,Shaz,Solares,Staff,1995-03-07,9999-01-01
489856,Qingxiang,Gien,Engineer,1991-05-21,2000-05-20
489856,Qingxiang,Gien,Senior Engineer,2000-05-20,9999-01-01
489866,Zhigen,Niizuma,Senior Staff,1991-11-25,9999-01-01
489866,Zhigen,Niizuma,Staff,1986-11-25,1991-11-25
489910,Anyuan,Sevcikova,Engineer,1991-09-05,1997-09-04
489910,Anyuan,Sevcikova,Senior Engineer,1997-09-04,9999-01-01
489913,Padma,DuCasse,Staff,1988-10-27,1991-05-08
489934,Alois,Anick,Senior Staff,1999-02-24,9999-01-01
489934,Alois,Anick,Staff,1991-02-24,1999-02-24
489941,JiYoung,Peres,Engineer,1995-09-24,2001-09-23
489941,JiYoung,Peres,Senior Engineer,2001-09-23,9999-01-01
489942,Rosine,Ranta,Senior Engineer,1994-03-15,9999-01-01
489945,Udo,Stellhorn,Senior Staff,1995-10-27,9999-01-01
489948,Zhenbing,Christ,Senior Engineer,1991-07-11,9999-01-01
489997,Apostol,Openshaw,Engineer,1987-02-28,1992-02-28
489997,Apostol,Openshaw,Senior Engineer,1992-02-28,9999-01-01
490021,Trygve,Nicolson,Staff,1995-08-22,9999-01-01
490025,Aluzio,Lung,Engineer,1986-03-07,1991-03-07
490025,Aluzio,Lung,Senior Engineer,1991-03-07,9999-01-01
490026,Xiaopeng,Jording,Staff,1988-09-09,1990-12-14
490027,Gererd,Pietracaprina,Engineer,1998-03-01,9999-01-01
490035,Irene,Shimshoni,Engineer,1990-06-02,1991-03-28
490043,Premal,Kornatzky,Senior Staff,1999-03-09,1999-08-15
490047,Anwar,Comte,Senior Staff,1996-05-28,9999-01-01
490047,Anwar,Comte,Staff,1987-05-29,1996-05-28
490070,Holgard,Cyre,Senior Staff,1994-09-16,9999-01-01
490070,Holgard,Cyre,Staff,1986-09-16,1994-09-16
490089,Mani,Sgarro,Staff,1999-03-14,9999-01-01
490110,Eirik,Gopalakrishnan,Staff,1994-11-15,9999-01-01
490122,Duangkaew,Falco,Senior Staff,1985-10-28,9999-01-01
490135,Karsten,Sridhar,Technique Leader,1999-06-26,9999-01-01
490151,Mahendra,Hmelo,Senior Staff,1994-06-19,9999-01-01
490151,Mahendra,Hmelo,Staff,1989-06-19,1994-06-19
490156,Qingxiang,Schaap,Engineer,1988-03-21,1995-03-22
490156,Qingxiang,Schaap,Senior Engineer,1995-03-22,9999-01-01
490162,Masasuke,Zumaque,Assistant Engineer,1995-07-26,2000-07-25
490162,Masasuke,Zumaque,Engineer,2000-07-25,9999-01-01
490169,Mayuko,Zhang,Senior Staff,1993-05-24,9999-01-01
490169,Mayuko,Zhang,Staff,1987-05-25,1993-05-24
490178,Rosita,Desikan,Senior Engineer,1990-05-30,1992-02-23
490192,Fusako,Diderrich,Engineer,1998-05-29,9999-01-01
490200,Shigeichiro,Basawa,Engineer,1989-08-26,1994-06-22
490210,Yagil,Bennis,Senior Staff,1998-05-22,9999-01-01
490210,Yagil,Bennis,Staff,1991-05-22,1998-05-22
490213,Jayesh,Goldhammer,Senior Staff,1995-01-06,9999-01-01
490227,Sanjoy,Peris,Staff,1992-11-14,1996-05-08
490252,Kristof,Aloisi,Senior Staff,1996-12-25,9999-01-01
490252,Kristof,Aloisi,Staff,1988-12-25,1996-12-25
490253,Kaijung,Minakawa,Engineer,1986-12-06,1991-12-06
490253,Kaijung,Minakawa,Senior Engineer,1991-12-06,9999-01-01
490257,Nishit,Levasseur,Senior Staff,1998-05-10,9999-01-01
490257,Nishit,Levasseur,Staff,1993-05-10,1998-05-10
490274,Zhigen,Gubsky,Engineer,1993-09-24,2001-09-24
490274,Zhigen,Gubsky,Senior Engineer,2001-09-24,9999-01-01
490277,Odysseas,Schusler,Senior Staff,1986-12-08,9999-01-01
490298,Anyuan,Swist,Engineer,1999-06-14,9999-01-01
490301,Abdulla,Chinen,Technique Leader,1987-12-30,1990-06-10
490318,Sugwoo,Piveteau,Engineer,1985-07-17,1993-07-17
490318,Sugwoo,Piveteau,Senior Engineer,1993-07-17,9999-01-01
490319,Girolamo,Fujisawa,Senior Staff,1988-01-13,9999-01-01
490336,Charlene,Biros,Senior Staff,1995-04-29,9999-01-01
490336,Charlene,Biros,Staff,1989-04-29,1995-04-29
490386,Leif,Bugrara,Engineer,1995-02-28,2000-02-28
490386,Leif,Bugrara,Senior Engineer,2000-02-28,9999-01-01
490395,Rajmohan,Ramras,Engineer,1988-07-03,1993-07-03
490395,Rajmohan,Ramras,Senior Engineer,1993-07-03,9999-01-01
490405,Boguslaw,Bellone,Engineer,1994-10-31,2001-10-31
490405,Boguslaw,Bellone,Senior Engineer,2001-10-31,9999-01-01
490411,Lalit,Denti,Senior Staff,1991-12-05,9999-01-01
490416,Matt,Weedman,Engineer,1985-03-14,1991-03-14
490416,Matt,Weedman,Senior Engineer,1991-03-14,9999-01-01
490423,Yucel,Deyuan,Senior Staff,2000-11-18,9999-01-01
490423,Yucel,Deyuan,Staff,1995-11-19,2000-11-18
490426,Zita,Heystek,Engineer,1996-01-02,1997-05-04
490449,Kellie,Schaad,Technique Leader,1990-09-07,9999-01-01
490451,Sadegh,Koblitz,Engineer,1996-03-29,2002-03-29
490451,Sadegh,Koblitz,Senior Engineer,2002-03-29,9999-01-01
490481,Arne,Lichtman,Senior Staff,1996-11-11,2002-02-28
490481,Arne,Lichtman,Staff,1988-11-11,1996-11-11
490485,Godehard,Haraldson,Engineer,1989-05-18,1998-05-18
490485,Godehard,Haraldson,Senior Engineer,1998-05-18,9999-01-01
490492,Zhonghua,Chappelet,Engineer,1998-01-04,9999-01-01
490493,Denis,Auyong,Engineer,1989-04-15,1997-04-15
490493,Denis,Auyong,Senior Engineer,1997-04-15,9999-01-01
490533,Masasuke,Keustermans,Senior Staff,2000-12-11,9999-01-01
490533,Masasuke,Keustermans,Staff,1991-12-12,2000-12-11
490544,Paloma,Kranzdorf,Staff,1997-02-18,9999-01-01
490577,Masanao,Sherertz,Engineer,1990-03-17,1992-12-26
490578,Gaetan,Dechter,Engineer,1997-11-26,9999-01-01
490591,Gladys,Winter,Engineer,1989-09-14,1998-09-14
490591,Gladys,Winter,Senior Engineer,1998-09-14,9999-01-01
490612,Henk,Perly,Engineer,1998-08-12,9999-01-01
490632,Marie,Orsini,Assistant Engineer,1985-07-05,1992-07-05
490632,Marie,Orsini,Engineer,1992-07-05,1999-07-06
490632,Marie,Orsini,Senior Engineer,1999-07-06,9999-01-01
490633,Tiina,Vesna,Staff,1991-11-24,1995-09-09
490661,Vitaly,Ossenbruggen,Staff,1996-11-24,2001-06-29
490664,Shaowen,Theuretzbacher,Engineer,1986-05-11,1994-05-11
490664,Shaowen,Theuretzbacher,Senior Engineer,1994-05-11,9999-01-01
490666,Tzu,Ferretti,Senior Staff,1994-05-10,9999-01-01
490666,Tzu,Ferretti,Staff,1989-05-10,1994-05-10
490671,Arlette,Hegner,Senior Staff,1999-05-21,9999-01-01
490671,Arlette,Hegner,Staff,1994-05-21,1999-05-21
490679,Parviz,Ossenbruggen,Engineer,1998-02-16,9999-01-01
490680,Fei,Alameldin,Senior Staff,1992-11-12,9999-01-01
490680,Fei,Alameldin,Staff,1985-11-12,1992-11-12
490688,Ramalingam,Senzako,Assistant Engineer,1988-01-01,1996-12-31
490688,Ramalingam,Senzako,Engineer,1996-12-31,1999-08-26
490697,Fumiya,Madeira,Senior Engineer,1989-01-15,9999-01-01
490701,Sugwoo,Poehlman,Technique Leader,1990-09-30,9999-01-01
490704,Mabo,Aingworth,Senior Staff,2000-02-01,2000-08-11
490706,Sedat,Randt,Technique Leader,1995-05-29,9999-01-01
490719,Oddvar,Lores,Senior Engineer,1994-05-06,9999-01-01
490734,Khalil,Rindone,Senior Engineer,1992-10-16,9999-01-01
490752,Karoline,Schlegelmilch,Engineer,1994-04-22,1997-09-07
490755,Divier,Cronau,Senior Engineer,1990-06-14,9999-01-01
490765,Keiichiro,Uchoa,Staff,1996-10-02,1996-11-22
490766,Fay,Atchley,Assistant Engineer,1986-04-29,1994-04-29
490766,Fay,Atchley,Engineer,1994-04-29,2002-04-29
490766,Fay,Atchley,Senior Engineer,2002-04-29,9999-01-01
490767,Fabrizio,Wolniewicz,Senior Staff,2000-02-09,9999-01-01
490767,Fabrizio,Wolniewicz,Staff,1994-02-09,2000-02-09
490772,Maik,Merle,Senior Staff,1995-06-22,9999-01-01
490772,Maik,Merle,Staff,1988-06-21,1995-06-22
490773,Khue,Fordan,Engineer,1989-08-25,1998-08-25
490773,Khue,Fordan,Senior Engineer,1998-08-25,9999-01-01
490800,Khalil,Landherr,Engineer,1996-06-15,2002-06-15
490800,Khalil,Landherr,Senior Engineer,2002-06-15,9999-01-01
490801,Valeri,Puoti,Engineer,1990-03-22,1998-03-22
490801,Valeri,Puoti,Senior Engineer,1998-03-22,9999-01-01
490803,Tesuro,Speer,Senior Engineer,1986-12-14,1995-01-21
490807,Dietrich,Jakobus,Senior Engineer,1988-03-20,9999-01-01
490877,Denny,Motley,Senior Staff,1992-08-05,2002-05-15
490880,Martien,Orsini,Senior Staff,1993-12-27,9999-01-01
490880,Martien,Orsini,Staff,1985-12-27,1993-12-27
490895,Arfst,Salverda,Senior Staff,1992-07-12,9999-01-01
490896,Kellie,Glinert,Engineer,1994-05-10,2001-05-10
490896,Kellie,Glinert,Senior Engineer,2001-05-10,9999-01-01
490907,Shrikanth,Karunanithi,Senior Staff,1989-09-28,9999-01-01
490931,Zita,Puoti,Engineer,1991-02-11,2000-02-11
490931,Zita,Puoti,Senior Engineer,2000-02-11,9999-01-01
490950,Keung,Oxenboll,Engineer,1997-02-18,9999-01-01
490988,Chinhyun,Tibblin,Senior Staff,1998-03-10,9999-01-01
490998,Hilary,Chinen,Senior Engineer,1989-05-01,9999-01-01
490999,Younwoo,Zambonelli,Senior Engineer,1988-11-24,9999-01-01
491006,Greger,Luon,Senior Engineer,1992-03-27,9999-01-01
491017,Miomir,Sigstam,Technique Leader,1990-01-26,9999-01-01
491023,Dmitry,Worfolk,Engineer,1989-11-19,1995-08-09
491040,Kayoko,Hempstead,Engineer,1994-04-22,1999-04-22
491040,Kayoko,Hempstead,Senior Engineer,1999-04-22,9999-01-01
491043,Adil,Velasco,Engineer,1987-04-03,1995-04-03
491043,Adil,Velasco,Senior Engineer,1995-04-03,9999-01-01
491064,Ortrun,Ranta,Engineer,1990-08-06,1999-08-06
491064,Ortrun,Ranta,Senior Engineer,1999-08-06,9999-01-01
491075,Christoper,Lowrie,Senior Staff,1996-12-24,9999-01-01
491075,Christoper,Lowrie,Staff,1988-12-24,1996-12-24
491094,Djelloul,Mapelli,Engineer,1995-08-22,9999-01-01
491105,Toney,Ozeri,Senior Engineer,1988-12-13,9999-01-01
491109,Yuchang,Solares,Staff,1997-10-11,9999-01-01
491112,Kiam,Soloway,Engineer,1988-09-05,1995-09-06
491112,Kiam,Soloway,Senior Engineer,1995-09-06,9999-01-01
491124,Premal,Lieberherr,Engineer,1993-03-16,2002-03-16
491124,Premal,Lieberherr,Senior Engineer,2002-03-16,9999-01-01
491137,Macha,Penn,Staff,1998-03-23,9999-01-01
491139,Monique,Barbanera,Senior Staff,1994-05-06,9999-01-01
491139,Monique,Barbanera,Staff,1988-05-06,1994-05-06
491158,Dzung,Perna,Senior Staff,1994-07-12,9999-01-01
491158,Dzung,Perna,Staff,1985-07-12,1994-07-12
491164,Apostol,Marchesini,Senior Staff,1998-02-23,9999-01-01
491164,Apostol,Marchesini,Staff,1993-02-23,1998-02-23
491182,Cordelia,Wynblatt,Senior Staff,2002-01-22,9999-01-01
491182,Cordelia,Wynblatt,Staff,1996-01-23,2002-01-22
491190,Kerryn,Hanratty,Technique Leader,1986-12-11,9999-01-01
491203,Gritta,Bernini,Senior Staff,1987-04-10,9999-01-01
491231,Mihalis,Farrag,Engineer,1995-08-09,9999-01-01
491241,Christoper,Kropatsch,Engineer,1999-08-02,9999-01-01
491262,Basem,Velardi,Engineer,1998-11-17,9999-01-01
491281,Arumugam,Melski,Staff,1996-03-27,2002-02-19
491288,Yakkov,Panwar,Technique Leader,1999-11-01,9999-01-01
491299,Mantis,Thombley,Engineer,1994-05-14,2002-05-14
491299,Mantis,Thombley,Senior Engineer,2002-05-14,9999-01-01
491310,Radhakrishnan,Rathonyi,Assistant Engineer,1988-05-24,1995-05-25
491310,Radhakrishnan,Rathonyi,Engineer,1995-05-25,2002-05-25
491310,Radhakrishnan,Rathonyi,Senior Engineer,2002-05-25,9999-01-01
491349,Wayne,Feldmann,Staff,1996-01-19,9999-01-01
491351,Leaf,Kusakari,Engineer,1989-12-04,1996-12-04
491351,Leaf,Kusakari,Senior Engineer,1996-12-04,9999-01-01
491378,Maja,Zweizig,Senior Staff,1997-07-22,9999-01-01
491378,Maja,Zweizig,Staff,1990-07-22,1997-07-22
491390,Pohua,Schaar,Engineer,1992-06-25,1997-06-25
491390,Pohua,Schaar,Senior Engineer,1997-06-25,9999-01-01
491409,Domenick,Schwaller,Technique Leader,1994-02-15,2000-09-29
491424,Hitomi,Baumann,Staff,1994-12-10,1996-01-25
491450,Akeel,Ritcey,Engineer,1987-07-28,1995-07-28
491450,Akeel,Ritcey,Senior Engineer,1995-07-28,9999-01-01
491452,Sverrir,Piancastelli,Senior Staff,2000-06-04,9999-01-01
491452,Sverrir,Piancastelli,Staff,1995-06-05,2000-06-04
491456,Sariel,Lamparter,Engineer,1995-07-20,2001-07-19
491456,Sariel,Lamparter,Senior Engineer,2001-07-19,9999-01-01
491473,Ronnie,Gaughan,Staff,1992-05-03,1998-04-19
491492,Mitsuyuki,Wegerle,Staff,1996-01-29,1998-04-09
491495,Teruyuki,Kroll,Engineer,1992-12-10,1998-12-10
491495,Teruyuki,Kroll,Senior Engineer,1998-12-10,9999-01-01
491506,Sukumar,Mayerwieser,Engineer,1995-10-11,9999-01-01
491508,Zhonghui,Beeson,Senior Staff,1992-04-07,1994-10-07
491508,Zhonghui,Beeson,Staff,1986-04-08,1992-04-07
491556,Sarita,Shinomoto,Senior Staff,1996-08-24,9999-01-01
491556,Sarita,Shinomoto,Staff,1987-08-25,1996-08-24
491564,Malu,Berztiss,Engineer,1987-12-20,1994-12-20
491564,Malu,Berztiss,Senior Engineer,1994-12-20,9999-01-01
491578,Adil,Hiraishi,Assistant Engineer,1995-08-16,9999-01-01
491616,Geoff,Valtorta,Senior Staff,1996-12-21,2001-06-27
491616,Geoff,Valtorta,Staff,1987-12-22,1996-12-21
491628,Maren,Kolinko,Engineer,1995-01-30,2000-01-30
491628,Maren,Kolinko,Senior Engineer,2000-01-30,9999-01-01
491635,Arnd,Guting,Engineer,1988-05-01,1995-04-24
491658,Shushma,Masamoto,Engineer,1992-02-23,2000-02-23
491658,Shushma,Masamoto,Senior Engineer,2000-02-23,9999-01-01
491683,Branimir,Kuzuoka,Engineer,1994-03-19,1998-04-09
491684,Aiichiro,Junot,Technique Leader,1998-11-22,9999-01-01
491736,Akeel,Apsitis,Technique Leader,1997-12-31,9999-01-01
491744,Parviz,Rodite,Technique Leader,1999-04-16,9999-01-01
491745,Tooru,Malabarba,Engineer,1986-07-06,1995-07-06
491745,Tooru,Malabarba,Senior Engineer,1995-07-06,9999-01-01
491748,Wuxu,Uhrig,Engineer,1994-03-09,2001-03-09
491748,Wuxu,Uhrig,Senior Engineer,2001-03-09,9999-01-01
491779,Berni,Norsworthy,Senior Engineer,1985-03-13,9999-01-01
491784,Ohad,Bernick,Assistant Engineer,1990-08-11,1998-08-11
491784,Ohad,Bernick,Engineer,1998-08-11,9999-01-01
491806,Boguslaw,Dayang,Senior Engineer,1996-10-23,9999-01-01
491827,Mayuko,Stranks,Senior Staff,1999-10-21,9999-01-01
491827,Mayuko,Stranks,Staff,1994-10-21,1999-10-21
491839,Fox,Begiun,Assistant Engineer,1986-03-23,1993-03-23
491839,Fox,Begiun,Engineer,1993-03-23,2000-03-23
491839,Fox,Begiun,Senior Engineer,2000-03-23,9999-01-01
491848,Goncalo,Yurek,Engineer,1987-08-30,1995-08-30
491848,Goncalo,Yurek,Senior Engineer,1995-08-30,9999-01-01
491865,Hidekazu,Zaccaria,Senior Staff,1997-09-11,9999-01-01
491865,Hidekazu,Zaccaria,Staff,1992-09-11,1997-09-11
491889,Ung,Stifter,Senior Staff,1995-08-01,9999-01-01
491889,Ung,Stifter,Staff,1988-07-31,1995-08-01
491900,Chandrasekaran,Binkley,Senior Staff,1992-11-21,9999-01-01
491902,Rosita,Vidal,Senior Staff,1998-12-30,9999-01-01
491902,Rosita,Vidal,Staff,1991-12-30,1998-12-30
491982,Ziya,Nannarelli,Senior Engineer,1994-01-25,9999-01-01
491983,Ramzi,Shanbhogue,Engineer,1997-10-05,9999-01-01
491986,Hisao,Bratsberg,Senior Staff,1994-11-18,9999-01-01
491986,Hisao,Bratsberg,Staff,1985-11-18,1994-11-18
491999,Debatosh,Reutenauer,Senior Staff,1998-06-23,1998-11-18
491999,Debatosh,Reutenauer,Staff,1990-06-23,1998-06-23
492002,Xinglin,Masada,Engineer,1994-01-07,9999-01-01
492009,Parto,Zastre,Engineer,1985-11-26,1986-11-24
492037,Valery,Dehkordi,Engineer,1996-08-02,9999-01-01
492043,Neven,Antonakopoulos,Engineer,1993-11-23,1999-11-23
492043,Neven,Antonakopoulos,Senior Engineer,1999-11-23,2001-01-15
492054,Cheong,Hatcliff,Senior Staff,1996-03-16,9999-01-01
492054,Cheong,Hatcliff,Staff,1987-03-17,1996-03-16
492062,Wayne,Miara,Staff,1999-12-02,9999-01-01
492068,Chuanti,Kakkar,Staff,1999-09-12,9999-01-01
492072,Gen,Krider,Senior Staff,1991-05-12,9999-01-01
492072,Gen,Krider,Staff,1985-05-12,1991-05-12
492086,Sachar,Glinert,Senior Engineer,1989-11-21,1994-12-29
492096,Rutger,Chinal,Senior Staff,1996-03-20,9999-01-01
492096,Rutger,Chinal,Staff,1987-03-21,1996-03-20
492098,Miyeon,Krone,Senior Staff,2001-03-30,9999-01-01
492098,Miyeon,Krone,Staff,1995-03-31,2001-03-30
492102,Feipei,Litecky,Senior Staff,1991-07-07,9999-01-01
492108,Jackson,Ambroszkiewicz,Senior Engineer,1987-04-26,9999-01-01
492148,Yishai,Tagansky,Engineer,1987-08-06,1993-08-05
492148,Yishai,Tagansky,Senior Engineer,1993-08-05,9999-01-01
492157,Abdelaziz,Perz,Staff,1995-08-27,9999-01-01
492161,Junsik,Fetvedt,Senior Staff,1985-05-22,2001-10-05
492167,Sachio,Fandrianto,Staff,1996-02-06,9999-01-01
492179,Zhilian,Lichtner,Senior Engineer,1992-05-24,9999-01-01
492219,Marsja,Clemencon,Technique Leader,1991-02-26,9999-01-01
492279,Mohd,Vickson,Senior Staff,1997-12-06,9999-01-01
492279,Mohd,Vickson,Staff,1992-12-06,1997-12-06
492283,Elgin,Baak,Staff,1987-06-19,1995-01-26
492305,Jiakeng,Ohori,Engineer,1986-01-27,1992-01-27
492305,Jiakeng,Ohori,Senior Engineer,1992-01-27,9999-01-01
492316,Ewing,Barbanera,Senior Staff,1994-12-15,9999-01-01
492316,Ewing,Barbanera,Staff,1986-12-15,1994-12-15
492322,Yishai,Ladret,Engineer,1995-03-02,2001-03-01
492322,Yishai,Ladret,Senior Engineer,2001-03-01,9999-01-01
492333,Kannan,Luff,Engineer,1986-12-08,1988-01-04
492351,Duro,Chaudhury,Engineer,1989-08-27,1996-08-27
492351,Duro,Chaudhury,Senior Engineer,1996-08-27,9999-01-01
492389,Chenyi,Pavlopoulou,Engineer,1987-07-17,1993-07-16
492389,Chenyi,Pavlopoulou,Senior Engineer,1993-07-16,9999-01-01
492412,Arno,Rodham,Senior Staff,1985-04-13,9999-01-01
492480,Iara,Parhami,Staff,2000-01-01,9999-01-01
492494,Ramzi,Androutsos,Engineer,1994-05-07,2002-05-07
492494,Ramzi,Androutsos,Senior Engineer,2002-05-07,9999-01-01
492498,Mizuhito,Rijsenbrij,Senior Staff,1994-10-09,9999-01-01
492498,Mizuhito,Rijsenbrij,Staff,1989-10-09,1994-10-09
492512,Trygve,Nicolson,Technique Leader,1988-05-19,9999-01-01
492513,Mohammad,Haldar,Engineer,1989-09-26,1994-03-22
492530,Rajmohan,Standera,Engineer,1989-06-24,1994-06-24
492530,Rajmohan,Standera,Senior Engineer,1994-06-24,9999-01-01
492532,Theirry,Speek,Engineer,1992-05-09,2000-05-09
492532,Theirry,Speek,Senior Engineer,2000-05-09,9999-01-01
492579,Mary,Nyanchama,Staff,1999-08-28,9999-01-01
492596,Joydip,Herber,Staff,1998-10-19,9999-01-01
492600,Taiji,Speer,Engineer,1996-06-02,1997-06-19
492601,Mircea,Jervis,Senior Staff,1994-07-27,9999-01-01
492601,Mircea,Jervis,Staff,1987-07-27,1994-07-27
492608,Maren,Pelc,Engineer,1992-01-28,2000-01-28
492608,Maren,Pelc,Senior Engineer,2000-01-28,9999-01-01
492617,Alain,Milicia,Technique Leader,1985-02-07,9999-01-01
492651,Kinh,Merel,Senior Staff,1992-01-28,9999-01-01
492651,Kinh,Merel,Staff,1987-01-28,1992-01-28
492655,Sumali,Streit,Staff,1997-05-27,2000-04-11
492656,Morrie,Mawatari,Senior Staff,2000-08-31,9999-01-01
492656,Morrie,Mawatari,Staff,1991-09-01,2000-08-31
492665,Wilmer,Harllee,Engineer,1988-03-06,1996-03-06
492665,Wilmer,Harllee,Senior Engineer,1996-03-06,9999-01-01
492666,Giao,Adachi,Senior Engineer,1986-11-04,1997-06-21
492686,Changho,Poulakidas,Engineer,1998-01-05,1998-06-10
492690,Srinidhi,Salvesen,Engineer,1994-12-15,1995-08-09
492695,Shimshon,Spieker,Engineer,1993-11-12,9999-01-01
492699,Gladys,Kamber,Assistant Engineer,1998-07-28,1998-11-15
492705,Takanari,Leuchs,Staff,1997-09-16,9999-01-01
492707,Moni,Goldhammer,Senior Staff,1989-03-27,9999-01-01
492715,Tristan,Gulik,Senior Staff,1993-03-06,9999-01-01
492715,Tristan,Gulik,Staff,1986-03-06,1993-03-06
492717,Dipayan,Gerlach,Assistant Engineer,1988-06-10,1993-06-10
492717,Dipayan,Gerlach,Engineer,1993-06-10,1998-06-10
492717,Dipayan,Gerlach,Senior Engineer,1998-06-10,9999-01-01
492728,Cedric,Gire,Senior Staff,1993-03-06,9999-01-01
492728,Cedric,Gire,Staff,1988-03-06,1993-03-06
492729,Sibyl,Joslin,Assistant Engineer,1987-01-17,1992-01-17
492729,Sibyl,Joslin,Engineer,1992-01-17,1997-01-16
492729,Sibyl,Joslin,Senior Engineer,1997-01-16,9999-01-01
492730,Xiaoshan,Taubenfeld,Engineer,1995-12-26,9999-01-01
492753,Dante,Kalefeld,Engineer,1989-11-21,1996-11-21
492753,Dante,Kalefeld,Senior Engineer,1996-11-21,9999-01-01
492787,Oldrich,Pileggi,Senior Staff,1993-09-23,1999-09-30
492790,Kasturi,Gargeya,Engineer,1996-11-01,9999-01-01
492795,Quingbo,Aloisi,Senior Staff,1998-11-15,9999-01-01
492795,Quingbo,Aloisi,Staff,1991-11-15,1998-11-15
492826,Weiye,Impagliazzo,Engineer,1997-06-11,2002-06-11
492826,Weiye,Impagliazzo,Senior Engineer,2002-06-11,9999-01-01
492848,Yoshimitsu,Bakhtari,Engineer,1992-01-14,1997-01-13
492848,Yoshimitsu,Bakhtari,Senior Engineer,1997-01-13,9999-01-01
492878,Angus,Conia,Engineer,1989-07-27,1994-07-27
492878,Angus,Conia,Senior Engineer,1994-07-27,9999-01-01
492882,Zvonko,Vigier,Staff,1994-05-22,9999-01-01
492892,Lijie,Miara,Senior Staff,2000-04-25,9999-01-01
492892,Lijie,Miara,Staff,1993-04-25,2000-04-25
492898,Amabile,Jansch,Staff,1995-04-17,9999-01-01
492900,Berry,Isaac,Engineer,1999-06-13,2000-03-30
492918,Selwyn,Motley,Senior Engineer,1989-12-31,9999-01-01
492927,Maris,Hatcliff,Engineer,1996-12-08,9999-01-01
492932,Francesca,Rando,Senior Staff,1996-02-25,9999-01-01
492932,Francesca,Rando,Staff,1991-02-25,1996-02-25
492939,Kotesh,Diderrich,Engineer,1989-11-09,1995-11-09
492939,Kotesh,Diderrich,Senior Engineer,1995-11-09,9999-01-01
492946,Chenxi,Ushiama,Senior Staff,1999-04-22,9999-01-01
492977,Jinxi,Dulay,Engineer,1996-04-08,9999-01-01
492984,Mohan,Koshiba,Senior Staff,2000-01-16,9999-01-01
492984,Mohan,Koshiba,Staff,1992-01-16,2000-01-16
492991,Zine,Radivojevic,Senior Staff,2002-05-03,9999-01-01
492991,Zine,Radivojevic,Staff,1994-05-03,2002-05-03
492993,Chandrasekaran,Mitzlaff,Senior Staff,1995-09-13,1995-11-17
492993,Chandrasekaran,Mitzlaff,Staff,1986-09-13,1995-09-13
493002,Berry,Comellas,Staff,1999-03-25,2001-11-05
493023,Remco,Baer,Engineer,1996-02-19,9999-01-01
493027,Yoshinari,Hammerschmidt,Senior Staff,1993-04-24,9999-01-01
493027,Yoshinari,Hammerschmidt,Staff,1986-04-24,1993-04-24
493036,Gennadi,Redmiles,Senior Staff,1994-08-19,2002-01-26
493036,Gennadi,Redmiles,Staff,1989-08-19,1994-08-19
493045,Toshiko,Ananiadou,Engineer,1994-08-27,2000-08-26
493045,Toshiko,Ananiadou,Senior Engineer,2000-08-26,9999-01-01
493050,DAIDA,Ermel,Technique Leader,1993-06-30,9999-01-01
493064,Niteen,Fasbender,Engineer,1990-08-15,1997-08-15
493064,Niteen,Fasbender,Senior Engineer,1997-08-15,9999-01-01
493077,Premal,Kamble,Engineer,1989-01-08,1989-09-08
493085,Shakhar,Bennet,Engineer,1998-06-18,2000-04-28
493087,Manton,Perin,Senior Engineer,1985-10-08,9999-01-01
493091,Jinya,Panwar,Senior Staff,2001-12-24,9999-01-01
493091,Jinya,Panwar,Staff,1995-12-25,2001-12-24
493093,Heng,Maierhofer,Assistant Engineer,1996-10-14,9999-01-01
493094,Mack,Fordan,Senior Staff,1996-02-25,9999-01-01
493094,Mack,Fordan,Staff,1987-02-25,1996-02-25
493108,Maia,Crelier,Staff,1994-10-28,9999-01-01
493113,Paloma,Oaver,Staff,1999-07-27,2001-06-28
493120,Stafford,Baalen,Engineer,1998-04-21,9999-01-01
493125,Geoff,Nations,Engineer,1987-09-27,1994-09-27
493125,Geoff,Nations,Senior Engineer,1994-09-27,9999-01-01
493139,Bodo,Demizu,Engineer,1993-10-26,9999-01-01
493153,Selwyn,Skrikant,Senior Engineer,1998-02-06,1998-04-03
493162,Domenick,Laventhal,Senior Staff,1992-03-18,9999-01-01
493162,Domenick,Laventhal,Staff,1986-03-19,1992-03-18
493165,Marsja,Eldridge,Assistant Engineer,1992-07-01,1992-08-09
493177,Ottavia,Gurbaxani,Senior Staff,2001-08-15,9999-01-01
493177,Ottavia,Gurbaxani,Staff,1994-08-15,2001-08-15
493187,Surveyors,Gaughan,Engineer,1990-02-28,1998-02-28
493187,Surveyors,Gaughan,Senior Engineer,1998-02-28,9999-01-01
493215,Jaroslava,Giveon,Senior Staff,1989-01-18,9999-01-01
493234,Visit,Rehfuss,Senior Staff,1993-07-26,9999-01-01
493234,Visit,Rehfuss,Staff,1987-07-27,1993-07-26
493238,Patricia,Heydon,Engineer,1986-02-01,1993-02-01
493238,Patricia,Heydon,Senior Engineer,1993-02-01,1996-05-28
493254,Oksana,Felder,Engineer,1999-03-05,9999-01-01
493257,Uri,Michaeli,Staff,1999-11-17,9999-01-01
493277,Herb,Swen,Engineer,1985-05-17,1991-05-17
493277,Herb,Swen,Senior Engineer,1991-05-17,9999-01-01
493321,Oldrich,Herath,Senior Staff,2000-05-30,9999-01-01
493321,Oldrich,Herath,Staff,1994-05-31,2000-05-30
493350,Vishu,Birrer,Engineer,1986-01-21,1991-01-21
493350,Vishu,Birrer,Senior Engineer,1991-01-21,9999-01-01
493359,Zhenhua,Zuberek,Staff,1997-07-29,9999-01-01
493366,Rafail,Vigier,Engineer,1993-09-04,2001-09-04
493366,Rafail,Vigier,Senior Engineer,2001-09-04,9999-01-01
493391,Limsoon,dAstous,Engineer,1993-11-05,1998-11-05
493391,Limsoon,dAstous,Senior Engineer,1998-11-05,9999-01-01
493392,Gilbert,Zlotek,Senior Staff,1994-03-18,9999-01-01
493392,Gilbert,Zlotek,Staff,1986-03-18,1994-03-18
493393,Vincent,Murrill,Staff,1999-01-12,9999-01-01
493410,Stella,Weisert,Engineer,1986-11-19,1993-11-19
493410,Stella,Weisert,Senior Engineer,1993-11-19,9999-01-01
493425,Idoia,Pulkowski,Senior Staff,2001-10-12,9999-01-01
493425,Idoia,Pulkowski,Staff,1995-10-13,2001-10-12
493441,Eric,Dymetman,Senior Engineer,1998-04-30,9999-01-01
493442,Berto,Hofmeyr,Engineer,1992-03-30,1997-03-30
493442,Berto,Hofmeyr,Senior Engineer,1997-03-30,9999-01-01
493446,Petter,Oxman,Senior Staff,2000-08-14,9999-01-01
493446,Petter,Oxman,Staff,1993-08-14,2000-08-14
493475,Srinidhi,Schapire,Engineer,1998-08-30,9999-01-01
493480,Shaz,Zeilberger,Engineer,1988-02-03,1993-02-02
493480,Shaz,Zeilberger,Senior Engineer,1993-02-02,9999-01-01
493483,Mabhin,Gist,Staff,1995-11-28,9999-01-01
493490,Takushi,Hatcliff,Engineer,1993-11-28,1999-11-28
493490,Takushi,Hatcliff,Senior Engineer,1999-11-28,9999-01-01
493497,Shunichi,Sichman,Engineer,1987-04-18,1995-04-18
493497,Shunichi,Sichman,Senior Engineer,1995-04-18,9999-01-01
493502,Kiam,Baalen,Engineer,1999-09-27,9999-01-01
493510,Theirry,Giarratana,Engineer,1995-10-14,9999-01-01
493527,Barun,Domenig,Senior Staff,1994-03-30,9999-01-01
493527,Barun,Domenig,Staff,1989-03-30,1994-03-30
493534,Xiaoqiang,Karcich,Engineer,1987-09-24,1996-09-23
493534,Xiaoqiang,Karcich,Senior Engineer,1996-09-23,2000-10-08
493543,Prasadram,Perri,Staff,1999-08-05,9999-01-01
493561,Hyuckchul,Kitai,Senior Staff,1998-12-05,9999-01-01
493561,Hyuckchul,Kitai,Staff,1991-12-05,1998-12-05
493563,Gian,Thambidurai,Engineer,1998-11-05,2000-06-01
493570,Heng,Kitai,Senior Staff,2000-05-30,9999-01-01
493570,Heng,Kitai,Staff,1993-05-30,2000-05-30
493573,Georg,Schreiter,Engineer,1990-12-12,1998-12-12
493573,Georg,Schreiter,Senior Engineer,1998-12-12,9999-01-01
493578,Zhiguo,Sgarro,Staff,1997-01-16,9999-01-01
493591,Rosine,Halloran,Engineer,1993-06-25,1999-06-25
493591,Rosine,Halloran,Senior Engineer,1999-06-25,9999-01-01
493598,Kristina,Zaumen,Engineer,1991-04-19,1998-04-19
493598,Kristina,Zaumen,Senior Engineer,1998-04-19,2000-10-29
493605,Sailaja,Giveon,Staff,1998-05-11,2002-03-18
493622,Constantijn,Skogmar,Senior Engineer,1996-07-03,9999-01-01
493639,Eldridge,Kragelund,Senior Staff,2002-03-31,9999-01-01
493639,Eldridge,Kragelund,Staff,1993-03-31,2002-03-31
493654,Oddvar,Giaccio,Senior Staff,1996-10-30,1997-01-03
493654,Oddvar,Giaccio,Staff,1991-10-31,1996-10-30
493663,Premal,Erev,Staff,1996-12-05,9999-01-01
493666,Tremaine,Chartres,Engineer,1997-03-03,1999-01-26
493676,Jamaludin,McClurg,Engineer,1986-08-02,1993-08-02
493676,Jamaludin,McClurg,Senior Engineer,1993-08-02,9999-01-01
493691,Shakhar,Llado,Staff,1998-08-22,9999-01-01
493705,Francoise,Vieth,Staff,1997-06-16,9999-01-01
493728,Ishfaq,Chandrasekhar,Engineer,1994-09-09,1999-09-09
493728,Ishfaq,Chandrasekhar,Senior Engineer,1999-09-09,9999-01-01
493729,Manton,Dratva,Senior Staff,1998-04-16,9999-01-01
493729,Manton,Dratva,Staff,1989-04-16,1998-04-16
493730,Vojin,Esposito,Engineer,1990-02-22,1996-02-22
493730,Vojin,Esposito,Senior Engineer,1996-02-22,9999-01-01
493784,Tadanori,Zlotek,Senior Staff,1988-03-14,9999-01-01
493806,Xiaopeng,Plesums,Engineer,1994-06-01,2002-06-01
493806,Xiaopeng,Plesums,Senior Engineer,2002-06-01,2002-06-28
493823,Ziyad,Hiyoshi,Staff,1999-05-02,9999-01-01
493833,Taisook,Karnin,Senior Staff,1996-09-29,9999-01-01
493833,Taisook,Karnin,Staff,1990-09-30,1996-09-29
493844,Yongdong,Kulisch,Assistant Engineer,1998-05-13,2000-02-15
493861,Tokuyasu,Lichtman,Senior Engineer,1987-06-15,9999-01-01
493876,Fumino,Candan,Senior Staff,1998-07-12,9999-01-01
493888,Muneo,Axelband,Senior Staff,2002-07-16,9999-01-01
493888,Muneo,Axelband,Staff,1995-07-16,2002-07-16
493898,Lubomir,Lichtman,Engineer,1997-07-16,9999-01-01
493913,Billur,Bennis,Engineer,1994-08-08,2000-08-07
493913,Billur,Bennis,Senior Engineer,2000-08-07,9999-01-01
493918,Shushma,Parascandalo,Senior Staff,1994-10-23,2002-04-18
493925,Bedir,Lamba,Senior Staff,1996-10-25,1999-09-10
493925,Bedir,Lamba,Staff,1987-10-26,1996-10-25
493932,Kazuhira,Kuszyk,Engineer,1985-09-09,1990-09-09
493932,Kazuhira,Kuszyk,Senior Engineer,1990-09-09,1994-01-19
493947,Premsyl,Neimat,Senior Staff,1997-01-26,9999-01-01
493947,Premsyl,Neimat,Staff,1992-01-27,1997-01-26
493961,Fuqing,Lorys,Engineer,1986-04-26,1994-04-26
493961,Fuqing,Lorys,Senior Engineer,1994-04-26,9999-01-01
494010,Urs,Chenoweth,Senior Staff,1989-06-29,9999-01-01
494016,Shalesh,Serra,Engineer,1986-07-16,1993-07-16
494016,Shalesh,Serra,Senior Engineer,1993-07-16,9999-01-01
494043,Weicheng,Beeson,Senior Staff,1998-10-02,9999-01-01
494043,Weicheng,Beeson,Staff,1993-10-02,1998-10-02
494060,Oscal,Usdin,Senior Staff,1996-12-17,9999-01-01
494060,Oscal,Usdin,Staff,1990-12-18,1996-12-17
494075,Hairong,Paludetto,Engineer,1991-06-22,2000-06-21
494075,Hairong,Paludetto,Senior Engineer,2000-06-21,9999-01-01
494089,Barry,Liedekerke,Engineer,1995-03-24,1997-03-25
494096,Eben,Bierman,Engineer,1998-11-25,2000-05-10
494111,Kiyotoshi,Gerlach,Senior Engineer,1994-08-16,9999-01-01
494112,Tzvetan,Whitcomb,Assistant Engineer,1985-12-20,1994-12-20
494112,Tzvetan,Whitcomb,Engineer,1994-12-20,9999-01-01
494127,Pohua,Werthner,Engineer,1991-02-13,2000-02-13
494127,Pohua,Werthner,Senior Engineer,2000-02-13,9999-01-01
494186,Dmitry,Cappello,Senior Staff,1997-07-13,9999-01-01
494186,Dmitry,Cappello,Staff,1988-07-13,1997-07-13
494238,Alain,Juneja,Engineer,1988-09-12,1993-05-10
494255,Yannis,Lunt,Senior Staff,1999-10-05,9999-01-01
494255,Yannis,Lunt,Staff,1991-10-05,1999-10-05
494260,Ziva,Famili,Engineer,1987-08-21,1996-08-20
494260,Ziva,Famili,Senior Engineer,1996-08-20,9999-01-01
494283,Gudjon,Navazio,Assistant Engineer,1995-02-23,9999-01-01
494288,Bojan,Figueira,Staff,1999-06-21,9999-01-01
494294,Kwan,Jeansoulin,Senior Staff,1990-04-08,1992-04-09
494295,Gen,Stanfel,Technique Leader,1992-07-01,9999-01-01
494312,Sailaja,Fairtlough,Assistant Engineer,1993-10-04,2000-10-04
494312,Sailaja,Fairtlough,Engineer,2000-10-04,9999-01-01
494323,Ger,Solovay,Senior Staff,1994-04-10,9999-01-01
494330,Yakichi,Lichtman,Senior Engineer,1996-01-11,9999-01-01
494340,Ashish,Macedo,Senior Engineer,1994-04-14,9999-01-01
494351,Boriana,Maginnis,Senior Staff,1997-03-03,9999-01-01
494360,Mostafa,Magliocco,Engineer,1998-12-21,9999-01-01
494364,Yuchang,Solovay,Engineer,1988-07-14,1993-07-14
494364,Yuchang,Solovay,Senior Engineer,1993-07-14,9999-01-01
494368,Hauke,Werthner,Engineer,1995-09-18,9999-01-01
494372,Tesuya,Selvestrel,Senior Staff,1994-02-23,9999-01-01
494372,Tesuya,Selvestrel,Staff,1986-02-23,1994-02-23
494412,Garnik,Pettit,Staff,1999-11-08,9999-01-01
494413,Arve,Stassinopoulos,Senior Staff,2001-08-28,9999-01-01
494413,Arve,Stassinopoulos,Staff,1995-08-29,2001-08-28
494430,Shih,Kitsuregawa,Staff,1994-08-23,1999-06-22
494438,Takushi,Anguita,Staff,1985-02-27,1986-05-29
494451,Mingsen,Kowalchuk,Engineer,1996-12-09,9999-01-01
494455,Hein,Fasbender,Staff,1996-09-08,1998-03-09
494457,Ashish,Angelopoulos,Senior Staff,1990-08-06,9999-01-01
494465,Sumali,Cyne,Senior Staff,1992-08-17,9999-01-01
494465,Sumali,Cyne,Staff,1986-08-18,1992-08-17
494487,Luerbio,Alpay,Senior Staff,1991-03-29,9999-01-01
494487,Luerbio,Alpay,Staff,1985-03-29,1991-03-29
494488,Sigeru,Chaudhury,Staff,1993-03-11,1997-10-28
494496,Amstein,Schaad,Senior Engineer,1998-02-12,9999-01-01
494527,Dayanand,Joslin,Staff,1997-09-29,9999-01-01
494531,Chriss,Kakkar,Engineer,1992-04-03,1997-04-03
494531,Chriss,Kakkar,Senior Engineer,1997-04-03,9999-01-01
494532,Moon,Wiegley,Senior Staff,1993-04-03,9999-01-01
494532,Moon,Wiegley,Staff,1985-04-03,1993-04-03
494559,Dante,Zaumen,Engineer,1993-11-23,2001-11-23
494559,Dante,Zaumen,Senior Engineer,2001-11-23,9999-01-01
494564,Thanasis,Bharadwaj,Engineer,1997-08-16,9999-01-01
494573,Ung,Uchoa,Engineer,1987-11-25,1995-11-25
494573,Ung,Uchoa,Senior Engineer,1995-11-25,9999-01-01
494578,Aamer,Schaaf,Staff,1998-05-13,9999-01-01
494602,Mayuko,Beeson,Staff,1985-12-15,1990-03-23
494603,Parto,Alpay,Engineer,1991-05-24,1995-01-01
494622,Freyja,Percebois,Staff,1992-10-23,1995-03-25
494626,Srinidhi,Bodoff,Senior Engineer,1988-08-31,9999-01-01
494631,Howell,Riefers,Engineer,1986-07-13,1992-11-10
494656,Utz,Gruenwald,Senior Staff,1996-10-28,9999-01-01
494677,Rajmohan,Biron,Senior Staff,1995-12-11,2001-02-01
494698,Hiroyasu,Nilsson,Engineer,1995-02-16,2000-02-16
494698,Hiroyasu,Nilsson,Senior Engineer,2000-02-16,9999-01-01
494702,Arno,Crooks,Staff,1996-10-05,9999-01-01
494704,Alejandra,Pesch,Technique Leader,1988-05-01,2000-12-18
494724,Yifei,Cummings,Engineer,1987-01-19,1992-01-19
494724,Yifei,Cummings,Senior Engineer,1992-01-19,9999-01-01
494737,Anyuan,Kandlur,Engineer,2000-01-05,9999-01-01
494748,Rafail,Barriga,Staff,1997-10-27,9999-01-01
494751,Arto,Homond,Senior Staff,1995-02-02,9999-01-01
494751,Arto,Homond,Staff,1989-02-02,1995-02-02
494757,Shao,Shokrollahi,Senior Engineer,1997-04-03,9999-01-01
494770,Achilleas,Zykh,Engineer,1999-10-27,9999-01-01
494777,Adhemar,Heuter,Engineer,1991-09-19,1996-09-18
494777,Adhemar,Heuter,Senior Engineer,1996-09-18,9999-01-01
494790,Jagoda,Toyoshima,Engineer,1993-03-10,1998-03-10
494790,Jagoda,Toyoshima,Senior Engineer,1998-03-10,9999-01-01
494800,Munehiro,Ossenbruggen,Engineer,1994-12-14,2001-12-14
494800,Munehiro,Ossenbruggen,Senior Engineer,2001-12-14,9999-01-01
494805,Makato,Morrow,Assistant Engineer,1994-11-21,1996-04-27
494810,Jahangir,Hainaut,Staff,1999-09-07,9999-01-01
494837,Yifei,Shackell,Engineer,1991-09-04,1997-07-01
494868,Munir,Masamoto,Engineer,1986-02-18,1993-02-18
494868,Munir,Masamoto,Senior Engineer,1993-02-18,9999-01-01
494892,Chiranjit,Dichev,Senior Engineer,1998-12-15,2000-11-21
494907,Rosli,Heiserman,Engineer,1988-05-08,1990-10-07
494908,Matk,Granlund,Staff,1997-09-20,9999-01-01
494915,Shunichi,Coorg,Engineer,1986-12-17,1993-12-17
494915,Shunichi,Coorg,Senior Engineer,1993-12-17,9999-01-01
494929,Nakhoon,Stille,Senior Engineer,1987-06-26,9999-01-01
494935,Zvonko,Peron,Senior Staff,1989-04-05,2000-11-06
494938,Girolamo,Petersohn,Technique Leader,1993-01-08,9999-01-01
494944,Tse,Baer,Engineer,1985-08-13,1989-12-29
495009,Yuichiro,Breugel,Senior Staff,1992-07-24,9999-01-01
495031,Gro,Cunliffe,Senior Staff,2002-04-17,9999-01-01
495031,Gro,Cunliffe,Staff,1997-04-17,2002-04-17
495039,Moheb,Gecsel,Senior Staff,1987-01-26,9999-01-01
495044,Mohammad,Billawala,Senior Staff,1997-06-23,9999-01-01
495044,Mohammad,Billawala,Staff,1990-06-23,1997-06-23
495048,Pranjal,Murtha,Senior Engineer,1989-01-07,9999-01-01
495049,Martins,Wroclawski,Engineer,1989-08-27,1997-08-27
495049,Martins,Wroclawski,Senior Engineer,1997-08-27,9999-01-01
495077,Arnould,Veldwijk,Engineer,2000-01-05,2000-04-21
495110,Shakhar,Kilgour,Staff,1994-02-19,2000-10-10
495113,Yifei,Peac,Assistant Engineer,1988-10-08,1995-10-09
495113,Yifei,Peac,Engineer,1995-10-09,1999-11-01
495121,Rasiah,Erva,Engineer,1991-08-14,1997-08-13
495121,Rasiah,Erva,Senior Engineer,1997-08-13,9999-01-01
495124,Gianluca,Jiang,Engineer,2000-01-14,9999-01-01
495129,Toshimitsu,Trelles,Staff,1998-12-29,9999-01-01
495139,Bingning,Beidas,Staff,1997-11-21,9999-01-01
495146,Huican,Matzat,Senior Staff,1993-11-05,9999-01-01
495146,Huican,Matzat,Staff,1988-11-05,1993-11-05
495155,Xinyu,Taubman,Senior Engineer,1986-12-26,1998-06-21
495157,Hironoby,Vieth,Technique Leader,1985-03-05,9999-01-01
495178,Goetz,Bouloucos,Senior Engineer,1992-05-04,9999-01-01
495180,Aleksander,Jansen,Senior Engineer,1985-08-07,9999-01-01
495182,Aris,Giveon,Engineer,1996-12-15,1997-05-18
495185,Fei,Siksek,Senior Engineer,1996-01-16,2000-06-20
495198,Turgut,Ventosa,Senior Engineer,1995-12-07,9999-01-01
495201,Leszek,Picco,Senior Staff,1997-03-02,9999-01-01
495209,Prasadram,Cronin,Engineer,1992-11-25,1997-11-25
495209,Prasadram,Cronin,Senior Engineer,1997-11-25,9999-01-01
495232,Theron,Kroon,Engineer,1997-12-05,2000-07-31
495244,Shahar,Piazza,Senior Engineer,1998-04-02,2000-08-17
495260,Ennio,Denny,Senior Staff,1998-09-02,9999-01-01
495275,Bojan,Azumi,Staff,1999-12-09,2001-08-30
495293,Karlis,Mullainathan,Engineer,1998-11-09,9999-01-01
495303,Berhard,Landherr,Technique Leader,1992-06-11,9999-01-01
495304,Horward,Klerer,Senior Staff,1988-10-21,9999-01-01
495312,Jessie,Luon,Senior Engineer,1994-04-15,9999-01-01
495340,Badri,Fontet,Senior Staff,1989-02-17,9999-01-01
495357,Izaskun,Chaudhuri,Engineer,1990-10-09,1995-10-09
495357,Izaskun,Chaudhuri,Senior Engineer,1995-10-09,9999-01-01
495372,Mizuhito,Kakkar,Senior Staff,1995-10-08,9999-01-01
495372,Mizuhito,Kakkar,Staff,1986-10-08,1995-10-08
495385,Ramachenga,Benzaken,Senior Engineer,1989-04-11,9999-01-01
495406,Elvis,Gerlach,Engineer,1990-09-17,1995-09-17
495406,Elvis,Gerlach,Senior Engineer,1995-09-17,9999-01-01
495424,Martina,Benner,Engineer,1996-09-05,1997-02-28
495457,Satosi,Maginnis,Senior Staff,1998-11-21,9999-01-01
495457,Satosi,Maginnis,Staff,1990-11-21,1998-11-21
495479,Odinaldo,Guting,Staff,1994-03-29,9999-01-01
495492,Rajmohan,Picht,Engineer,1986-02-16,1991-01-17
495498,JiYoung,Peir,Senior Staff,2001-01-11,9999-01-01
495498,JiYoung,Peir,Staff,1996-01-12,2001-01-11
495501,Pascal,Binding,Engineer,1985-05-13,1994-05-13
495501,Pascal,Binding,Senior Engineer,1994-05-13,9999-01-01
495514,Zijian,Mikschl,Senior Staff,1990-10-29,9999-01-01
495521,Sakthirel,Heemskerk,Staff,1994-07-07,9999-01-01
495527,Sanjay,Birnbaum,Engineer,1994-10-05,9999-01-01
495532,Moheb,Kakkad,Engineer,1993-04-18,1995-01-09
495535,Srinidhi,Paciorek,Staff,1999-10-27,9999-01-01
495549,Bernd,Ponthieu,Senior Staff,1996-02-16,9999-01-01
495549,Bernd,Ponthieu,Staff,1989-02-15,1996-02-16
495573,Gregory,Jansen,Staff,1996-08-02,9999-01-01
495576,Lubomir,Mahmud,Staff,1994-09-27,9999-01-01
495589,Aiman,Ranka,Senior Staff,1997-03-19,9999-01-01
495589,Aiman,Ranka,Staff,1988-03-19,1997-03-19
495593,Gift,Speel,Staff,1991-05-18,1994-05-06
495600,Mads,Puppe,Assistant Engineer,1992-05-27,1997-05-27
495600,Mads,Puppe,Engineer,1997-05-27,2002-05-27
495600,Mads,Puppe,Senior Engineer,2002-05-27,9999-01-01
495640,Xiaobin,Vickson,Engineer,1992-04-29,2000-04-29
495640,Xiaobin,Vickson,Senior Engineer,2000-04-29,9999-01-01
495662,Claude,Schrooten,Senior Staff,1990-09-16,9999-01-01
495662,Claude,Schrooten,Staff,1985-09-16,1990-09-16
495668,Leni,Plavsic,Senior Engineer,1986-11-15,9999-01-01
495673,Mana,Kaelbling,Senior Staff,1993-02-28,1998-10-12
495676,Yolla,Nilsson,Senior Engineer,1992-12-04,9999-01-01
495684,Shan,Lieblein,Senior Staff,1994-04-15,9999-01-01
495684,Shan,Lieblein,Staff,1986-04-15,1994-04-15
495690,Jamaludin,Porenta,Senior Staff,1991-10-06,9999-01-01
495690,Jamaludin,Porenta,Staff,1986-10-06,1991-10-06
495708,Bodo,Birch,Engineer,1986-12-11,1995-12-11
495708,Bodo,Birch,Senior Engineer,1995-12-11,9999-01-01
495726,Licheng,Talmon,Engineer,1997-02-15,9999-01-01
495740,Yuichiro,Horswill,Senior Engineer,1988-11-26,9999-01-01
495746,Koichi,Trelles,Senior Engineer,1993-10-31,9999-01-01
495748,Tze,Vecchio,Engineer,1987-06-02,1992-06-01
495748,Tze,Vecchio,Senior Engineer,1992-06-01,9999-01-01
495749,Berto,Trelles,Assistant Engineer,1986-06-11,1991-06-11
495749,Berto,Trelles,Engineer,1991-06-11,1996-06-10
495749,Berto,Trelles,Senior Engineer,1996-06-10,1997-04-03
495752,Bezalel,Busillo,Senior Engineer,1989-06-25,9999-01-01
495754,Masanao,Kleiser,Engineer,1997-08-17,9999-01-01
495765,Marko,Soloway,Staff,1989-12-06,1991-08-31
495772,Toshimori,Tasistro,Senior Staff,1996-04-15,9999-01-01
495772,Toshimori,Tasistro,Staff,1990-04-16,1996-04-15
495794,Arif,Kawashimo,Engineer,1995-05-11,2001-05-10
495794,Arif,Kawashimo,Senior Engineer,2001-05-10,9999-01-01
495812,Pranas,Przulj,Senior Staff,1999-02-10,9999-01-01
495831,Toshiki,Hockney,Engineer,1989-12-26,1996-11-23
495832,Wojceich,Hopewell,Staff,1996-06-09,1996-11-21
495835,Parviz,Kropf,Staff,1999-02-02,2000-11-21
495842,Dulce,Servieres,Senior Staff,1998-04-15,2002-07-19
495842,Dulce,Servieres,Staff,1992-04-15,1998-04-15
495871,Bartek,Kornatzky,Senior Engineer,1991-09-19,9999-01-01
495888,Nitsan,Marletta,Senior Staff,2000-06-24,9999-01-01
495888,Nitsan,Marletta,Staff,1995-06-25,2000-06-24
495927,Sakthirel,Conia,Assistant Engineer,1995-01-23,2001-01-22
495927,Sakthirel,Conia,Engineer,2001-01-22,9999-01-01
495940,Kazunori,Belinskaya,Engineer,1987-03-13,1995-03-13
495940,Kazunori,Belinskaya,Senior Engineer,1995-03-13,9999-01-01
495977,Jouni,Serna,Senior Engineer,1999-03-28,9999-01-01
495980,Tremaine,Demizu,Engineer,1996-08-23,2001-08-23
495980,Tremaine,Demizu,Senior Engineer,2001-08-23,9999-01-01
495988,Trygve,Argence,Engineer,1998-05-13,9999-01-01
496000,Changho,Kusakari,Engineer,1993-01-23,1998-01-23
496000,Changho,Kusakari,Senior Engineer,1998-01-23,9999-01-01
496003,Arumugam,Baba,Senior Staff,1998-09-20,9999-01-01
496003,Arumugam,Baba,Staff,1992-09-20,1998-09-20
496016,Gay,Peck,Staff,1998-08-31,9999-01-01
496034,Jackson,Tibblin,Senior Engineer,1994-08-30,9999-01-01
496059,Jolita,Shokrollahi,Engineer,1993-08-09,1994-01-21
496083,Marit,Erni,Senior Staff,1985-10-07,9999-01-01
496095,Guther,Guardalben,Engineer,1985-06-02,1991-06-02
496095,Guther,Guardalben,Senior Engineer,1991-06-02,9999-01-01
496101,Kwun,Nivat,Assistant Engineer,1990-05-02,1999-05-02
496101,Kwun,Nivat,Engineer,1999-05-02,9999-01-01
496103,Mohammed,Sidhu,Engineer,1996-06-08,9999-01-01
496104,Avishai,Kobara,Staff,1999-01-18,2000-08-14
496116,Bader,Serna,Senior Staff,1996-05-10,9999-01-01
496116,Bader,Serna,Staff,1989-05-10,1996-05-10
496123,Mohua,Klerer,Staff,1999-10-25,9999-01-01
496126,Tsuneo,Broomell,Staff,1994-10-31,1997-10-11
496145,Jouko,Carrere,Senior Staff,2000-01-16,9999-01-01
496146,Sergi,Maliniak,Staff,1999-10-02,2000-04-23
496148,Jiong,Thiran,Senior Staff,1999-11-20,9999-01-01
496148,Jiong,Thiran,Staff,1992-11-19,1999-11-20
496165,Muneo,Angelopoulos,Engineer,1993-12-07,2001-12-07
496165,Muneo,Angelopoulos,Senior Engineer,2001-12-07,9999-01-01
496173,Makato,Auria,Senior Staff,1998-07-11,9999-01-01
496173,Makato,Auria,Staff,1989-07-11,1998-07-11
496187,Randi,Berstel,Senior Staff,1996-05-17,9999-01-01
496187,Randi,Berstel,Staff,1990-05-18,1996-05-17
496191,Sariel,Staelin,Staff,1999-03-16,9999-01-01
496229,Hilari,Picci,Engineer,1991-11-29,1998-11-29
496229,Hilari,Picci,Senior Engineer,1998-11-29,9999-01-01
496249,Adas,Dehkordi,Staff,1997-01-09,9999-01-01
496263,Aluzio,Steinauer,Engineer,1989-04-22,1996-04-22
496263,Aluzio,Steinauer,Senior Engineer,1996-04-22,9999-01-01
496299,Richard,Luft,Senior Staff,1993-07-23,9999-01-01
496299,Richard,Luft,Staff,1986-07-23,1993-07-23
496305,Naftali,Glinert,Engineer,1997-10-29,9999-01-01
496330,Selwyn,Boguraev,Staff,1998-04-08,9999-01-01
496348,Martial,Nourani,Engineer,1991-09-15,1992-04-03
496359,Anneli,Garnham,Engineer,1987-07-06,1995-07-06
496359,Anneli,Garnham,Senior Engineer,1995-07-06,9999-01-01
496383,Arvin,Krogh,Senior Staff,1992-11-06,9999-01-01
496383,Arvin,Krogh,Staff,1985-11-06,1992-11-06
496387,Moty,Munch,Engineer,1990-04-09,1999-04-09
496387,Moty,Munch,Senior Engineer,1999-04-09,9999-01-01
496397,Chinya,Lueh,Senior Engineer,1991-07-14,9999-01-01
496412,Bangqing,Bach,Senior Staff,2000-11-14,9999-01-01
496412,Bangqing,Bach,Staff,1995-11-15,2000-11-14
496422,Conrado,Maksimenko,Technique Leader,1991-01-14,9999-01-01
496433,Rosalyn,Suomi,Senior Engineer,1986-11-17,1997-12-03
496463,Zhonghua,Mayerwieser,Assistant Engineer,1991-01-14,1997-01-13
496463,Zhonghua,Mayerwieser,Engineer,1997-01-13,9999-01-01
496476,Makato,Clouatre,Senior Staff,1993-11-23,9999-01-01
496476,Makato,Clouatre,Staff,1985-11-23,1993-11-23
496503,Elvis,Verhoeff,Senior Staff,2000-04-08,9999-01-01
496503,Elvis,Verhoeff,Staff,1991-04-09,2000-04-08
496505,Doohun,Swift,Engineer,1989-07-07,1989-12-14
496519,Nakhoon,Ozeki,Engineer,1993-04-03,1999-06-19
496526,Mizuhito,Thorelli,Senior Staff,1999-12-25,9999-01-01
496526,Mizuhito,Thorelli,Staff,1990-12-25,1999-12-25
496528,Lobel,Brendel,Engineer,1987-01-28,1994-01-28
496528,Lobel,Brendel,Senior Engineer,1994-01-28,1996-04-04
496545,Hyuncheol,Rabehasaina,Senior Staff,1994-09-21,9999-01-01
496545,Hyuncheol,Rabehasaina,Staff,1988-09-21,1994-09-21
496552,Marin,Castellani,Engineer,1995-07-19,9999-01-01
496557,Vesna,Peck,Engineer,1992-05-27,2000-05-27
496557,Vesna,Peck,Senior Engineer,2000-05-27,9999-01-01
496560,Yucel,Pileggi,Senior Staff,1993-04-26,9999-01-01
496585,Mart,Beutelspacher,Staff,1993-09-15,1999-04-06
496592,Fai,Heijenga,Engineer,1998-07-02,9999-01-01
496604,Felicidad,Staylopatis,Engineer,1985-12-16,1994-12-16
496604,Felicidad,Staylopatis,Senior Engineer,1994-12-16,9999-01-01
496633,Moty,Champarnaud,Technique Leader,1992-01-03,1994-11-20
496657,Hideyuki,Ladret,Engineer,1988-09-20,1997-09-20
496657,Hideyuki,Ladret,Senior Engineer,1997-09-20,9999-01-01
496659,Salvador,Wrigley,Technique Leader,1993-11-01,9999-01-01
496679,Kasturi,Brickell,Senior Engineer,1986-09-23,1992-06-10
496687,Sanjiv,Motley,Staff,1999-02-13,9999-01-01
496699,Lillian,Kading,Engineer,1993-04-30,1999-04-30
496699,Lillian,Kading,Senior Engineer,1999-04-30,9999-01-01
496708,Venkatesan,Erdmenger,Assistant Engineer,1997-11-19,9999-01-01
496738,Nechama,Vidal,Assistant Engineer,1988-12-06,1996-12-06
496738,Nechama,Vidal,Engineer,1996-12-06,1997-09-01
496747,Garnik,Nishimukai,Senior Staff,1997-01-15,9999-01-01
496758,Gregory,Murthy,Senior Staff,1993-05-30,9999-01-01
496760,Nathan,Improta,Senior Engineer,1990-12-17,1994-12-07
496762,Sreekrishna,Merle,Senior Staff,2000-10-13,9999-01-01
496762,Sreekrishna,Merle,Staff,1995-10-14,2000-10-13
496771,Zdislav,Zschoche,Engineer,1997-05-06,9999-01-01
496775,Mohammed,Zschoche,Assistant Engineer,1993-07-31,2001-07-31
496775,Mohammed,Zschoche,Engineer,2001-07-31,9999-01-01
496801,Oscal,Suri,Engineer,1987-08-02,1996-08-01
496801,Oscal,Suri,Senior Engineer,1996-08-01,9999-01-01
496811,Feipei,Msuda,Senior Staff,2001-12-09,9999-01-01
496811,Feipei,Msuda,Staff,1993-12-09,2001-12-09
496817,Arnd,Serov,Senior Staff,2001-01-07,9999-01-01
496817,Arnd,Serov,Staff,1994-01-07,2001-01-07
496856,Marke,Rosaz,Senior Staff,1993-06-07,1993-11-16
496887,Oddvar,Bellone,Staff,1996-10-24,2001-11-13
496913,Mona,Winter,Senior Staff,2000-09-24,9999-01-01
496913,Mona,Winter,Staff,1995-09-25,2000-09-24
496921,Gil,Bisiani,Engineer,1990-07-03,1997-07-03
496921,Gil,Bisiani,Senior Engineer,1997-07-03,9999-01-01
496946,Zhiguo,Thiran,Senior Engineer,1987-10-10,9999-01-01
496951,George,Merkl,Engineer,1991-01-08,1999-01-08
496951,George,Merkl,Senior Engineer,1999-01-08,9999-01-01
496954,Cedric,Kriebel,Engineer,1997-07-21,2002-07-21
496954,Cedric,Kriebel,Senior Engineer,2002-07-21,9999-01-01
496956,Salvador,Horswill,Engineer,1993-12-07,2000-12-07
496956,Salvador,Horswill,Senior Engineer,2000-12-07,9999-01-01
496965,Jeong,Anandan,Technique Leader,1998-10-28,9999-01-01
496968,Hugh,Narlikar,Senior Staff,1997-02-08,9999-01-01
496968,Hugh,Narlikar,Staff,1992-02-09,1997-02-08
496995,Garnet,Rehfuss,Senior Staff,1994-08-29,9999-01-01
496995,Garnet,Rehfuss,Staff,1989-08-29,1994-08-29
497045,Jeong,Matzov,Senior Staff,1990-02-21,1996-03-09
497067,Florina,Tokunaga,Engineer,1998-09-11,9999-01-01
497076,Shahar,Mellouli,Staff,1996-02-06,9999-01-01
497080,Seshu,Stasinski,Senior Staff,1998-06-11,9999-01-01
497082,Tetsushi,Atchley,Senior Engineer,1993-09-25,9999-01-01
497112,Beshir,Niizuma,Engineer,1997-01-23,2002-01-23
497112,Beshir,Niizuma,Senior Engineer,2002-01-23,9999-01-01
497138,Subhrajyoti,Perly,Engineer,1997-02-24,2002-02-24
497138,Subhrajyoti,Perly,Senior Engineer,2002-02-24,9999-01-01
497186,Jaana,Sigstam,Senior Engineer,1985-09-22,9999-01-01
497192,Conal,Zyda,Engineer,1992-06-12,2000-06-12
497192,Conal,Zyda,Senior Engineer,2000-06-12,9999-01-01
497195,Rildo,Pepe,Staff,1993-10-02,9999-01-01
497221,Nobuyoshi,Barvinok,Technique Leader,1992-06-29,9999-01-01
497224,Sivanarayana,Auria,Engineer,1997-07-22,9999-01-01
497225,Tristan,Hoogerwoord,Senior Staff,1993-02-07,9999-01-01
497225,Tristan,Hoogerwoord,Staff,1988-02-08,1993-02-07
497263,Yucel,Ouhyoung,Senior Staff,2000-01-22,9999-01-01
497263,Yucel,Ouhyoung,Staff,1991-01-22,2000-01-22
497265,Marl,Zirintsis,Engineer,1999-01-30,1999-10-04
497267,Gilbert,Alpin,Senior Engineer,1994-11-10,9999-01-01
497268,Xiong,Roccetti,Assistant Engineer,1989-11-07,1998-11-07
497268,Xiong,Roccetti,Engineer,1998-11-07,9999-01-01
497270,Wonhee,Birke,Engineer,1986-12-08,1991-12-08
497270,Wonhee,Birke,Senior Engineer,1991-12-08,9999-01-01
497290,Narain,Wursthorn,Assistant Engineer,1996-03-12,2002-03-12
497290,Narain,Wursthorn,Engineer,2002-03-12,9999-01-01
497293,Idoia,Wynblatt,Senior Staff,1994-05-31,9999-01-01
497293,Idoia,Wynblatt,Staff,1985-05-31,1994-05-31
497325,Basem,Stiles,Technique Leader,1987-09-12,9999-01-01
497354,Owen,Vilarrasa,Senior Staff,1995-09-21,9999-01-01
497354,Owen,Vilarrasa,Staff,1990-09-21,1995-09-21
497355,Bartek,Rebaine,Assistant Engineer,1991-09-01,2000-08-31
497355,Bartek,Rebaine,Engineer,2000-08-31,9999-01-01
497362,Rosella,Benner,Senior Staff,1989-07-16,9999-01-01
497371,Irene,Improta,Senior Staff,1995-08-29,9999-01-01
497371,Irene,Improta,Staff,1986-08-29,1995-08-29
497372,Narain,Vickson,Senior Staff,2000-05-02,9999-01-01
497372,Narain,Vickson,Staff,1995-05-03,2000-05-02
497380,Manohar,Benaini,Engineer,1993-08-28,2001-08-28
497380,Manohar,Benaini,Senior Engineer,2001-08-28,9999-01-01
497382,Willard,Bala,Engineer,1992-11-07,2000-11-07
497382,Willard,Bala,Senior Engineer,2000-11-07,9999-01-01
497394,Kshitij,McFarlan,Senior Staff,1988-06-20,1991-04-10
497402,Bluma,Riefers,Engineer,1999-12-07,9999-01-01
497403,Kokou,Narahara,Senior Staff,1991-11-16,9999-01-01
497403,Kokou,Narahara,Staff,1986-11-16,1991-11-16
497420,Kyoichi,Candan,Senior Staff,2001-05-06,9999-01-01
497420,Kyoichi,Candan,Staff,1994-05-06,2001-05-06
497440,Neven,Maksimenko,Engineer,1990-10-16,1996-10-15
497440,Neven,Maksimenko,Senior Engineer,1996-10-15,9999-01-01
497450,Caolyn,Brlek,Senior Staff,2001-04-30,9999-01-01
497450,Caolyn,Brlek,Staff,1993-04-30,2001-04-30
497451,Trygve,Poupard,Engineer,1994-05-31,1995-06-05
497521,Weiru,Thorelli,Engineer,1998-12-01,9999-01-01
497531,Danny,Beidas,Senior Staff,1986-05-01,9999-01-01
497548,Hideyuki,Piancastelli,Engineer,1992-09-30,2001-09-30
497548,Hideyuki,Piancastelli,Senior Engineer,2001-09-30,9999-01-01
497570,Youssef,Kaiserswerth,Senior Staff,1995-07-30,1998-12-11
497570,Youssef,Kaiserswerth,Staff,1989-07-30,1995-07-30
497594,Goh,Coney,Senior Staff,2000-09-19,9999-01-01
497594,Goh,Coney,Staff,1995-09-20,2000-09-19
497599,Yinghua,Melter,Engineer,1994-03-03,2000-03-02
497599,Yinghua,Melter,Senior Engineer,2000-03-02,9999-01-01
497601,Tru,Fiebach,Engineer,1995-07-07,2001-07-06
497601,Tru,Fiebach,Senior Engineer,2001-07-06,9999-01-01
497607,Moto,Fadgyas,Engineer,1993-08-26,9999-01-01
497609,Georgi,Rosiles,Staff,1986-02-24,1992-02-01
497619,Mara,Buchter,Staff,1993-09-16,9999-01-01
497632,Kristine,Murillo,Staff,1998-09-28,2002-01-26
497676,Rance,Rettelbach,Senior Staff,1999-03-26,9999-01-01
497676,Rance,Rettelbach,Staff,1990-03-26,1999-03-26
497688,Luisa,Heijenga,Engineer,1992-06-09,1994-12-18
497690,Valdiodio,Ritzmann,Engineer,1987-01-29,1996-01-29
497690,Valdiodio,Ritzmann,Senior Engineer,1996-01-29,9999-01-01
497694,Gad,Vendrig,Senior Staff,1999-10-25,9999-01-01
497694,Gad,Vendrig,Staff,1994-10-25,1999-10-25
497710,Gao,Edelhoff,Engineer,1996-03-08,9999-01-01
497722,Oksana,Aseltine,Staff,1990-07-30,1995-05-29
497732,Ibibia,Hmelo,Engineer,1998-01-24,9999-01-01
497755,Goetz,Bottner,Engineer,1987-03-29,1993-03-28
497755,Goetz,Bottner,Senior Engineer,1993-03-28,9999-01-01
497767,Danil,Desikan,Senior Engineer,1992-05-18,9999-01-01
497780,Josyula,Orsini,Senior Staff,1996-08-26,9999-01-01
497780,Josyula,Orsini,Staff,1988-08-26,1996-08-26
497798,Renny,Rissland,Staff,1986-03-10,1987-02-14
497799,Uriel,Standera,Senior Staff,2001-07-01,9999-01-01
497799,Uriel,Standera,Staff,1994-07-01,2001-07-01
497803,Rafael,Merkl,Staff,1997-04-21,1998-06-09
497808,Shaz,Shiratori,Engineer,1985-06-13,1989-11-19
497809,Vishv,Krychniak,Assistant Engineer,1991-12-27,1998-12-27
497809,Vishv,Krychniak,Engineer,1998-12-27,9999-01-01
497815,Gal,Kulisch,Senior Staff,1996-09-08,9999-01-01
497815,Gal,Kulisch,Staff,1988-09-08,1996-09-08
497823,Felicidad,Koyama,Staff,1998-02-04,9999-01-01
497833,Yagil,Garnick,Engineer,1994-11-17,1999-03-28
497855,Honglan,Gips,Senior Staff,1987-01-24,1991-02-17
497874,Lubomir,Etalle,Senior Staff,1994-03-05,9999-01-01
497874,Lubomir,Etalle,Staff,1988-03-05,1994-03-05
497880,Beshir,Hainaut,Senior Staff,1994-04-09,9999-01-01
497880,Beshir,Hainaut,Staff,1987-04-09,1994-04-09
497886,Angus,Karunanithi,Staff,1991-07-11,1993-03-23
497914,Elvia,Kambil,Engineer,1990-04-05,1998-04-04
497914,Elvia,Kambil,Senior Engineer,1998-04-04,9999-01-01
497934,Weiru,Shrader,Senior Staff,2002-07-12,9999-01-01
497934,Weiru,Shrader,Staff,1996-07-12,2002-07-12
497962,Uwe,Pell,Technique Leader,1988-08-24,9999-01-01
498025,Amabile,Spell,Assistant Engineer,1994-06-04,1994-08-30
498027,Manton,Magliocco,Staff,1995-04-13,9999-01-01
498047,Jaques,Pauthner,Engineer,1997-10-28,2001-02-03
498048,Subhankar,Stenning,Senior Staff,1995-10-29,9999-01-01
498048,Subhankar,Stenning,Staff,1988-10-29,1995-10-29
498070,Kasidit,Herbst,Senior Engineer,1989-09-14,1995-10-07
498087,Masaki,Sewelson,Senior Staff,1993-05-18,9999-01-01
498087,Masaki,Sewelson,Staff,1986-05-18,1993-05-18
498099,Mitchel,Magalhaes,Senior Staff,1997-06-06,9999-01-01
498099,Mitchel,Magalhaes,Staff,1990-06-06,1997-06-06
498102,Ranan,Nations,Engineer,1997-08-24,9999-01-01
498105,Otilia,Rebaine,Senior Staff,1996-10-17,9999-01-01
498105,Otilia,Rebaine,Staff,1990-10-18,1996-10-17
498112,Xiaoshan,Harnett,Engineer,1989-05-26,1994-05-26
498112,Xiaoshan,Harnett,Senior Engineer,1994-05-26,9999-01-01
498128,Junichi,Flexer,Staff,1997-12-09,9999-01-01
498130,Hatem,Hopewell,Engineer,1991-05-15,2000-05-14
498130,Hatem,Hopewell,Senior Engineer,2000-05-14,9999-01-01
498133,Gift,Ruemmler,Technique Leader,1994-05-05,1996-11-22
498144,Achilleas,Zobel,Engineer,1999-09-18,2001-10-22
498148,Lillian,Kroft,Senior Staff,2001-07-12,9999-01-01
498148,Lillian,Kroft,Staff,1994-07-12,2001-07-12
498184,Tse,Nannarelli,Senior Staff,1993-09-20,9999-01-01
498184,Tse,Nannarelli,Staff,1988-09-20,1993-09-20
498191,Murthy,Cunliffe,Senior Staff,1987-01-16,9999-01-01
498192,Fan,Schaad,Assistant Engineer,1991-05-03,2000-05-02
498192,Fan,Schaad,Engineer,2000-05-02,9999-01-01
498228,Thanasis,Eiron,Engineer,1988-12-31,1994-12-31
498228,Thanasis,Eiron,Senior Engineer,1994-12-31,9999-01-01
498234,Chaitali,Tibblin,Engineer,1990-02-23,1995-02-23
498234,Chaitali,Tibblin,Senior Engineer,1995-02-23,9999-01-01
498241,Gen,Parveen,Technique Leader,1990-06-15,9999-01-01
498244,Chenxi,Marakhovsky,Staff,1994-09-14,9999-01-01
498245,Navin,Ravishankar,Engineer,1998-02-21,9999-01-01
498317,Shrikanth,Falco,Senior Staff,1999-05-18,9999-01-01
498317,Shrikanth,Falco,Staff,1993-05-18,1999-05-18
498321,Aruna,Kavvadias,Engineer,1987-09-25,1993-09-24
498321,Aruna,Kavvadias,Senior Engineer,1993-09-24,9999-01-01
498327,Tomoyuki,Yeung,Senior Staff,1996-04-05,1996-07-09
498334,Joydip,Barriga,Engineer,1997-12-06,9999-01-01
498342,Sasan,Yoshizawa,Senior Engineer,1998-07-26,9999-01-01
498343,Kwangho,Fetvedt,Staff,1998-06-10,9999-01-01
498344,Filipe,Servi,Engineer,1999-09-09,9999-01-01
498349,Shuji,Farrar,Senior Engineer,2000-01-12,9999-01-01
498363,Goa,Beilner,Senior Staff,1996-08-18,9999-01-01
498363,Goa,Beilner,Staff,1987-08-19,1996-08-18
498373,Christoph,Rodite,Staff,1986-11-26,1993-09-26
498380,Nidapan,Ratnaker,Senior Staff,1990-07-18,9999-01-01
498381,Constantino,Lichtman,Staff,1997-12-24,9999-01-01
498386,Tsuneo,Speek,Technique Leader,1986-02-23,9999-01-01
498393,Hatim,Lund,Staff,1996-12-09,9999-01-01
498401,Arup,Suessmith,Senior Engineer,1985-08-16,9999-01-01
498442,Gregory,Nilsson,Senior Staff,1996-02-20,9999-01-01
498442,Gregory,Nilsson,Staff,1991-02-20,1996-02-20
498449,Mori,Asser,Senior Staff,1991-08-16,9999-01-01
498449,Mori,Asser,Staff,1985-08-16,1991-08-16
498476,Ipke,Birta,Senior Engineer,1986-12-06,9999-01-01
498495,Hitomi,Kaminger,Senior Engineer,1991-05-09,1997-05-12
498510,Shih,Litvinov,Senior Staff,1999-11-16,9999-01-01
498510,Shih,Litvinov,Staff,1991-11-16,1999-11-16
498530,Turgut,Harnett,Senior Staff,1998-06-30,9999-01-01
498530,Turgut,Harnett,Staff,1992-06-30,1998-06-30
498533,Kazuhiro,Makrucki,Senior Staff,1992-04-28,9999-01-01
498533,Kazuhiro,Makrucki,Staff,1987-04-29,1992-04-28
498547,Subbu,Jeong,Senior Engineer,1999-01-23,9999-01-01
498566,Vojin,Ferretti,Senior Staff,1993-01-15,9999-01-01
498577,Yannis,Rosen,Senior Engineer,1993-04-28,9999-01-01
498590,Haldun,Melski,Senior Staff,1995-05-31,9999-01-01
498590,Haldun,Melski,Staff,1989-05-31,1995-05-31
498606,Torsten,Suessmith,Senior Staff,1990-02-17,9999-01-01
498625,Pranas,Piancastelli,Engineer,1996-05-28,9999-01-01
498644,Yunming,McDermid,Engineer,1987-01-25,1993-01-24
498644,Yunming,McDermid,Senior Engineer,1993-01-24,9999-01-01
498662,Ayakannu,Pell,Senior Engineer,1998-12-07,9999-01-01
498678,Janalee,Kalefeld,Senior Staff,1991-01-11,1998-09-17
498695,Ronnie,Chorvat,Engineer,1996-12-26,9999-01-01
498700,Souichi,Emmart,Senior Engineer,1988-07-02,9999-01-01
498711,Abdelkader,Francisci,Senior Engineer,1992-04-17,1993-12-23
498716,Owen,Milicia,Engineer,1998-12-24,9999-01-01
498741,Hercules,Demri,Engineer,1985-12-21,1994-12-21
498741,Hercules,Demri,Senior Engineer,1994-12-21,9999-01-01
498746,Heeju,Leppanen,Senior Staff,1985-06-04,1996-06-11
498750,Shaunak,Kavraki,Engineer,1991-02-07,1996-02-07
498750,Shaunak,Kavraki,Senior Engineer,1996-02-07,9999-01-01
498776,Olivera,Swist,Engineer,1993-04-11,2000-04-11
498776,Olivera,Swist,Senior Engineer,2000-04-11,2001-11-15
498811,Wonhee,Nilsson,Senior Engineer,1989-04-02,1993-04-04
498839,Susanna,Heijenga,Engineer,1985-10-29,1992-10-29
498839,Susanna,Heijenga,Senior Engineer,1992-10-29,9999-01-01
498841,Dhritiman,Akaboshi,Senior Staff,1990-10-24,9999-01-01
498861,Sanjiv,Luga,Engineer,1993-01-10,2000-01-11
498861,Sanjiv,Luga,Senior Engineer,2000-01-11,9999-01-01
498868,Yonghoan,Merli,Senior Staff,1997-05-20,1998-02-09
498868,Yonghoan,Merli,Staff,1988-05-20,1997-05-20
498915,Wonhee,Diderrich,Staff,1992-07-07,1993-02-13
498920,Fay,Murtafg,Engineer,1998-05-27,9999-01-01
498927,Arno,Tsunoo,Senior Staff,1989-11-27,1997-03-26
498928,Shigeu,Waterhouse,Engineer,1987-03-29,1996-03-28
498928,Shigeu,Waterhouse,Senior Engineer,1996-03-28,9999-01-01
498944,Indrajit,Codenie,Engineer,1998-02-15,9999-01-01
498973,Kitty,Furedi,Staff,1999-09-02,9999-01-01
498995,Kiyotoshi,Encarnacion,Engineer,1992-11-14,1999-11-15
498995,Kiyotoshi,Encarnacion,Senior Engineer,1999-11-15,9999-01-01
498999,Kenroku,Hainaut,Engineer,1985-06-25,1993-06-25
498999,Kenroku,Hainaut,Senior Engineer,1993-06-25,9999-01-01
499008,Christoper,Vesel,Engineer,1997-11-09,9999-01-01
499018,Hisao,Valiente,Senior Staff,2001-08-28,9999-01-01
499018,Hisao,Valiente,Staff,1994-08-28,2001-08-28
499029,Mariusz,Setlzner,Technique Leader,1988-11-17,1998-12-27
499033,Ingemar,Birnbaum,Engineer,1987-09-09,1987-10-12
499037,Adin,Bauknecht,Engineer,1988-04-18,1993-04-18
499037,Adin,Bauknecht,Senior Engineer,1993-04-18,9999-01-01
499044,Maris,Lienhardt,Engineer,1992-10-27,2000-10-27
499044,Maris,Lienhardt,Senior Engineer,2000-10-27,9999-01-01
499051,Luerbio,Shimshoni,Engineer,1987-01-08,1995-01-08
499051,Luerbio,Shimshoni,Senior Engineer,1995-01-08,9999-01-01
499084,Irene,Rothe,Engineer,1998-12-14,9999-01-01
499095,Sachar,Kornyak,Staff,1998-06-22,9999-01-01
499106,Shuichi,Fioravanti,Engineer,1989-09-17,1995-09-17
499106,Shuichi,Fioravanti,Senior Engineer,1995-09-17,9999-01-01
499112,Niclas,Vidal,Staff,1998-07-10,2000-12-14
499120,Anneli,Fiutem,Senior Staff,1993-07-14,9999-01-01
499142,Christoph,Bhattacharjee,Engineer,1985-06-15,1993-06-15
499142,Christoph,Bhattacharjee,Senior Engineer,1993-06-15,9999-01-01
499143,Hongzue,Schade,Engineer,1988-01-13,1997-01-12
499143,Hongzue,Schade,Senior Engineer,1997-01-12,9999-01-01
499172,Brendon,Hofting,Senior Staff,1995-10-04,9999-01-01
499172,Brendon,Hofting,Staff,1989-10-04,1995-10-04
499179,Yuguang,Rousseau,Staff,1999-07-23,9999-01-01
499186,Goetz,Vakili,Senior Staff,1992-03-09,9999-01-01
499186,Goetz,Vakili,Staff,1986-03-10,1992-03-09
499219,Nigel,Geffroy,Staff,1997-12-20,9999-01-01
499221,Shuichi,Monkewich,Staff,1995-10-15,9999-01-01
499258,Suvo,Minakawa,Engineer,1990-11-11,1994-10-20
499261,Rosine,Trystram,Assistant Engineer,1990-07-17,1996-07-16
499261,Rosine,Trystram,Engineer,1996-07-16,2002-07-16
499261,Rosine,Trystram,Senior Engineer,2002-07-16,9999-01-01
499288,Atreye,Copas,Staff,1999-06-12,2000-05-29
499305,Tru,Aseltine,Senior Staff,1999-06-14,9999-01-01
499305,Tru,Aseltine,Staff,1994-06-14,1999-06-14
499311,Salvador,Peroz,Engineer,1994-04-05,2000-04-04
499311,Salvador,Peroz,Senior Engineer,2000-04-04,9999-01-01
499323,Mircea,Leslie,Engineer,1997-04-06,9999-01-01
499331,Petter,Kaminger,Staff,1997-10-09,9999-01-01
499333,Jianhua,Schreiter,Senior Staff,2001-04-06,2001-06-10
499333,Jianhua,Schreiter,Staff,1995-04-07,2001-04-06
499355,Adin,Eiron,Engineer,1996-08-03,9999-01-01
499358,Peer,Gist,Staff,1992-07-28,1994-02-12
499370,Leon,Showalter,Senior Staff,1993-05-21,9999-01-01
499370,Leon,Showalter,Staff,1985-05-21,1993-05-21
499375,Huiqun,Swan,Assistant Engineer,1988-09-18,1993-09-18
499375,Huiqun,Swan,Engineer,1993-09-18,1998-09-18
499375,Huiqun,Swan,Senior Engineer,1998-09-18,9999-01-01
499376,Quingbo,Heystek,Engineer,1997-10-14,9999-01-01
499377,Yucai,Brobst,Senior Staff,1996-11-15,9999-01-01
499377,Yucai,Brobst,Staff,1989-11-15,1996-11-15
499383,Munehiro,Brodie,Staff,1994-01-13,9999-01-01
499384,Vivian,Barbanera,Senior Staff,1999-11-19,9999-01-01
499384,Vivian,Barbanera,Staff,1990-11-19,1999-11-19
499399,Wanqing,Cromarty,Senior Engineer,1991-08-01,1995-11-08
499437,Behnaam,Luef,Assistant Engineer,1990-09-14,1998-09-14
499437,Behnaam,Luef,Engineer,1998-09-14,2002-06-22
499442,Mara,Garrabrants,Engineer,1986-07-24,1995-07-24
499442,Mara,Garrabrants,Senior Engineer,1995-07-24,9999-01-01
499455,Shahid,Perna,Staff,1997-10-06,2001-05-30
499459,Reuven,Avouris,Engineer,1997-11-01,9999-01-01
499461,Karoline,Dolinsky,Staff,1994-04-02,1996-03-14
499472,Kwee,Chenney,Engineer,1992-02-08,1997-02-07
499472,Kwee,Chenney,Senior Engineer,1997-02-07,9999-01-01
499478,Leandro,Toyoshima,Engineer,1999-06-14,1999-08-08
499482,Nectarios,Fujisaki,Staff,1998-07-04,9999-01-01
499489,Manu,Lienhardt,Senior Staff,1993-08-01,1994-12-24
499489,Manu,Lienhardt,Staff,1988-08-01,1993-08-01
499493,Jeong,Nourani,Engineer,1994-01-31,2002-01-31
499493,Jeong,Nourani,Senior Engineer,2002-01-31,9999-01-01
499497,Masato,Beausoleil,Engineer,1987-05-27,1992-05-26
499497,Masato,Beausoleil,Senior Engineer,1992-05-26,2001-12-18
499500,Manu,Streng,Senior Engineer,1995-02-11,2000-12-30
499504,Odinaldo,Perz,Senior Staff,1995-07-11,9999-01-01
499504,Odinaldo,Perz,Staff,1988-07-10,1995-07-11
499508,Jinxi,Constantine,Assistant Engineer,1997-12-10,9999-01-01
499537,Amalendu,Hebert,Senior Engineer,1988-10-18,9999-01-01
499551,Doohun,Parveen,Engineer,1995-04-29,2001-04-28
499551,Doohun,Parveen,Senior Engineer,2001-04-28,9999-01-01
499605,Babette,Cronau,Senior Engineer,1990-02-14,9999-01-01
499617,Uzi,Ferretti,Assistant Engineer,1985-06-15,1990-06-15
499617,Uzi,Ferretti,Engineer,1990-06-15,1995-06-15
499617,Uzi,Ferretti,Senior Engineer,1995-06-15,9999-01-01
499624,Zejun,Pelc,Engineer,1997-07-13,2002-01-08
499630,Xudong,Velardi,Assistant Engineer,1997-03-02,2000-10-28
499634,Zdislav,Ellozy,Senior Engineer,1997-06-18,9999-01-01
499658,Chinya,Luon,Staff,1995-01-16,1999-09-14
499662,Vatsa,Driscoll,Staff,1999-07-18,2000-11-10
499668,Kokou,Gewali,Assistant Engineer,1991-06-12,1999-06-12
499668,Kokou,Gewali,Engineer,1999-06-12,9999-01-01
499674,Phillip,Panienski,Senior Staff,2000-06-29,9999-01-01
499674,Phillip,Panienski,Staff,1995-06-30,2000-06-29
499676,Shirish,Stellhorn,Assistant Engineer,1995-01-02,9999-01-01
499703,Goa,Nitto,Senior Staff,1999-12-03,9999-01-01
499703,Goa,Nitto,Staff,1993-12-03,1999-12-03
499710,Szabolcs,Emden,Staff,1999-12-25,2000-09-10
499741,Heping,Heydon,Engineer,1997-10-01,9999-01-01
499755,Bingning,Wallrath,Engineer,1992-05-02,2001-05-02
499755,Bingning,Wallrath,Senior Engineer,2001-05-02,9999-01-01
499763,Uriel,Daescu,Senior Staff,1994-02-06,9999-01-01
499763,Uriel,Daescu,Staff,1985-02-06,1994-02-06
499768,Billie,Remmele,Staff,1999-06-05,9999-01-01
499769,Hidekazu,Merey,Engineer,1985-03-24,1990-03-24
499769,Hidekazu,Merey,Senior Engineer,1990-03-24,2000-02-06
499780,Bernice,Hebert,Technique Leader,1986-10-08,1992-09-09
499785,Lakshmi,Polajnar,Senior Staff,1997-12-09,9999-01-01
499793,Feipei,Setlzner,Engineer,1993-11-23,9999-01-01
499805,Mitchel,Rosti,Senior Staff,1997-10-01,9999-01-01
499805,Mitchel,Rosti,Staff,1992-10-01,1997-10-01
499807,Foong,Godskesen,Senior Staff,1996-09-26,9999-01-01
499807,Foong,Godskesen,Staff,1991-09-27,1996-09-26
499820,Akeel,Baez,Senior Staff,1993-10-26,9999-01-01
499820,Akeel,Baez,Staff,1987-10-27,1993-10-26
499822,Serif,Thebaut,Senior Engineer,1997-07-21,1998-03-22
499823,Changho,Noriega,Staff,1999-10-25,9999-01-01
499827,JiYoung,Ballarin,Senior Engineer,1996-03-18,2002-04-04
499834,Nathan,Chimia,Senior Staff,2002-05-12,9999-01-01
499834,Nathan,Chimia,Staff,1995-05-12,2002-05-12
499858,Zhilian,Iacovou,Technique Leader,1985-05-20,9999-01-01
499868,Shaz,Bierbaum,Staff,1996-10-03,9999-01-01
499877,Ymte,Duclos,Senior Engineer,1989-06-10,9999-01-01
499889,Charlene,Hasham,Engineer,1995-03-26,2001-03-25
499889,Charlene,Hasham,Senior Engineer,2001-03-25,9999-01-01
499891,Heekeun,Weedman,Senior Engineer,1999-01-07,9999-01-01
499900,Leon,Baba,Engineer,1998-02-14,9999-01-01
499912,Parke,Pell,Engineer,1993-10-23,1999-10-23
499912,Parke,Pell,Senior Engineer,1999-10-23,9999-01-01
499926,Youpyo,Perfilyeva,Senior Staff,1985-08-16,9999-01-01
499941,Udaiprakash,Hockney,Assistant Engineer,1994-02-04,9999-01-01
499943,Ziyad,Baaz,Engineer,1989-04-04,1997-04-03
499943,Ziyad,Baaz,Senior Engineer,1997-04-03,9999-01-01
499946,Barton,Soicher,Engineer,1993-12-10,2001-12-10
499946,Barton,Soicher,Senior Engineer,2001-12-10,9999-01-01
499957,Steen,Keohane,Staff,1987-02-25,1992-11-28
499959,Lillian,Setiz,Engineer,1991-11-08,1996-11-07
499959,Lillian,Setiz,Senior Engineer,1996-11-07,9999-01-01
499962,Yongqiao,Dalton,Engineer,1995-06-20,9999-01-01
499974,Shuichi,Piazza,Assistant Engineer,1996-12-11,9999-01-01
499977,Martial,Weisert,Staff,1999-12-28,9999-01-01
499998,Patricia,Breugel,Senior Staff,1998-12-27,9999-01-01
499998,Patricia,Breugel,Staff,1993-12-27,1998-12-27
